SPITFIRE Cl wrap 0 6.2832 18
      0.1745       0.7165
      0.2182       0.8732
      0.2618        0.985
      0.3054          0.8
      0.4363          0.7
      0.6109          0.7
      0.9599          0.6
      1.5708            0
      2.8798       0.7165
      3.4034      -0.7165
      4.7124            0
      5.3233         -0.6
      5.6723         -0.7
      5.8469         -0.7
      5.9778         -0.8
      6.0214       -0.985
       6.065      -0.8732
      6.1087      -0.7165
;

SPITFIRE Cd wrap 0 6.2832 19
      0.1745       0.0534
      0.2182       0.0712
      0.2618        0.093
      0.3054       0.3007
      0.6981       0.6428
      1.0472        0.866
      1.5708            1
      2.0944        0.866
      2.9671       0.1736
      3.1416          0.1
      3.3161       0.1736
      4.1888        0.866
      4.7124            1
       5.236        0.866
      5.5851       0.6428
      5.9778       0.3007
      6.0214        0.093
       6.065       0.0712
      6.1087       0.0534
;

SPITFIRE Cm wrap 0 6.2832 12
      0.1745            0
      0.2182        -0.01
      0.3054        -0.09
      0.3491         -0.1
      2.7925         -0.1
      2.9671            0
      3.3161            0
      3.4907          0.1
      5.9341          0.1
      5.9778         0.09
       6.065         0.01
      6.1087            0
;

SPITFIRE MCd0 wrap 0 6.2832 10
           0            1
        0.75            1
         0.8         1.06
           1            2
        1.05         2.18
         1.1         2.25
         1.4         1.68
         1.6         1.46
         1.8         1.31
           2         1.25
;

SPITFIRE MK wrap 0 6.2832 9
           0            1
         0.8            1
         0.9         1.04
           1         1.12
        1.25         1.56
         1.5         1.96
        1.65         2.13
         1.8         2.24
           2         2.32
;

SPITFIRE TailCl wrap 0 6.2832 14
      0.1745       0.5494
      0.2618       0.7494
      0.3491          0.8
      0.6109          0.7
      0.9599          0.6
      1.5708            0
      2.8798       0.5494
      3.4034      -0.5494
      4.7124            0
      5.3233         -0.6
      5.6723         -0.7
      5.9341         -0.8
      6.0214      -0.7494
      6.1087      -0.5494
;

SPITFIRE FinCl wrap 0 6.2832 14
      0.1745       0.3801
      0.2618       0.5551
      0.3491          0.7
      0.6109          0.7
      0.9599          0.6
      1.5708            0
      2.8798       0.3801
      3.4034      -0.3801
      4.7124            0
      5.3233         -0.6
      5.6723         -0.7
      5.9341         -0.7
      6.0214      -0.5551
      6.1087      -0.3801
;

SPITFIRE PowerAlt limit 0 20000 9
           0          0.9
        2000         0.96
        4000         0.99
        5000            1
        6000         0.97
        8000         0.73
       10000         0.41
       12000         0.09
       20000            0
;

HURRICANE Cl wrap 0 6.2832 18
      0.1745       0.7309
      0.2182       0.8811
      0.2618        0.966
      0.3054          0.8
      0.4363          0.7
      0.6109          0.7
      0.9599          0.6
      1.5708            0
      2.8798       0.7309
      3.4034      -0.7309
      4.7124            0
      5.3233         -0.6
      5.6723         -0.7
      5.8469         -0.7
      5.9778         -0.8
      6.0214       -0.966
       6.065      -0.8811
      6.1087      -0.7309
;

HURRICANE Cd wrap 0 6.2832 19
      0.1745       0.0601
      0.2182       0.0787
      0.2618       0.1013
      0.3054       0.3007
      0.6981       0.6428
      1.0472        0.866
      1.5708            1
      2.0944        0.866
      2.9671       0.1736
      3.1416          0.1
      3.3161       0.1736
      4.1888        0.866
      4.7124            1
       5.236        0.866
      5.5851       0.6428
      5.9778       0.3007
      6.0214       0.1013
       6.065       0.0787
      6.1087       0.0601
;

HURRICANE Cm wrap 0 6.2832 12
      0.1745            0
      0.2182        -0.01
      0.3054        -0.09
      0.3491         -0.1
      2.7925         -0.1
      2.9671            0
      3.3161            0
      3.4907          0.1
      5.9341          0.1
      5.9778         0.09
       6.065         0.01
      6.1087            0
;

HURRICANE MCd0 wrap 0 6.2832 10
           0            1
        0.75            1
         0.8         1.06
           1            2
        1.05         2.18
         1.1         2.25
         1.4         1.68
         1.6         1.46
         1.8         1.31
           2         1.25
;

HURRICANE MK wrap 0 6.2832 9
           0            1
         0.8            1
         0.9         1.04
           1         1.12
        1.25         1.56
         1.5         1.96
        1.65         2.13
         1.8         2.24
           2         2.32
;

HURRICANE TailCl wrap 0 6.2832 14
      0.1745       0.5494
      0.2618       0.7494
      0.3491          0.8
      0.6109          0.7
      0.9599          0.6
      1.5708            0
      2.8798       0.5494
      3.4034      -0.5494
      4.7124            0
      5.3233         -0.6
      5.6723         -0.7
      5.9341         -0.8
      6.0214      -0.7494
      6.1087      -0.5494
;

HURRICANE FinCl wrap 0 6.2832 14
      0.1745       0.3801
      0.2618       0.5551
      0.3491          0.7
      0.6109          0.7
      0.9599          0.6
      1.5708            0
      2.8798       0.3801
      3.4034      -0.3801
      4.7124            0
      5.3233         -0.6
      5.6723         -0.7
      5.9341         -0.7
      6.0214      -0.5551
      6.1087      -0.3801
;

Bf109 Cl wrap 0 6.2832 18
      0.1745       0.7395
      0.2182       0.8971
      0.2618            1
      0.3054          0.9
      0.4363          0.7
      0.6109          0.7
      0.9599          0.6
      1.5708            0
      2.8798       0.7395
      3.4034      -0.7395
      4.7124            0
      5.3233         -0.6
      5.6723         -0.7
      5.8469         -0.7
      5.9778         -0.9
      6.0214           -1
       6.065      -0.8971
      6.1087      -0.7395
;

Bf109 Cd wrap 0 6.2832 19
      0.1745       0.0679
      0.2182       0.0897
      0.2618       0.1162
      0.3054       0.3007
      0.6981       0.6428
      1.0472        0.866
      1.5708            1
      2.0944        0.866
      2.9671       0.1736
      3.1416          0.1
      3.3161       0.1736
      4.1888        0.866
      4.7124            1
       5.236        0.866
      5.5851       0.6428
      5.9778       0.3007
      6.0214       0.1162
       6.065       0.0897
      6.1087       0.0679
;

Bf109 Cm wrap 0 6.2832 12
      0.1745            0
      0.2182        -0.01
      0.3054        -0.09
      0.3491         -0.1
      2.7925         -0.1
      2.9671            0
      3.3161            0
      3.4907          0.1
      5.9341          0.1
      5.9778         0.09
       6.065         0.01
      6.1087            0
;

Bf109 TailCl wrap 0 6.2832 14
      0.1745       0.5494
      0.2618       0.7494
      0.3491          0.8
      0.6109          0.7
      0.9599          0.6
      1.5708            0
      2.8798       0.5494
      3.4034      -0.5494
      4.7124            0
      5.3233         -0.6
      5.6723         -0.7
      5.9341         -0.8
      6.0214      -0.7494
      6.1087      -0.5494
;

Bf109 FinCl wrap 0 6.2832 14
      0.1745       0.3801
      0.2618       0.5551
      0.3491          0.7
      0.6109          0.7
      0.9599          0.6
      1.5708            0
      2.8798       0.3801
      3.4034      -0.3801
      4.7124            0
      5.3233         -0.6
      5.6723         -0.7
      5.9341         -0.7
      6.0214      -0.5551
      6.1087      -0.3801
;

Bf109 PowerAlt limit 0 20000 7
           0         0.93
        3500            1
        4500            1
        7000          0.7
        9500         0.47
       12000         0.27
       20000            0
;

Bf110 Cl wrap 0 6.2832 18
      0.1745        0.766
      0.2182       0.9203
      0.2618            1
      0.3054          0.8
      0.4363          0.7
      0.6109          0.7
      0.9599          0.6
      1.5708            0
      2.8798        0.766
      3.4034       -0.766
      4.7124            0
      5.3233         -0.6
      5.6723         -0.7
      5.8469         -0.7
      5.9778         -0.8
      6.0214           -1
       6.065      -0.9203
      6.1087       -0.766
;

Bf110 Cd wrap 0 6.2832 19
      0.1745       0.0582
      0.2182       0.0786
      0.2618       0.1035
      0.3054       0.3007
      0.6981       0.6428
      1.0472        0.866
      1.5708            1
      2.0944        0.866
      2.9671       0.1736
      3.1416          0.1
      3.3161       0.1736
      4.1888        0.866
      4.7124            1
       5.236        0.866
      5.5851       0.6428
      5.9778       0.3007
      6.0214       0.1035
       6.065       0.0786
      6.1087       0.0582
;

Bf110 Cm wrap 0 6.2832 12
      0.1745            0
      0.2182        -0.01
      0.3054        -0.09
      0.3491         -0.1
      2.7925         -0.1
      2.9671            0
      3.3161            0
      3.4907          0.1
      5.9341          0.1
      5.9778         0.09
       6.065         0.01
      6.1087            0
;

Bf110 TailCl wrap 0 6.2832 14
      0.1745       0.6039
      0.2618       0.8289
      0.3491          0.9
      0.6109          0.7
      0.9599          0.6
      1.5708            0
      2.8798       0.6039
      3.4034      -0.6039
      4.7124            0
      5.3233         -0.6
      5.6723         -0.7
      5.9341         -0.9
      6.0214      -0.8289
      6.1087      -0.6039
;

Bf110 FinCl wrap 0 6.2832 14
      0.1745       0.3478
      0.2618       0.5228
      0.3491          0.7
      0.6109          0.7
      0.9599          0.6
      1.5708            0
      2.8798       0.3478
      3.4034      -0.3478
      4.7124            0
      5.3233         -0.6
      5.6723         -0.7
      5.9341         -0.7
      6.0214      -0.5228
      6.1087      -0.3478
;

JU87B Cl wrap 0 6.2832 18
      0.1745       0.7297
      0.2182       0.8885
      0.2618            1
      0.3054          0.8
      0.4363          0.7
      0.6109          0.7
      0.9599          0.6
      1.5708            0
      2.8798       0.7297
      3.4034      -0.7297
      4.7124            0
      5.3233         -0.6
      5.6723         -0.7
      5.8469         -0.7
      5.9778         -0.8
      6.0214           -1
       6.065      -0.8885
      6.1087      -0.7297
;

JU87B Cd wrap 0 6.2832 19
      0.1745       0.0582
      0.2182       0.0786
      0.2618       0.1035
      0.3054       0.3007
      0.6981       0.6428
      1.0472        0.866
      1.5708            1
      2.0944        0.866
      2.9671       0.1736
      3.1416          0.1
      3.3161       0.1736
      4.1888        0.866
      4.7124            1
       5.236        0.866
      5.5851       0.6428
      5.9778       0.3007
      6.0214       0.1035
       6.065       0.0786
      6.1087       0.0582
;

JU87B Cm wrap 0 6.2832 12
      0.1745            0
      0.2182        -0.01
      0.3054        -0.09
      0.3491         -0.1
      2.7925         -0.1
      2.9671            0
      3.3161            0
      3.4907          0.1
      5.9341          0.1
      5.9778         0.09
       6.065         0.01
      6.1087            0
;

JU87B TailCl wrap 0 6.2832 14
      0.1745       0.5494
      0.2618       0.7494
      0.3491          0.8
      0.6109          0.7
      0.9599          0.6
      1.5708            0
      2.8798       0.5494
      3.4034      -0.5494
      4.7124            0
      5.3233         -0.6
      5.6723         -0.7
      5.9341         -0.8
      6.0214      -0.7494
      6.1087      -0.5494
;

JU87B FinCl wrap 0 6.2832 14
      0.1745       0.3801
      0.2618       0.5551
      0.3491          0.7
      0.6109          0.7
      0.9599          0.6
      1.5708            0
      2.8798       0.3801
      3.4034      -0.3801
      4.7124            0
      5.3233         -0.6
      5.6723         -0.7
      5.9341         -0.7
      6.0214      -0.5551
      6.1087      -0.3801
;

JU87B PowerAlt limit 0 20000 6
           0         0.95
        1500            1
        2500         0.88
        4000         0.93
       11200            0
       20000            0
;

COMM WingCl wrap 0 6.2832 18
      0.2618       1.1883
      0.3491       1.4734
      0.3752       1.3261
        0.48         1.15
      0.6109        0.725
      0.9599        0.625
      1.5708            0
       2.618          0.5
      2.9234       0.9665
      3.3598      -0.9665
      3.6652         -0.5
      4.7124            0
      5.3233       -0.625
      5.6723       -0.725
      5.9341        -1.15
      5.9079      -1.3261
      5.9341      -1.4734
      6.0214      -1.1883
;

COMM Power0 limit 0 2 11
           0            0
         0.2        -0.02
         0.4       -0.041
         0.6      -0.0678
         0.8      -0.1128
           1         -0.2
         1.2      -0.3688
         1.4      -0.6778
         1.6      -1.2086
         1.8      -2.0696
           2         -3.4
;

COMM Power1 limit 0 2 13
           0            0
         0.4        0.439
         0.6       0.6522
         0.8       0.8472
           1            1
         1.1       1.0489
         1.2       1.0712
         1.3       1.0587
         1.4       1.0022
         1.5       0.8906
         1.6       0.7114
         1.8       0.0904
           2           -1
;

COMM TailCd wrap 0 6.2832 24
           0            0
      0.0436        0.003
      0.0873        0.012
      0.1309        0.026
      0.1745        0.046
      0.2182        0.072
      0.2618        0.104
      0.3491        0.342
      0.6981        0.643
      1.0472        0.866
      1.5708            1
      2.0944        0.866
      3.1416            0
      4.1888        0.866
      4.7124            1
       5.236        0.866
      5.5851        0.643
      5.9341        0.342
      6.0214        0.104
       6.065        0.072
      6.1087        0.046
      6.1523        0.026
      6.1959        0.012
      6.2396        0.003
;

