
#Biggin Hill
OBJECT_ADD 29391920,33392493,-135.000000,63 #Biggin Hill
OBJECT_ADD 29390908,33397426,-44.000000,62
OBJECT_ADD 29405424,33400150,45.000000,48
OBJECT_ADD 29403098,33400072,-22.000000,48
OBJECT_ADD 29401850,33363148,-45.000000,48
#OBJECT_ADD 29397766,33394886,90.000000,259
#OBJECT_ADD 29403813,33385732,0.000000,259
OBJECT_ADD 29403786,33391707,-225.000000,348
#OBJECT_ADD 29404088,33391499,-135.000000,259
OBJECT_ADD 29455798,33315414,0.000000,50
OBJECT_ADD 29445214,33312429,0.000000,39
OBJECT_ADD 29443170,33312113,0.000000,62
OBJECT_ADD 29434822,33309143,0.000000,63
OBJECT_ADD 29434868,33322454,0.000000,187
OBJECT_ADD 29458187,33406882,-135.000000,26
OBJECT_ADD 29435053,33428113,0.000000,62
OBJECT_ADD 29438338,33429251,0.000000,63
OBJECT_ADD 29443167,33302771,90.000000,92
OBJECT_ADD 29444228,33298777,90.000000,92
OBJECT_ADD 29406199,33407532,0.000000,63
OBJECT_ADD 29408700,33405467,0.000000,62
OBJECT_ADD 29407502,33425757,0.000000,62
OBJECT_ADD 29398206,33389144,-145.000000,350
OBJECT_ADD 29397356,33388516,0.000000,347
OBJECT_ADD 29460599,33275825,0.000000,93
OBJECT_ADD 29459232,33277174,45.000000,349
OBJECT_ADD 29460556,33277370,-180.000000,350
OBJECT_ADD 29434334,33323720,-220.000000,348 
OBJECT_ADD 29457266,33314354,-121.000000,350 
OBJECT_ADD 29457537,33313938,-121.000000,350 
OBJECT_ADD 29457801,33313526,-121.000000,350 
OBJECT_ADD 29461056,33277311,0.000000,26 
OBJECT_ADD 29477162,33276101,-11.000000,141 
OBJECT_ADD 29475392,33273582,-103.000000,141 
OBJECT_ADD 29471822,33272708,-104.000000,141 
OBJECT_ADD 29411543,33304742,0.000000,62 
OBJECT_ADD 29410232,33296271,0.000000,63 
OBJECT_ADD 29411467,33300680,-90.000000,63 
OBJECT_ADD 29412844,33293619,7.000000,57 
OBJECT_ADD 29413080,33295869,-171.000000,55 
OBJECT_ADD 29345742,33387326,86.000000,57 
OBJECT_ADD 29351428,33387532,-175.000000,59 
OBJECT_ADD 29245660,33356894,-220.000000,62 
OBJECT_ADD 29465442,33254928,0.000000,63 
OBJECT_ADD 29481572,33212196,0.000000,62 
OBJECT_ADD 29463123,33176939,-484.000000,57 
OBJECT_ADD 29469946,33167008,0.000000,62 
OBJECT_ADD 29341666,32994778,-33.000000,57 
OBJECT_ADD 29337811,32996037,44.000000,62 
OBJECT_ADD 29352710,33009910,77.000000,63 
OBJECT_ADD 29172634,32944273,-194.000000,57 
OBJECT_ADD 29176481,32942879,-90.000000,62 
OBJECT_ADD 29179454,32938682,0.000000,62 
OBJECT_ADD 29203388,32886471,-77.000000,62 
OBJECT_ADD 29253552,32695993,-22.000000,62 
OBJECT_ADD 29253178,32694244,44.000000,59 
OBJECT_ADD 29221687,32706467,-136.000000,57 
OBJECT_ADD 29221940,32704707,99.000000,62   #Biggin Hill
OBJECT_ADD 29454354,33308908,-30.000000,16
OBJECT_ADD 29466497,33281935,-58.000000,16 
OBJECT_ADD 29464638,33279022,-56.000000,16 
OBJECT_ADD 29464694,33282046,62.000000,16 
OBJECT_ADD 29460178,33280514,-8.000000,16 
OBJECT_ADD 29461559,33271988,-26.000000,16 
OBJECT_ADD 29459885,33288087,-36.000000,16 
OBJECT_ADD 29463525,33292903,20.000000,16 
OBJECT_ADD 29465511,33282275,0.000000,62 
OBJECT_ADD 29464209,33279255,-12.000000,63 
OBJECT_ADD 29448594,33289723,50.000000,63 
OBJECT_ADD 29461408,33271432,2.000000,62 
OBJECT_ADD 29458015,33281261,112.000000,62 
OBJECT_ADD 29448595,33310101,-30.000000,16 
OBJECT_ADD 29444542,33307767,-30.000000,16 
OBJECT_ADD 29451318,33309335,14.000000,16 
OBJECT_ADD 29453784,33303413,-28.000000,16 
OBJECT_ADD 29451586,33307557,-28.000000,16 
OBJECT_ADD 29455861,33299518,-28.000000,16 
OBJECT_ADD 29449321,33307394,20.000000,16 
OBJECT_ADD 29453613,33293492,-28.000000,16 
OBJECT_ADD 29449820,33291390,-30.000000,16 
OBJECT_ADD 29447431,33295475,-30.000000,16 
OBJECT_ADD 29456033,33297136,-70.000000,16 
OBJECT_ADD 29455511,33295617,20.000000,16 
OBJECT_ADD 29466502,33298232,-36.000000,16 
OBJECT_ADD 29464390,33296697,-36.000000,16 
OBJECT_ADD 29466939,33293264,-36.000000,16 
OBJECT_ADD 29462963,33290352,-36.000000,16 
OBJECT_ADD 29456416,33310077,-30.000000,16 
OBJECT_ADD 29456878,33310875,36.000000,62 
OBJECT_ADD 29443794,33307490,42.000000,62 
OBJECT_ADD 29447255,33310776,-24.000000,63 
OBJECT_ADD 29454892,33299770,0.000000,62 
OBJECT_ADD 29465821,33300011,-174.000000,62 
OBJECT_ADD 29440526,33304388,-270.000000,348 
OBJECT_ADD 29440515,33304954,90.000000,348 
OBJECT_ADD 29440131,33305916,58.000000,349 
OBJECT_ADD 29439795,33306364,58.000000,350 
OBJECT_ADD 29474277,33276178,-14.000000,162 
OBJECT_ADD 29471612,33275492,-14.000000,162 
OBJECT_ADD 29471979,33277595,-58.000000,162 
OBJECT_ADD 29472650,33280009,-58.000000,26 

