
#Calais
OBJECT_ADD 41047257,30163476,226.000000,176 #Calais 
OBJECT_ADD 41109502,30089668,-3.000000,104 
OBJECT_ADD 41105055,30197564,90.000000,51 
OBJECT_ADD 41114739,30181276,27.000000,99 
OBJECT_ADD 41093386,30249395,452.000000,95 
OBJECT_ADD 41092598,30242385,181.000000,118 
OBJECT_ADD 41091716,30246381,1.000000,95 
OBJECT_ADD 41097983,30249289,93.000000,95 
OBJECT_ADD 41102314,30249138,92.000000,95 
OBJECT_ADD 41121472,30246837,-59.000000,95 
OBJECT_ADD 41125107,30244706,-58.000000,95 
OBJECT_ADD 41129000,30242382,-58.000000,95 
OBJECT_ADD 41105678,30141630,-95.000000,104 
OBJECT_ADD 41139395,30224394,-42.000000,164 
OBJECT_ADD 41148017,30214580,-41.000000,164 
OBJECT_ADD 41142867,30219300,227.000000,118 
OBJECT_ADD 41110222,30247529,2.000000,96 
OBJECT_ADD 41087976,30205676,-23.000000,91 #Calais 



