
#Coquelles
OBJECT_ADD 40737838,29957238,4.000000,18 #Coquelles 
OBJECT_ADD 40720638,29957601,3.000000,18 
OBJECT_ADD 40729135,29957461,3.000000,18 
OBJECT_ADD 40712289,29962037,35.000000,18 
OBJECT_ADD 40705529,29968699,83.000000,18 
OBJECT_ADD 40704264,29977926,82.000000,18 
OBJECT_ADD 40703014,29986740,82.000000,18 
OBJECT_ADD 40706115,29965929,220.000000,63 
OBJECT_ADD 40718994,29955761,22.000000,62 
OBJECT_ADD 40739670,29955824,-33.000000,63 
OBJECT_ADD 40733700,29944231,88.000000,62 
OBJECT_ADD 40735774,29947108,55.000000,63 
OBJECT_ADD 40725443,29949895,23.000000,62 
OBJECT_ADD 40723036,29950719,187.000000,63 
OBJECT_ADD 40720196,29950161,22.000000,63 
OBJECT_ADD 40717839,29950103,105.000000,62 
OBJECT_ADD 40718306,29947022,-72.000000,63 
OBJECT_ADD 40717557,29944613,99.000000,62 
OBJECT_ADD 40771933,30053518,187.000000,62 
OBJECT_ADD 40763258,30049323,315.000000,63 
OBJECT_ADD 40794682,30005175,-56.000000,63 
OBJECT_ADD 40752892,29908530,121.000000,62 
OBJECT_ADD 40769425,29943437,-55.000000,63 
OBJECT_ADD 40761976,29931977,121.000000,63 
OBJECT_ADD 40792767,30139378,0.000000,62 
OBJECT_ADD 40640862,30091834,-187.000000,63 
OBJECT_ADD 40824508,30098316,-99.000000,62 
OBJECT_ADD 40846779,30020485,0.000000,62 
OBJECT_ADD 40842694,30051197,88.000000,63 
OBJECT_ADD 40838662,30067776,-99.000000,62 
OBJECT_ADD 40835072,30014654,165.000000,63 
OBJECT_ADD 40708873,29920655,33.000000,62 
OBJECT_ADD 40686331,29944630,231.000000,63 
OBJECT_ADD 40661559,30047680,77.000000,62 
OBJECT_ADD 40679909,30104081,-11.000000,62 
OBJECT_ADD 40704987,30108553,0.000000,63 
OBJECT_ADD 40767780,30052596,11.000000,63 
OBJECT_ADD 40762753,30054130,-198.000000,63 
OBJECT_ADD 40766081,30127923,0.000000,62 
OBJECT_ADD 40817221,30148399,165.000000,63 
OBJECT_ADD 40868486,30160362,352.000000,63 
OBJECT_ADD 40865024,30163136,-11.000000,62 
OBJECT_ADD 40900163,30030555,0.000000,63 
OBJECT_ADD 40609001,30073259,-11.000000,62 
OBJECT_ADD 40747663,29882479,-55.000000,63 
OBJECT_ADD 40693479,29962880,-180.000000,63 
OBJECT_ADD 40754348,29949316,45.000000,62 
OBJECT_ADD 40744701,29948644,135.000000,63 
OBJECT_ADD 40746811,29946011,180.000000,63 
OBJECT_ADD 40733647,29914414,56.000000,62 
OBJECT_ADD 40720808,29917226,33.000000,63 
OBJECT_ADD 40728304,29950305,198.000000,63 
OBJECT_ADD 40798368,30005889,22.000000,62 
OBJECT_ADD 40730729,29940314,231.000000,62 
OBJECT_ADD 40742402,29936608,66.000000,63 
OBJECT_ADD 40745528,29947279,56.000000,85 
OBJECT_ADD 40746822,29945111,77.000000,83 
OBJECT_ADD 40747724,29945271,77.000000,83 
OBJECT_ADD 40745929,29944911,75.000000,83 
OBJECT_ADD 40737025,29946532,-82.000000,83 
OBJECT_ADD 40736062,29946712,-84.000000,83 
OBJECT_ADD 40754733,29948925,184.000000,84 
OBJECT_ADD 40742365,29936173,88.000000,83 
OBJECT_ADD 40743218,29935848,88.000000,83 
OBJECT_ADD 40730018,29940256,70.000000,83 
OBJECT_ADD 40730945,29939269,77.000000,83 
OBJECT_ADD 40729192,29944533,77.000000,83 
OBJECT_ADD 40728027,29944297,76.000000,83 
OBJECT_ADD 40739351,29955274,184.000000,84 
OBJECT_ADD 40723598,29949831,88.000000,83 
OBJECT_ADD 40722412,29949831,88.000000,83 
OBJECT_ADD 40725666,29949654,88.000000,83 
OBJECT_ADD 40726492,29949684,88.000000,83 
OBJECT_ADD 40727593,29949650,88.000000,83 
OBJECT_ADD 40728870,29949617,91.000000,83 
OBJECT_ADD 40721123,29950019,90.000000,83 
OBJECT_ADD 40720189,29949874,88.000000,83 
OBJECT_ADD 40717993,29946008,74.000000,83 
OBJECT_ADD 40718827,29948818,44.000000,85 
OBJECT_ADD 40718179,29944772,65.000000,83 
OBJECT_ADD 40718371,29943738,54.000000,83 
OBJECT_ADD 40705501,29965007,88.000000,85 
OBJECT_ADD 40693130,29962152,43.000000,83 
OBJECT_ADD 40693977,29962220,48.000000,83 
OBJECT_ADD 40719738,29955302,90.000000,85 
OBJECT_ADD 40764391,29929898,-90.000000,84 
OBJECT_ADD 40763159,30053552,176.000000,84 
OBJECT_ADD 40742148,29956514,67.000000,50 
OBJECT_ADD 40749159,29955836,-31.000000,324 
OBJECT_ADD 40748973,29955700,-34.000000,324 
OBJECT_ADD 40748786,29955566,-32.000000,324 
OBJECT_ADD 40748584,29955437,-34.000000,324 
OBJECT_ADD 40748778,29956471,-32.000000,324 
OBJECT_ADD 40748562,29956343,-30.000000,324 
OBJECT_ADD 40748343,29956213,-33.000000,324 
OBJECT_ADD 40748114,29956042,-32.000000,324 
OBJECT_ADD 40702074,29981423,788.000000,39 
OBJECT_ADD 40701000,29982196,88.000000,39 
OBJECT_ADD 40702308,29970571,-45.000000,50 
OBJECT_ADD 40749487,29954336,157.000000,350 
OBJECT_ADD 40744115,29937873,0.000000,273 
OBJECT_ADD 40717249,29947348,0.000000,273 
OBJECT_ADD 40744160,29948181,-33.000000,273 
OBJECT_ADD 40728963,29956093,0.000000,273 
OBJECT_ADD 40722527,29947087,-56.000000,327 
OBJECT_ADD 40719952,29953980,98.000000,347 
OBJECT_ADD 40724175,29937929,537.000000,350 
OBJECT_ADD 40726617,29937911,179.000000,350 
OBJECT_ADD 40700640,29978592,198.000000,350 
OBJECT_ADD 40744842,29959343,-25.000000,18 
OBJECT_ADD 40741775,29957899,15.000000,39 
OBJECT_ADD 40740759,29957693,10.000000,39 
OBJECT_ADD 40707589,29965954,79.000000,39 #Coquelles 





