
#Croydon
OBJECT_ADD 28517577,33476064,-48.000000,128 #Croydon
OBJECT_ADD 28523363,33482616,-46.000000,128 
OBJECT_ADD 28524182,33462044,-46.000000,164 
OBJECT_ADD 28522390,33460252,-44.000000,164 
OBJECT_ADD 28546719,33505515,44.000000,129 
OBJECT_ADD 28560431,33518589,44.000000,129 
OBJECT_ADD 28643043,33594794,6.000000,128 
OBJECT_ADD 28644179,33604650,7.000000,128 
OBJECT_ADD 28499209,33822328,0.000000,124 
OBJECT_ADD 28509821,33813245,0.000000,124 
OBJECT_ADD 28491677,33838109,-42.000000,128 
OBJECT_ADD 28614746,33670123,0.000000,62 
OBJECT_ADD 28600781,33667323,0.000000,63 
OBJECT_ADD 28599902,33674511,0.000000,63 
OBJECT_ADD 28582557,33664586,0.000000,62 
OBJECT_ADD 28567941,33711506,0.000000,63 
OBJECT_ADD 28572625,33713328,0.000000,62 
OBJECT_ADD 28613110,33713613,-88.000000,63 
OBJECT_ADD 28492995,33665411,-99.000000,92 
OBJECT_ADD 28496151,33665207,-11.000000,36 
OBJECT_ADD 28495836,33666642,-11.000000,36 
OBJECT_ADD 28497582,33657425,-132.000000,62 
OBJECT_ADD 28485253,33671358,44.000000,187 
OBJECT_ADD 28497247,33666413,-352.000000,26 
OBJECT_ADD 28486551,33671253,-44.000000,348 
OBJECT_ADD 28490888,33669964,-99.000000,50 
OBJECT_ADD 28491840,33670244,79.000000,50 
OBJECT_ADD 28504414,33624779,-118.000000,62 
OBJECT_ADD 28486316,33716938,-88.000000,141 
OBJECT_ADD 28483852,33714698,0.000000,141 
OBJECT_ADD 28486316,33712010,-88.000000,141 
OBJECT_ADD 28487884,33709322,-11.000000,141 
OBJECT_ADD 28488557,33705791,-11.000000,141 
OBJECT_ADD 28479143,33718986,-139.000000,54 
OBJECT_ADD 28480674,33720775,-139.000000,54 
OBJECT_ADD 28477594,33717191,-137.000000,54 
OBJECT_ADD 28489884,33691597,0.000000,54 
OBJECT_ADD 28489884,33693837,-2.000000,54 
OBJECT_ADD 28492796,33691597,0.000000,54 
OBJECT_ADD 28492796,33693837,0.000000,54 
OBJECT_ADD 28491956,33695965,-88.000000,54 
OBJECT_ADD 28489722,33696034,-88.000000,54 
OBJECT_ADD 28489241,33702253,-190.000000,141 
OBJECT_ADD 28486544,33672265,-77.000000,347 
OBJECT_ADD 28411061,33636784,4.000000,114 
OBJECT_ADD 28407537,33623440,-92.000000,114 
OBJECT_ADD 28405919,33621261,50.000000,63 
OBJECT_ADD 28399327,33646545,-90.000000,87 
OBJECT_ADD 28449913,33606913,-92.000000,50 
OBJECT_ADD 28448625,33608145,88.000000,164 
OBJECT_ADD 28457164,33608343,-89.000000,57 
OBJECT_ADD 28457812,33606491,-26.000000,62 
OBJECT_ADD 28450408,33605257,0.000000,63 
OBJECT_ADD 28459143,33581333,0.000000,62 
OBJECT_ADD 28453795,33592333,0.000000,63 
OBJECT_ADD 28482657,33617546,0.000000,62 
OBJECT_ADD 28485965,33619688,-70.000000,50 
OBJECT_ADD 28425979,33680389,0.000000,62 
OBJECT_ADD 28432985,33673878,0.000000,63 
OBJECT_ADD 28442570,33666552,0.000000,63 
OBJECT_ADD 28369145,33679690,0.000000,63 
OBJECT_ADD 28364217,33678346,99.000000,62 
OBJECT_ADD 28407008,33633029,-262.000000,350 
OBJECT_ADD 28480283,33686050,-210.000000,348 
OBJECT_ADD 28438900,33659478,-143.000000,347 
OBJECT_ADD 28412244,33652935,187.000000,62 
OBJECT_ADD 28406240,33652794,0.000000,63 
OBJECT_ADD 28413071,33640885,-2.000000,164 
OBJECT_ADD 28405690,33641915,0.000000,63 
OBJECT_ADD 28494004,33615975,-65.000000,350 
OBJECT_ADD 28370075,33588500,44.000000,62 
OBJECT_ADD 28364249,33647048,0.000000,63 
OBJECT_ADD 28386781,33622310,77.000000,22 
OBJECT_ADD 28388062,33621701,-88.000000,350 
OBJECT_ADD 28387585,33623555,-154.000000,26
OBJECT_ADD 28640976,33856421,5.000000,129 
OBJECT_ADD 28842078,33976456,-27.000000,124 
OBJECT_ADD 28853057,33983767,62.000000,124 
OBJECT_ADD 28870049,33995907,39.000000,128 
OBJECT_ADD 28877685,34005518,38.000000,128
OBJECT_ADD 28537993,33895171,-100.000000,129 
OBJECT_ADD 28650841,33898640,17.000000,128 
OBJECT_ADD 28667030,33895305,-73.000000,128   #Croydon



