
#Debden
OBJECT_ADD 30795643,40153554,45.000000,62 #Debden
OBJECT_ADD 30787586,40149164,-99.000000,63
OBJECT_ADD 30784341,40139890,0.000000,62
OBJECT_ADD 30789032,40149563,0.000000,63
OBJECT_ADD 30790375,40147220,22.000000,26
OBJECT_ADD 30798937,40152426,143.000000,62
OBJECT_ADD 30786363,40145303,99.000000,62
OBJECT_ADD 30772347,40150406,0.000000,63
OBJECT_ADD 30764741,40148363,0.000000,63
OBJECT_ADD 30713673,40132772,55.000000,62
OBJECT_ADD 30759741,40054901,88.000000,62
OBJECT_ADD 30760266,40051473,88.000000,63
OBJECT_ADD 30759536,40058755,264.000000,62
OBJECT_ADD 30808481,40063794,-88.000000,62
OBJECT_ADD 30812362,40060760,-275.000000,63
OBJECT_ADD 30808936,40068050,-55.000000,63
OBJECT_ADD 30805541,40068373,88.000000,50
OBJECT_ADD 30816969,40113038,-88.000000,62
OBJECT_ADD 30826924,40123670,54.000000,63
OBJECT_ADD 30831178,40118704,-99.000000,63
OBJECT_ADD 30808500,40115054,-45.000000,347
OBJECT_ADD 30807844,40098801,45.000000,62
OBJECT_ADD 30798185,40104031,-45.000000,350
OBJECT_ADD 30797861,40103707,-45.000000,350
OBJECT_ADD 30832819,40114488,-71.000000,350 
OBJECT_ADD 30832944,40115061,-77.000000,349 
OBJECT_ADD 30832236,40113433,151.000000,348 
OBJECT_ADD 30831772,40113211,149.000000,348 
OBJECT_ADD 30826170,40104189,90.000000,349 
OBJECT_ADD 30812795,40097719,-44.000000,348 
OBJECT_ADD 30813090,40098008,-42.000000,348 
OBJECT_ADD 30812440,40097368,-223.000000,26
OBJECT_ADD 30773022,40212332,33.000000,62 
OBJECT_ADD 30746603,40286286,0.000000,63 
OBJECT_ADD 30718430,40276233,0.000000,62 
OBJECT_ADD 30602238,40230143,-189.000000,59 
OBJECT_ADD 30600482,40229546,-55.000000,62 
OBJECT_ADD 30586858,40359867,-176.000000,57 
OBJECT_ADD 30589813,40359133,0.000000,62 
OBJECT_ADD 30593249,40358561,0.000000,63 
OBJECT_ADD 30596717,40358127,0.000000,62 
OBJECT_ADD 30814575,40276153,66.000000,57 
OBJECT_ADD 30814351,40278169,66.000000,57 
OBJECT_ADD 30804582,40276171,-33.000000,62 
OBJECT_ADD 30811431,40271948,0.000000,63 
OBJECT_ADD 30760707,40294755,115.000000,57 
OBJECT_ADD 31075731,40336999,0.000000,62 
OBJECT_ADD 31076111,40332243,44.000000,63 
OBJECT_ADD 31159485,40328017,-230.000000,55 
OBJECT_ADD 31162861,40329857,-109.000000,57 
OBJECT_ADD 31163533,40328513,-108.000000,57 
OBJECT_ADD 31162035,40331409,40.000000,62 
OBJECT_ADD 31165031,40329772,242.000000,62 
OBJECT_ADD 31115032,40099166,-37.000000,57 
OBJECT_ADD 30947477,40095713,-63.000000,62 
OBJECT_ADD 30947168,40093071,-88.000000,62 
OBJECT_ADD 30947531,40088198,0.000000,63 
OBJECT_ADD 30950219,40088198,22.000000,63 
OBJECT_ADD 30949981,40092843,-86.000000,59 
OBJECT_ADD 30951672,40091545,-167.000000,59
OBJECT_ADD 30905001,40095982,-310.000000,164 
OBJECT_ADD 30904843,40097001,-132.000000,350 
OBJECT_ADD 30904536,40097355,-130.000000,350 
OBJECT_ADD 30895671,40108346,33.000000,62 
OBJECT_ADD 30894010,40107683,-154.000000,63 
OBJECT_ADD 30858121,40106175,0.000000,50 
OBJECT_ADD 30857648,40104653,-268.000000,164 
OBJECT_ADD 30865513,40063328,0.000000,62 
OBJECT_ADD 30890971,40111084,22.000000,63 
OBJECT_ADD 30822397,40127529,-176.000000,164 
OBJECT_ADD 30823741,40127529,-176.000000,164 
OBJECT_ADD 30825085,40127529,-176.000000,164 
OBJECT_ADD 30822932,40125757,0.000000,349 
OBJECT_ADD 30823380,40125757,0.000000,349 
OBJECT_ADD 30816788,40129390,-383.000000,350 
OBJECT_ADD 30803364,40147684,-129.000000,62 
OBJECT_ADD 30800797,40149225,-308.000000,62 
OBJECT_ADD 30706004,40089345,-286.000000,63 
OBJECT_ADD 30706494,40092706,-237.000000,62 
OBJECT_ADD 30709198,40087778,10.000000,63 
OBJECT_ADD 30733803,40085406,-88.000000,349 
OBJECT_ADD 30750659,40079200,8.000000,63 
OBJECT_ADD 30747148,40079779,20.000000,62 
OBJECT_ADD 30744045,40080495,20.000000,62 
OBJECT_ADD 30740951,40146967,99.000000,349 
OBJECT_ADD 30740839,40146295,99.000000,349   #Debden



