
#Duxford
OBJECT_ADD 29812564,41174420,66.000000,62 #Duxford
OBJECT_ADD 29815706,41170673,-110.000000,63 
OBJECT_ADD 29814546,41181159,-22.000000,62 
OBJECT_ADD 29821498,41185111,-33.000000,62 
OBJECT_ADD 29824130,41186636,-22.000000,62 
OBJECT_ADD 29838091,41189464,-99.000000,62 
OBJECT_ADD 29842447,41180102,-99.000000,63 
OBJECT_ADD 29844189,41176493,-99.000000,62 
OBJECT_ADD 29875970,41162404,-121.000000,62 
OBJECT_ADD 29878138,41159630,-110.000000,62 
OBJECT_ADD 29878951,41156878,66.000000,63 
OBJECT_ADD 29830352,41116866,-231.000000,26 
OBJECT_ADD 29829227,41116191,-198.000000,348 
OBJECT_ADD 29807405,41113009,132.000000,350 
OBJECT_ADD 29815858,41119581,-220.000000,50 
OBJECT_ADD 29815185,41120521,48.000000,50 
OBJECT_ADD 29816486,41120099,50.000000,350 
OBJECT_ADD 29815626,41156345,-14.000000,62 
OBJECT_ADD 29819412,41156064,-24.000000,63 
OBJECT_ADD 29825614,41157063,-111.000000,63 
OBJECT_ADD 29823596,41159201,22.000000,62 
OBJECT_ADD 29837678,41148342,-33.000000,26 
OBJECT_ADD 29838014,41148566,-33.000000,348 
OBJECT_ADD 29839918,41149742,-35.000000,350 
OBJECT_ADD 29855571,41154744,-66.000000,350 
OBJECT_ADD 29844967,41130158,-209.000000,347 
OBJECT_ADD 29845359,41130382,-209.000000,347 
OBJECT_ADD 29845415,41129262,-329.000000,350 
OBJECT_ADD 29816053,41134556,-39.000000,348 
OBJECT_ADD 29816217,41139144,-207.000000,63 
OBJECT_ADD 29811864,41137880,-44.000000,62 
OBJECT_ADD 29823395,41144794,-154.000000,62 
OBJECT_ADD 29825814,41146531,-212.000000,350 
OBJECT_ADD 29826318,41146867,146.000000,350 
OBJECT_ADD 29838437,41063814,-90.000000,62 
OBJECT_ADD 29883845,41019219,-45.000000,62 
OBJECT_ADD 29907131,41028333,22.000000,55 
OBJECT_ADD 29909395,41029216,-66.000000,57 
OBJECT_ADD 29906356,41030731,154.000000,62 
OBJECT_ADD 29908328,41024373,0.000000,63 
OBJECT_ADD 29937423,41050199,-33.000000,59 
OBJECT_ADD 29937967,41047809,0.000000,57 
OBJECT_ADD 29938915,41051509,0.000000,62 
OBJECT_ADD 29940793,41049462,-99.000000,62 
OBJECT_ADD 29895239,41026098,0.000000,62 
OBJECT_ADD 29919871,40921431,-33.000000,57 
OBJECT_ADD 29930897,41013458,-11.000000,62 
OBJECT_ADD 29999458,41096493,-123.000000,59 
OBJECT_ADD 30001846,41094015,-38.000000,55 
OBJECT_ADD 30003705,41094811,-107.000000,62 
OBJECT_ADD 30000980,41098383,-143.000000,63 
OBJECT_ADD 30029608,41048675,-242.000000,57 
OBJECT_ADD 30031176,41050243,113.000000,57 
OBJECT_ADD 29930277,41083714,-65.000000,63 
OBJECT_ADD 29927589,41081698,-22.000000,62 
OBJECT_ADD 29928709,41086850,-110.000000,62 
OBJECT_ADD 29925964,41089430,77.000000,62 
OBJECT_ADD 29806730,41241570,44.000000,62 
OBJECT_ADD 29828673,41141179,55.000000,164 
OBJECT_ADD 29829513,41140059,55.000000,164 
OBJECT_ADD 29830353,41138939,55.000000,164 
OBJECT_ADD 29828417,41142556,-122.000000,26 
OBJECT_ADD 29825096,41140888,29.000000,62 
OBJECT_ADD 29827730,41137917,-88.000000,62 
OBJECT_ADD 29811944,41151122,55.000000,63
OBJECT_ADD 29846432,41148818,-120.000000,164 
OBJECT_ADD 29845674,41149995,-120.000000,164 
OBJECT_ADD 29844946,41151227,-120.000000,164 
OBJECT_ADD 29673855,41098805,-93.000000,57 
OBJECT_ADD 29673967,41096565,-72.000000,57 
OBJECT_ADD 29671252,41100017,-72.000000,62 
OBJECT_ADD 29583186,40941833,49.000000,59 
OBJECT_ADD 29424719,40930092,-20.000000,350 
OBJECT_ADD 29436376,40943679,-56.000000,347 
OBJECT_ADD 29436096,40943175,-54.000000,350 
OBJECT_ADD 29437081,40949712,0.000000,164 
OBJECT_ADD 29437736,40950588,0.000000,349 
OBJECT_ADD 29411039,40961801,-176.000000,350 
OBJECT_ADD 29411711,40961801,0.000000,350  #Duxford/Fowlmere



