
#Filton
OBJECT_ADD 12947226,34805362,-57.000000,123 #Filton
OBJECT_ADD 12958309,34846078,0.000000,123 
OBJECT_ADD 12899932,34849185,-49.000000,123 
OBJECT_ADD 12926041,34824738,36.000000,124 
OBJECT_ADD 13032833,34953090,0.000000,123 
OBJECT_ADD 12933189,34819470,35.000000,124 
OBJECT_ADD 12964515,34827898,0.000000,128 
OBJECT_ADD 12957571,34827786,0.000000,128 
OBJECT_ADD 12882037,34862168,39.000000,124 
OBJECT_ADD 12964552,34798642,33.000000,129 
OBJECT_ADD 13048924,34924533,0.000000,123 
OBJECT_ADD 13031976,34931227,0.000000,124 
OBJECT_ADD 13031976,34918011,0.000000,124 
OBJECT_ADD 13049143,34946101,0.000000,128 
OBJECT_ADD 13049143,34959317,0.000000,128 
OBJECT_ADD 13045559,34905557,-88.000000,128 
OBJECT_ADD 13066111,34946549,-12.000000,129 
OBJECT_ADD 13058579,34959271,0.000000,128 #Filton
OBJECT_ADD 13068883,34933119,-13.000000,129 





