
#Ford
OBJECT_ADD 25566296,28038427,0.000000,62 #Ford
OBJECT_ADD 25559101,28031329,0.000000,63 
OBJECT_ADD 25653226,28050485,0.000000,62 
OBJECT_ADD 25653728,28047809,-22.000000,63 
OBJECT_ADD 25525739,28045166,0.000000,63 
OBJECT_ADD 25571801,28106501,180.000000,62 
OBJECT_ADD 25564160,28109001,0.000000,63 
OBJECT_ADD 25564126,28113515,-22.000000,347 
OBJECT_ADD 25563252,28111368,5265.000000,164 
OBJECT_ADD 25600822,28146649,-176.000000,164 
OBJECT_ADD 25602211,28144821,-363.000000,50 
OBJECT_ADD 25607549,28182164,-2.000000,63 
OBJECT_ADD 25609708,28177396,-77.000000,62 
OBJECT_ADD 25599683,28217190,0.000000,62 
OBJECT_ADD 25617043,28224993,0.000000,63 
OBJECT_ADD 25629632,28244103,0.000000,62 
OBJECT_ADD 25623381,28098110,0.000000,63 
OBJECT_ADD 25647201,28075350,0.000000,62 
OBJECT_ADD 25673484,28091910,0.000000,62 
OBJECT_ADD 25711857,28120123,-90.000000,62 
OBJECT_ADD 25726230,28069938,-45.000000,62 
OBJECT_ADD 25722826,28074673,-90.000000,62 
OBJECT_ADD 25720360,28072935,164.000000,59 
OBJECT_ADD 25718602,28072109,-55.000000,62 
OBJECT_ADD 25721946,28077439,77.000000,57 
OBJECT_ADD 25720643,28078966,867.000000,62 
OBJECT_ADD 25721184,28074544,166.000000,57 
OBJECT_ADD 25706666,28071130,0.000000,63 
OBJECT_ADD 25703497,28132858,66.000000,63 
OBJECT_ADD 25658603,28122198,-44.000000,347 
OBJECT_ADD 25674855,28233931,0.000000,62 
OBJECT_ADD 25690254,28233271,0.000000,63 
OBJECT_ADD 25671471,28277584,0.000000,62 
OBJECT_ADD 25687284,28160548,-6.000000,348 
OBJECT_ADD 25686207,28160653,-8.000000,50 
OBJECT_ADD 25716616,28178354,0.000000,62 
OBJECT_ADD 25677482,28148434,-88.000000,347 
OBJECT_ADD 25671858,28192145,-165.000000,164 
OBJECT_ADD 25669074,28192987,-165.000000,164 
OBJECT_ADD 25670364,28192134,-77.000000,50 
OBJECT_ADD 25669950,28190901,-71.000000,350 
OBJECT_ADD 25670824,28124930,-43.000000,187 
OBJECT_ADD 25671309,28126142,-93.000000,73 
OBJECT_ADD 25670355,28126277,-147.000000,348 #Ford

