
#Gravesend
OBJECT_ADD 31775022,34211556,-45.000000,62 #Gravesend
OBJECT_ADD 31771076,34209577,45.000000,63 
OBJECT_ADD 31770626,34212277,0.000000,59 
OBJECT_ADD 31758342,34292565,-99.000000,62 
OBJECT_ADD 31757600,34324349,-77.000000,63 
OBJECT_ADD 31741427,34349739,66.000000,62 
OBJECT_ADD 31706694,34359013,-198.000000,63 
OBJECT_ADD 31706908,34360494,16.000000,350 
OBJECT_ADD 31708409,34360702,-68.000000,55 
OBJECT_ADD 31709042,34362275,86.000000,62 
OBJECT_ADD 31696670,34357025,-165.000000,62 
OBJECT_ADD 31696662,34359847,0.000000,50 
OBJECT_ADD 31650049,34332381,88.000000,62 
OBJECT_ADD 31630894,34364233,77.000000,63 
OBJECT_ADD 31639700,34369976,-99.000000,63 
OBJECT_ADD 31642279,34369249,-59.000000,50 
OBJECT_ADD 31638605,34372102,34.000000,50 
OBJECT_ADD 31640187,34371350,120.000000,349 
OBJECT_ADD 31628968,34379314,0.000000,62 
OBJECT_ADD 31626547,34383533,209.000000,63 
OBJECT_ADD 31626531,34389864,-19.000000,62 
OBJECT_ADD 31624471,34393428,-91.000000,62 
OBJECT_ADD 31631306,34418023,-66.000000,62 
OBJECT_ADD 31630945,34441418,-209.000000,164 
OBJECT_ADD 31629914,34440832,149.000000,164 
OBJECT_ADD 31628828,34440202,149.000000,164 
OBJECT_ADD 31604625,34438531,-275.000000,62 
OBJECT_ADD 31594644,34452241,-88.000000,63 
OBJECT_ADD 31582233,34490059,-220.000000,62 
OBJECT_ADD 31578641,34494531,44.000000,63 
OBJECT_ADD 31596386,34499396,-44.000000,62 
OBJECT_ADD 31640994,34136232,0.000000,57 
OBJECT_ADD 31640408,34137640,0.000000,62 
OBJECT_ADD 31641708,34133718,0.000000,63 
OBJECT_ADD 31630121,34198884,0.000000,62 
OBJECT_ADD 31662409,34258019,0.000000,62 
OBJECT_ADD 31662786,34253318,0.000000,63 
OBJECT_ADD 31664004,34257508,-152.000000,58 
OBJECT_ADD 31669692,34283379,0.000000,62 
OBJECT_ADD 31659685,34371226,-253.000000,26 
OBJECT_ADD 31624483,34395678,73.000000,164 
OBJECT_ADD 31611698,34474426,0.000000,62 
OBJECT_ADD 31666049,34494349,0.000000,63 
OBJECT_ADD 31682736,34419497,-88.000000,164 
OBJECT_ADD 31682736,34418377,-88.000000,164 
OBJECT_ADD 31688852,34417771,110.000000,62 
OBJECT_ADD 31680098,34415903,-30.000000,50 
OBJECT_ADD 31676192,34419793,-11.000000,349 
OBJECT_ADD 31674675,34426302,-227.000000,164 
OBJECT_ADD 31672883,34427870,-48.000000,164 
OBJECT_ADD 31705902,34429095,-116.000000,78 
OBJECT_ADD 31745360,34477797,0.000000,62 
OBJECT_ADD 31807623,34477431,44.000000,63 
OBJECT_ADD 31835779,34429203,0.000000,62 
OBJECT_ADD 31710680,34459074,-28.000000,87 #Gravesend



