
#Hawkinge 
OBJECT_ADD 36649941,31318777,0.000000,62 #Hawkinge 
OBJECT_ADD 36667323,31339786,45.000000,62
OBJECT_ADD 36613485,31365786,-45.000000,62
OBJECT_ADD 36612920,31371411,-45.000000,63
OBJECT_ADD 36612207,31377591,0.000000,62
OBJECT_ADD 36615807,31380265,-11.000000,62
OBJECT_ADD 36644721,31407407,55.000000,62
OBJECT_ADD 36628921,31423155,-22.000000,62
OBJECT_ADD 36626970,31420044,-44.000000,327
OBJECT_ADD 36617875,31425649,99.000000,62
OBJECT_ADD 36601802,31424931,0.000000,62
OBJECT_ADD 36599194,31426638,0.000000,63
OBJECT_ADD 36576978,31429464,0.000000,62
OBJECT_ADD 36574354,31432670,66.000000,63
OBJECT_ADD 36578496,31432245,110.000000,62
OBJECT_ADD 36574575,31446052,-44.000000,349
OBJECT_ADD 36566730,31457833,88.000000,62
OBJECT_ADD 36558711,31468044,-44.000000,62
OBJECT_ADD 36528958,31467162,0.000000,62
OBJECT_ADD 36516680,31454543,0.000000,63
OBJECT_ADD 36516305,31451768,-77.000000,63
OBJECT_ADD 36506073,31467237,88.000000,62
OBJECT_ADD 36551970,31513322,33.000000,63
OBJECT_ADD 36554431,31533980,-55.000000,62
OBJECT_ADD 36551707,31536627,-44.000000,57
OBJECT_ADD 36559540,31542736,-132.000000,59
OBJECT_ADD 36561586,31542430,99.000000,62
OBJECT_ADD 36559988,31540206,0.000000,63
OBJECT_ADD 36621015,31282194,0.000000,62
OBJECT_ADD 36624505,31360724,44.000000,63
OBJECT_ADD 36529097,31399893,0.000000,62
OBJECT_ADD 36513603,31409029,110.000000,62
OBJECT_ADD 36520216,31375289,0.000000,62
OBJECT_ADD 36521946,31378013,77.000000,62
OBJECT_ADD 36524043,31375589,-77.000000,63
OBJECT_ADD 36520461,31508835,0.000000,62
OBJECT_ADD 36522293,31507665,-22.000000,63
OBJECT_ADD 36528160,31532687,66.000000,57
OBJECT_ADD 36527682,31530954,55.000000,55
OBJECT_ADD 36530519,31529397,-22.000000,63
OBJECT_ADD 36514591,31540158,-55.000000,62
OBJECT_ADD 36535198,31549404,-241.000000,57
OBJECT_ADD 36534514,31526799,36.000000,58
OBJECT_ADD 36534022,31528425,288.000000,62
OBJECT_ADD 36587579,31523937,143.000000,62
OBJECT_ADD 36590829,31548811,22.000000,55
OBJECT_ADD 36588696,31549467,106.000000,57
OBJECT_ADD 36594499,31548122,0.000000,63
OBJECT_ADD 36591791,31407134,22.000000,62
OBJECT_ADD 36561088,31427756,180.000000,63
OBJECT_ADD 36469311,31476442,0.000000,63
OBJECT_ADD 36396816,31503453,90.000000,62
OBJECT_ADD 36394623,31504743,45.000000,63
OBJECT_ADD 36393734,31506690,0.000000,62
OBJECT_ADD 36393637,31502967,-135.000000,62
OBJECT_ADD 36389763,31506345,-45.000000,62
OBJECT_ADD 36390917,31508699,0.000000,62
OBJECT_ADD 36391090,31505075,90.000000,62
OBJECT_ADD 36397083,31532596,44.000000,57
OBJECT_ADD 36428734,31542453,-134.000000,59
OBJECT_ADD 36401966,31653692,0.000000,62
OBJECT_ADD 36423326,31740011,0.000000,62
OBJECT_ADD 36415271,31753380,22.000000,62
OBJECT_ADD 36410111,31761656,55.000000,63
OBJECT_ADD 36412816,31757979,33.000000,62
OBJECT_ADD 36402314,31774222,0.000000,62
OBJECT_ADD 36375084,31764894,11.000000,62
OBJECT_ADD 36376820,31760712,44.000000,63
OBJECT_ADD 36440630,31680900,0.000000,62
OBJECT_ADD 36528987,31662778,0.000000,63
OBJECT_ADD 36527387,31664229,77.000000,57 #Hawkinge 
OBJECT_ADD 36388411,31637041,0.000000,62 
OBJECT_ADD 36391697,31634334,-77.000000,63 
OBJECT_ADD 36397214,31633203,0.000000,63 
OBJECT_ADD 36392363,31637020,-121.000000,62 
OBJECT_ADD 36389537,31640710,-55.000000,62 
OBJECT_ADD 36611780,31503786,-139.000000,164 
OBJECT_ADD 36610773,31504708,-138.000000,164 
OBJECT_ADD 36609614,31505505,-50.000000,50 
OBJECT_ADD 36573525,31494808,109.000000,164 
OBJECT_ADD 36570639,31494526,20.000000,94 
OBJECT_ADD 36571218,31496019,-158.000000,350 



