
#Hornchurch
OBJECT_ADD 30697020,35602819,0.000000,62 #Hornchurch
OBJECT_ADD 30703925,35606565,0.000000,62
OBJECT_ADD 30694163,35598476,90.000000,62
OBJECT_ADD 30629870,35622912,45.000000,62
OBJECT_ADD 30628970,35621112,102.000000,59
OBJECT_ADD 30630887,35621113,11.000000,55
OBJECT_ADD 30628028,35616434,165.000000,62
OBJECT_ADD 30625325,35566063,44.000000,62
OBJECT_ADD 30538268,35561540,66.000000,62
OBJECT_ADD 30532589,35638676,118.000000,87
OBJECT_ADD 30751290,35484455,0.000000,62
OBJECT_ADD 30693850,35438374,0.000000,62
OBJECT_ADD 30697731,35434641,45.000000,63
OBJECT_ADD 30604454,35434275,45.000000,62
OBJECT_ADD 30599258,35433480,68.000000,55
OBJECT_ADD 30598637,35435703,0.000000,62
OBJECT_ADD 30601023,35428342,-22.000000,57
OBJECT_ADD 30603851,35427090,-11.000000,62
OBJECT_ADD 30559871,35474521,66.000000,62
OBJECT_ADD 30552065,35477975,-66.000000,62
OBJECT_ADD 30540441,35474357,88.000000,63
OBJECT_ADD 30537135,35490424,110.000000,62
OBJECT_ADD 30447261,35493227,-165.000000,62
OBJECT_ADD 30445629,35499274,0.000000,50
OBJECT_ADD 30446805,35499061,-88.000000,50
OBJECT_ADD 30430054,35534091,-51.000000,350
OBJECT_ADD 30408569,35540800,231.000000,63
OBJECT_ADD 30408348,35577860,-55.000000,62
OBJECT_ADD 30382316,35586938,22.000000,55
OBJECT_ADD 30376123,35585242,22.000000,57
OBJECT_ADD 30421106,35603370,179.000000,100
OBJECT_ADD 30420930,35607773,0.000000,131
OBJECT_ADD 30387643,35607097,-49.000000,128
OBJECT_ADD 30373426,35608488,0.000000,62
OBJECT_ADD 30387966,35599485,-36.000000,62
OBJECT_ADD 30383699,35626681,66.000000,62
OBJECT_ADD 30441691,35605164,0.000000,50
OBJECT_ADD 30441021,35605051,-88.000000,50
OBJECT_ADD 30442187,35598636,92.000000,349
OBJECT_ADD 30443595,35594591,4.000000,99
OBJECT_ADD 30447287,35596299,12.000000,93
OBJECT_ADD 30446833,35601457,101.000000,94
OBJECT_ADD 30529470,35632123,119.000000,87
OBJECT_ADD 29309355,34405784,38.000000,129 
OBJECT_ADD 29327378,34416675,-16.000000,128 
OBJECT_ADD 29334770,34418803,-16.000000,128 
OBJECT_ADD 29008214,34411619,-86.000000,128 
OBJECT_ADD 28561468,34487253,50.000000,129 
OBJECT_ADD 28534709,34464879,-10018.000000,131 
OBJECT_ADD 30455328,35329111,0.000000,63 
OBJECT_ADD 30379221,35395646,0.000000,62 
OBJECT_ADD 30384889,35395310,0.000000,63 
OBJECT_ADD 30396314,35472186,-45.000000,63 
OBJECT_ADD 30401635,35468596,0.000000,62 
OBJECT_ADD 30398320,35482549,0.000000,63 
OBJECT_ADD 30411949,35510671,0.000000,164 
OBJECT_ADD 30410149,35510671,0.000000,164 
OBJECT_ADD 30395565,35504312,41.000000,129 #Hornchurch


