
#Kenley
OBJECT_ADD 28631455,33113726,-102.000000,350 #Kenley
OBJECT_ADD 28617269,33122697,135.000000,26
OBJECT_ADD 28615881,33120443,-110.000000,62
OBJECT_ADD 28610793,33125899,55.000000,63
OBJECT_ADD 28614319,33127307,-33.000000,50
OBJECT_ADD 28595810,33139313,55.000000,63
OBJECT_ADD 28630579,33090690,0.000000,63
OBJECT_ADD 28634668,33090241,0.000000,62
OBJECT_ADD 28656203,33112889,0.000000,46
OBJECT_ADD 28657915,33114523,45.000000,347
OBJECT_ADD 28665508,33106520,-22.000000,36
OBJECT_ADD 28668056,33105839,-11.000000,187
OBJECT_ADD 28671397,33106608,-11.000000,187
OBJECT_ADD 28681225,33114394,-264.000000,62
OBJECT_ADD 28693009,33090532,-88.000000,62
OBJECT_ADD 28690001,33147078,-275.000000,63
OBJECT_ADD 28690668,33150263,-88.000000,62
OBJECT_ADD 28692854,33200769,77.000000,62
OBJECT_ADD 28691139,33202999,231.000000,62
OBJECT_ADD 28686892,33208368,-99.000000,63
OBJECT_ADD 28669405,33202706,55.000000,350
OBJECT_ADD 28672253,33205345,176.000000,187
OBJECT_ADD 28678173,33209080,55.000000,62
OBJECT_ADD 28676889,33207409,-374.000000,39
OBJECT_ADD 28676010,33207262,-11.000000,39
OBJECT_ADD 28676038,33206094,0.000000,63
OBJECT_ADD 28615336,33110071,90.000000,62
OBJECT_ADD 28691913,33180867,57.000000,63
OBJECT_ADD 28666963,33075447,-118.000000,141
OBJECT_ADD 28668066,33073575,62.000000,141
OBJECT_ADD 28669024,33071689,62.000000,141
OBJECT_ADD 28667956,33069493,-180.000000,62
OBJECT_ADD 28665593,33071575,-121.000000,63
OBJECT_ADD 28686839,33086744,121.000000,62 #Kenley
OBJECT_ADD 28635492,32770854,0.000000,63 #Kenley
OBJECT_ADD 28636221,32707423,0.000000,62 
OBJECT_ADD 28633833,32709642,0.000000,63 
OBJECT_ADD 28618583,32670467,-45.000000,63 
OBJECT_ADD 28610866,32598957,0.000000,62 
OBJECT_ADD 28612905,32596439,-412.000000,55 
OBJECT_ADD 28614675,32598189,-77.000000,62 
OBJECT_ADD 28639923,32491153,0.000000,62 
OBJECT_ADD 28645426,32491091,0.000000,63 
OBJECT_ADD 28644654,32495926,0.000000,55 
OBJECT_ADD 28643079,32495926,-187.000000,57 
OBJECT_ADD 28646319,32496854,-110.000000,62 
OBJECT_ADD 28635941,32319229,-6.000000,57 
OBJECT_ADD 28637398,32319054,-6.000000,57 
OBJECT_ADD 28637181,32323247,-169.000000,59 
OBJECT_ADD 28632407,32324566,0.000000,62 
OBJECT_ADD 28632171,32327035,-143.000000,62 
OBJECT_ADD 28627617,32324331,0.000000,63 
OBJECT_ADD 28635613,32324151,0.000000,62
OBJECT_ADD 28574159,32326962,0.000000,62 
OBJECT_ADD 28535713,32332821,0.000000,63 
OBJECT_ADD 28538234,32336110,0.000000,62 
OBJECT_ADD 28533574,32339110,0.000000,57 
OBJECT_ADD 28565914,32358121,0.000000,62 
OBJECT_ADD 28479091,32483854,154.000000,57 
OBJECT_ADD 28480433,32484085,-24.000000,55 
OBJECT_ADD 28482121,32484570,0.000000,62 
OBJECT_ADD 28477868,32485732,-231.000000,63 
OBJECT_ADD 28475700,32481363,0.000000,62 
OBJECT_ADD 28473004,32480108,-44.000000,63 
OBJECT_ADD 28481723,32479378,-29.000000,59 
OBJECT_ADD 28435863,32469076,0.000000,63 
OBJECT_ADD 28525062,32607760,33.000000,62 
OBJECT_ADD 28646057,32814708,0.000000,62 
OBJECT_ADD 28655799,32823285,0.000000,57 
OBJECT_ADD 28656091,32827244,0.000000,63 
OBJECT_ADD 28637394,32886909,55.000000,63 
OBJECT_ADD 28638185,32889757,132.000000,62 
OBJECT_ADD 28706363,32928944,0.000000,62 
OBJECT_ADD 28704288,32930704,44.000000,62 
OBJECT_ADD 28707406,32931617,0.000000,62 
OBJECT_ADD 28692009,32965680,0.000000,62 
OBJECT_ADD 28695020,32966091,0.000000,63 
OBJECT_ADD 28697909,32969116,0.000000,62 
OBJECT_ADD 28699477,32968690,0.000000,63 
OBJECT_ADD 28703631,32970676,0.000000,62 
OBJECT_ADD 28708689,32973510,0.000000,63 
OBJECT_ADD 28698171,32973019,0.000000,63 
OBJECT_ADD 28680112,32995573,-181.000000,57 
OBJECT_ADD 28678742,32995549,176.000000,57 
OBJECT_ADD 28678253,32991148,0.000000,63 
OBJECT_ADD 28620736,33010979,-88.000000,63 
OBJECT_ADD 28641051,33060502,-77.000000,62 #Kenley
OBJECT_ADD 28739877,33242233,0.000000,62 
OBJECT_ADD 28788556,33257122,0.000000,63 
OBJECT_ADD 28790505,33255763,-112.000000,62 
OBJECT_ADD 28858593,33253110,-88.000000,62 
OBJECT_ADD 28849762,33265363,44.000000,63 
OBJECT_ADD 28849122,33258343,0.000000,62 
OBJECT_ADD 28851050,33257106,-77.000000,62 
OBJECT_ADD 28849731,33260905,66.000000,63 
OBJECT_ADD 28846554,33258915,55.000000,63 
OBJECT_ADD 28847512,33262407,-253.000000,62 
OBJECT_ADD 28857233,33263505,-121.000000,59 
OBJECT_ADD 28858276,33261868,-121.000000,55 
OBJECT_ADD 28859186,33260407,-119.000000,55 
OBJECT_ADD 28860338,33261653,-100.000000,62 
OBJECT_ADD 29005036,33096861,0.000000,63 
OBJECT_ADD 29083462,32998977,113.000000,62 
OBJECT_ADD 29083206,32996557,88.000000,63 
OBJECT_ADD 29081061,32992622,-11.000000,59 
OBJECT_ADD 29089990,32981053,-229.000000,57 
OBJECT_ADD 29090572,32978198,122.000000,63 
OBJECT_ADD 29099796,32940680,0.000000,62 
OBJECT_ADD 29149091,32840058,0.000000,62 
OBJECT_ADD 29152000,32823531,0.000000,62 
OBJECT_ADD 28978410,33196525,-135.000000,62 
OBJECT_ADD 28974689,33189067,0.000000,57 
OBJECT_ADD 28974689,33190867,95.000000,57 
OBJECT_ADD 28989999,33160935,-46.000000,62 
OBJECT_ADD 28992209,33161483,68.000000,63 
OBJECT_ADD 28998527,33151068,-22.000000,57 
OBJECT_ADD 29070330,33128241,-51.000000,62 
OBJECT_ADD 29144639,33000849,0.000000,62 
OBJECT_ADD 29173955,32834408,0.000000,62 
OBJECT_ADD 29170957,32834112,-55.000000,63 
OBJECT_ADD 29193648,32790543,0.000000,62 
OBJECT_ADD 29194659,32786642,-308.000000,57 
OBJECT_ADD 29201005,32784128,-55.000000,59 
OBJECT_ADD 29271239,32762329,-33.000000,63 
OBJECT_ADD 29188014,32692409,110.000000,57 
OBJECT_ADD 29174943,32683580,44.000000,62 
OBJECT_ADD 29173092,32686079,55.000000,62 
OBJECT_ADD 29176366,32600205,0.000000,63 
OBJECT_ADD 29162326,32616311,-55.000000,62 #Kenley
OBJECT_ADD 28673239,33076213,-24.000000,16 
OBJECT_ADD 28688684,33091255,42234.000000,16 
OBJECT_ADD 28681582,33101021,-28.000000,16 
OBJECT_ADD 28683765,33096950,-28.000000,16 
OBJECT_ADD 28675227,33077109,-24.000000,16 
OBJECT_ADD 28686996,33094753,-28.000000,16 
OBJECT_ADD 28686789,33098506,-28.000000,78 
OBJECT_ADD 28686336,33100272,-206.000000,349 
OBJECT_ADD 28677883,33107935,-28.000000,16 
OBJECT_ADD 28685178,33090471,-112.000000,350 
OBJECT_ADD 28684876,33091065,66.000000,350 
OBJECT_ADD 28685319,33089997,-112.000000,349 



