
#London
OBJECT_ADD 29174959,35684251,0.000000,158 #London
OBJECT_ADD 29174266,35676667,0.000000,158
OBJECT_ADD 29193796,35680192,0.000000,128
OBJECT_ADD 29185471,35680192,0.000000,128
OBJECT_ADD 29185820,35705895,44.000000,129
OBJECT_ADD 29192201,35699318,44.000000,129
OBJECT_ADD 29164704,35690673,0.000000,129
OBJECT_ADD 29154382,35690513,88.000000,128
OBJECT_ADD 29206734,35746103,40.000000,123
OBJECT_ADD 29479719,35569176,-14.000000,123
OBJECT_ADD 29481415,35550125,76.000000,124
OBJECT_ADD 29697161,35583911,38.000000,128
OBJECT_ADD 29688705,35588951,40.000000,129
OBJECT_ADD 29555649,35935653,129.000000,129
OBJECT_ADD 29530298,35179593,-88.000000,330
OBJECT_ADD 29552446,35178124,271.000000,330
OBJECT_ADD 29664494,35147737,0.000000,129
OBJECT_ADD 29654565,35160067,0.000000,128
OBJECT_ADD 29651117,35147456,90.000000,129
OBJECT_ADD 29628713,35156631,0.000000,46
OBJECT_ADD 29627985,35154391,0.000000,46
OBJECT_ADD 29629161,35158871,0.000000,46
OBJECT_ADD 29627369,35156631,44.000000,349
OBJECT_ADD 29518774,35123596,0.000000,129
OBJECT_ADD 29219999,35152733,-5.000000,123
OBJECT_ADD 29337458,35258792,0.000000,129
OBJECT_ADD 29253066,35242430,0.000000,128
OBJECT_ADD 28936813,35109819,0.000000,129
OBJECT_ADD 28553698,35735563,0.000000,123
OBJECT_ADD 28553698,35708235,0.000000,123
OBJECT_ADD 28553593,35681038,0.000000,123
OBJECT_ADD 28531262,35676456,0.000000,129
OBJECT_ADD 28531262,35690792,0.000000,128
OBJECT_ADD 28574961,35692204,44.000000,129
OBJECT_ADD 29213050,34189677,0.000000,164
OBJECT_ADD 29215135,34188765,0.000000,164
OBJECT_ADD 29217385,34187865,0.000000,164
OBJECT_ADD 29211736,34186700,22.000000,104
OBJECT_ADD 29189734,34213237,-26.000000,129
OBJECT_ADD 29183035,34227044,-26.000000,129
OBJECT_ADD 29324327,34155164,-12.000000,128
OBJECT_ADD 29325949,34147060,80.000000,164
OBJECT_ADD 29326487,34144672,78.000000,164
OBJECT_ADD 29130805,34058563,-18.000000,128
OBJECT_ADD 29134886,34046648,-19.000000,128
OBJECT_ADD 28862612,34295255,38.000000,129
OBJECT_ADD 28874347,34320655,16.000000,129
OBJECT_ADD 28730996,34533390,-104.000000,129
OBJECT_ADD 28687892,34593768,-63.000000,128
OBJECT_ADD 28590962,34496724,0.000000,158
OBJECT_ADD 28601738,34501869,-219.000000,158
OBJECT_ADD 28683661,34586418,-65.000000,164
OBJECT_ADD 28290612,34776922,3.000000,129
OBJECT_ADD 28854244,34284831,39.000000,129
OBJECT_ADD 28896439,34467475,70.000000,31
OBJECT_ADD 28896049,34461055,-11.000000,156
OBJECT_ADD 28895428,34464653,-20.000000,31
OBJECT_ADD 28897884,34463538,159.000000,54
OBJECT_ADD 28898638,34461424,160.000000,54
OBJECT_ADD 28752085,34365852,66.000000,82
OBJECT_ADD 28750393,34365006,-112.000000,93
OBJECT_ADD 28746879,34360218,-110.000000,62
OBJECT_ADD 28754211,34359868,0.000000,62
OBJECT_ADD 28751500,34376123,99.000000,62
OBJECT_ADD 28429132,34619475,-88.000000,158
OBJECT_ADD 28422830,34619431,90.000000,158
OBJECT_ADD 28311632,34649598,30.000000,128
OBJECT_ADD 28309039,34634567,29.000000,128
OBJECT_ADD 28261634,34767475,72.000000,129
OBJECT_ADD 28285746,34767820,0.000000,164
OBJECT_ADD 28284178,34767820,0.000000,164
OBJECT_ADD 28287314,34767820,0.000000,164
OBJECT_ADD 28336954,34778267,-202.000000,129
OBJECT_ADD 28332508,34775217,69.000000,118
OBJECT_ADD 28322928,34778388,0.000000,120
OBJECT_ADD 28293171,34769441,4.000000,118
OBJECT_ADD 28291020,34767272,28.000000,326
OBJECT_ADD 28291632,34767509,0.000000,327
OBJECT_ADD 28357063,35513247,0.000000,104
OBJECT_ADD 28365618,35522041,268.000000,104
OBJECT_ADD 28360665,35518817,0.000000,128
OBJECT_ADD 28354838,35518823,0.000000,128
OBJECT_ADD 28348931,35518792,0.000000,128
OBJECT_ADD 28360415,35502123,0.000000,128
OBJECT_ADD 28390551,35478906,-60.000000,128
OBJECT_ADD 28386224,35471052,-60.000000,128
OBJECT_ADD 28407656,35443880,-4.000000,129
OBJECT_ADD 28392824,35460886,-64.000000,128
OBJECT_ADD 28417712,35185349,-56.000000,128
OBJECT_ADD 28466342,35165584,20.000000,128
OBJECT_ADD 28446960,35277643,-112.000000,54
OBJECT_ADD 28449156,35278583,-111.000000,54
OBJECT_ADD 28451420,35279492,-110.000000,54
OBJECT_ADD 28453698,35280370,-110.000000,54
OBJECT_ADD 28456788,35281429,-20.000000,31
OBJECT_ADD 28453591,35283496,68.000000,31
OBJECT_ADD 28445357,35281620,72.000000,51
OBJECT_ADD 28450781,35284784,-198.000000,31
OBJECT_ADD 28449099,35281999,66.000000,31
OBJECT_ADD 28446228,35274852,99.000000,62
OBJECT_ADD 28455253,35277693,0.000000,63
OBJECT_ADD 28463832,35281299,-11.000000,63
OBJECT_ADD 28476251,35244861,11.000000,63
OBJECT_ADD 28468163,35249247,-176.000000,62
OBJECT_ADD 28455870,35246923,38.000000,62
OBJECT_ADD 28495879,35254761,-70.000000,62
OBJECT_ADD 28452196,35263541,70.000000,62
OBJECT_ADD 28450645,35268292,-99.000000,63
OBJECT_ADD 28436223,35293729,24.000000,62
OBJECT_ADD 28447284,35286136,66.000000,31
OBJECT_ADD 28473868,35229217,-66.000000,62
OBJECT_ADD 28489717,35243952,0.000000,62
OBJECT_ADD 28493435,35246697,0.000000,63
OBJECT_ADD 28448595,35271800,-99.000000,62
OBJECT_ADD 28461429,35280584,-33.000000,63
OBJECT_ADD 28443111,35284659,-110.000000,31
OBJECT_ADD 28454868,35286192,-22.000000,31
OBJECT_ADD 28448678,35290534,81.000000,325
OBJECT_ADD 28439519,35287768,-104.000000,325
OBJECT_ADD 28423340,35315766,-99.000000,62
OBJECT_ADD 28416578,35326237,0.000000,63
OBJECT_ADD 28431280,35361269,0.000000,63
OBJECT_ADD 28432902,35329074,0.000000,62
OBJECT_ADD 28482173,35284418,0.000000,63 #London



