
#Manston 
OBJECT_ADD 37887252,33714922,-22.000000,19 #Manston 
OBJECT_ADD 37887317,33717578,-176.000000,26
OBJECT_ADD 37717577,33695410,45.000000,62
OBJECT_ADD 37707730,33729237,90.000000,63
OBJECT_ADD 37708311,33733485,-2.000000,62
OBJECT_ADD 37727480,33730470,0.000000,63
OBJECT_ADD 37723378,33729067,0.000000,62
OBJECT_ADD 37726875,33775814,0.000000,63
OBJECT_ADD 37668314,33797883,-143.000000,63
OBJECT_ADD 37678971,33786549,-66.000000,62
OBJECT_ADD 37643751,33834627,0.000000,62
OBJECT_ADD 37572263,33811123,49.000000,57
OBJECT_ADD 37572765,33813846,-34.000000,62
OBJECT_ADD 37566094,33785469,40.000000,62
OBJECT_ADD 37562232,33786983,14.000000,62
OBJECT_ADD 37513839,33772321,0.000000,62
OBJECT_ADD 37514601,33781507,0.000000,63
OBJECT_ADD 37519234,33776807,176.000000,57
OBJECT_ADD 37832648,33708008,-135.000000,62
OBJECT_ADD 37839261,33728172,0.000000,62
OBJECT_ADD 37868903,33738560,0.000000,62
OBJECT_ADD 37873809,33740860,0.000000,63
OBJECT_ADD 37881270,33794012,0.000000,62
OBJECT_ADD 37882427,33808222,0.000000,62
OBJECT_ADD 37877752,33833655,315.000000,62
OBJECT_ADD 37829271,33860901,225.000000,62
OBJECT_ADD 37818894,33846953,0.000000,62
OBJECT_ADD 37807601,33851779,90.000000,62
OBJECT_ADD 37808961,33877546,0.000000,62
OBJECT_ADD 37806398,33867980,90.000000,62
OBJECT_ADD 37796333,33895659,0.000000,62
OBJECT_ADD 37796286,33893817,90.000000,63
OBJECT_ADD 37794986,33888416,-90.000000,62
OBJECT_ADD 37795389,33890783,45.000000,62
OBJECT_ADD 37783271,33884885,0.000000,349
OBJECT_ADD 37784483,33874492,165.000000,350
OBJECT_ADD 37783569,33886726,-90.000000,347
OBJECT_ADD 37689089,33884431,180.000000,347 
OBJECT_ADD 37830599,33809360,0.000000,62
OBJECT_ADD 37800398,33909004,102.000000,78
OBJECT_ADD 37784360,33881900,276.000000,42
OBJECT_ADD 37745732,33786367,0.000000,62
OBJECT_ADD 37739309,33773524,0.000000,62
OBJECT_ADD 37730328,33771878,0.000000,63
OBJECT_ADD 37716375,33779202,45.000000,62
OBJECT_ADD 37610505,33881575,0.000000,62
OBJECT_ADD 37610315,33877905,0.000000,63
OBJECT_ADD 37606245,33877421,0.000000,59
OBJECT_ADD 37604663,33876930,0.000000,57
OBJECT_ADD 37606472,33875814,88.000000,55
OBJECT_ADD 37605474,33873794,0.000000,62
OBJECT_ADD 37606004,33880830,165.000000,55
OBJECT_ADD 37602955,33875730,88.000000,62
OBJECT_ADD 37787583,33911088,11.000000,78
OBJECT_ADD 37787960,33912864,11.000000,78
OBJECT_ADD 37791613,33910609,-166.000000,96
OBJECT_ADD 37791304,33908783,80.000000,349
OBJECT_ADD 37790140,33913931,0.000000,50
OBJECT_ADD 37798428,33907842,99.000000,50
OBJECT_ADD 37797445,33907944,11.000000,50
OBJECT_ADD 37796446,33907887,33.000000,348
OBJECT_ADD 37798596,33908897,33.000000,50 #Manston 


