
#Marck (Calais)
OBJECT_ADD 41175126,30218246,21.000000,18 #Marck (Calais) 
OBJECT_ADD 41167830,30221174,22.000000,18 
OBJECT_ADD 41160599,30224109,22.000000,18 
OBJECT_ADD 41176546,30215847,63.000000,63 
OBJECT_ADD 41158292,30225582,132.000000,63 
OBJECT_ADD 41168540,30213559,33.000000,62 
OBJECT_ADD 41165438,30222481,22.000000,39 
OBJECT_ADD 41164197,30222825,11.000000,39 
OBJECT_ADD 41165076,30223140,24.000000,39 
OBJECT_ADD 41184042,30210246,-24.000000,63 
OBJECT_ADD 41212143,30230974,16.000000,18 
OBJECT_ADD 41200738,30228309,40.000000,85 
OBJECT_ADD 41204324,30226460,0.000000,62 
OBJECT_ADD 41202591,30221656,0.000000,63 
OBJECT_ADD 41206844,30232369,18.000000,63 
OBJECT_ADD 41214275,30224245,-33.000000,62 
OBJECT_ADD 41202807,30213941,66.000000,62 
OBJECT_ADD 41199762,30228529,121.000000,63 
OBJECT_ADD 41203631,30214360,44.000000,83 
OBJECT_ADD 41202803,30222592,44.000000,83 
OBJECT_ADD 41201573,30221279,44.000000,83 
OBJECT_ADD 41207955,30233229,33.000000,83 
OBJECT_ADD 41207256,30232083,33.000000,83 
OBJECT_ADD 41205612,30233008,29.000000,85 
OBJECT_ADD 41204364,30227219,32.000000,83 
OBJECT_ADD 41204136,30226001,36.000000,83 
OBJECT_ADD 41213873,30224976,38.000000,84 
OBJECT_ADD 41203111,30221515,132.000000,84 
OBJECT_ADD 41193063,30213947,44.000000,83 
OBJECT_ADD 41187885,30215346,58.000000,83 
OBJECT_ADD 41202593,30214459,22.000000,83 
OBJECT_ADD 41200194,30229172,42.000000,83 
OBJECT_ADD 41199364,30228124,40.000000,83 
OBJECT_ADD 41193322,30220176,0.000000,347 
OBJECT_ADD 41180184,30216974,93.000000,57 
OBJECT_ADD 41182334,30217766,288.000000,350 
OBJECT_ADD 41182236,30214269,90.000000,327 
OBJECT_ADD 41232107,30168150,-88.000000,62 
OBJECT_ADD 41249378,30124195,-44.000000,63 
OBJECT_ADD 41257869,30171141,-44.000000,63 
OBJECT_ADD 41247537,30199844,44.000000,62 
OBJECT_ADD 41266463,30230880,0.000000,63 
OBJECT_ADD 41299110,30264450,44.000000,62 
OBJECT_ADD 41258479,30131719,0.000000,63 
OBJECT_ADD 41308498,30319765,0.000000,62 
OBJECT_ADD 41353810,30159188,0.000000,62 
OBJECT_ADD 41202400,30237231,-79.000000,324 
OBJECT_ADD 41202366,30237113,-77.000000,324 
OBJECT_ADD 41202433,30237358,-76.000000,324 
OBJECT_ADD 41202467,30237489,-77.000000,324 
OBJECT_ADD 41202716,30236997,-74.000000,324 
OBJECT_ADD 41202744,30237107,-74.000000,324 
OBJECT_ADD 41202789,30237229,-74.000000,324 
OBJECT_ADD 41202827,30237361,-74.000000,324 
OBJECT_ADD 41174399,30186128,6.000000,63 
OBJECT_ADD 41232689,30293595,22.000000,62 
OBJECT_ADD 41227206,30202478,99.000000,63 
OBJECT_ADD 41201963,30236749,-33.000000,74 
OBJECT_ADD 41200316,30232564,-52.000000,18 
OBJECT_ADD 41195877,30227174,-49.000000,18 
OBJECT_ADD 41130275,30246790,-143.000000,62 
OBJECT_ADD 41167684,30229220,-45.000000,74 
OBJECT_ADD 41201858,30235391,34.000000,50 
OBJECT_ADD 41197766,30230996,-33.000000,39 
OBJECT_ADD 41198209,30229876,-44.000000,39 
OBJECT_ADD 41197250,30230109,-55.000000,39 
OBJECT_ADD 41209796,30228260,0.000000,50 
OBJECT_ADD 41203047,30233492,213.000000,350 
OBJECT_ADD 41204035,30232952,-143.000000,35 #Marck (Calais) 





