OBJECT_ADD 13739554,26388328,-373.000000,62 
OBJECT_ADD 13758539,26400137,-350.000000,62 
OBJECT_ADD 13755000,26399883,-350.000000,62 
OBJECT_ADD 13761842,26401207,-350.000000,62 
OBJECT_ADD 13759705,26404226,-350.000000,62 
OBJECT_ADD 13756513,26391773,-350.000000,62 
OBJECT_ADD 13757204,26387938,-350.000000,62 
OBJECT_ADD 13741026,26418952,-350.000000,62 
OBJECT_ADD 13746949,26391392,-350.000000,62 
OBJECT_ADD 13760572,26396755,-350.000000,62 
OBJECT_ADD 13737250,26403539,-350.000000,62 
OBJECT_ADD 13761835,26391220,-350.000000,62 
OBJECT_ADD 13760264,26387872,-350.000000,62 
OBJECT_ADD 13752382,26383571,-350.000000,62 
OBJECT_ADD 13756004,26382532,-350.000000,62 
OBJECT_ADD 13806656,26313202,0.000000,62 
OBJECT_ADD 13846939,26330876,0.000000,62 
OBJECT_ADD 13846204,26326682,0.000000,62 
OBJECT_ADD 13846021,26324159,0.000000,62 
OBJECT_ADD 13820039,26338575,0.000000,62 
OBJECT_ADD 13818362,26336666,0.000000,62 
OBJECT_ADD 13819250,26332738,0.000000,62 
OBJECT_ADD 13833702,26322047,0.000000,62 
OBJECT_ADD 13823208,26315828,0.000000,62 
OBJECT_ADD 13843503,26318662,0.000000,62 
OBJECT_ADD 13842394,26315241,0.000000,62 
OBJECT_ADD 13842380,26311988,0.000000,62 
OBJECT_ADD 13814768,26322040,0.000000,62 
OBJECT_ADD 13873837,26344969,0.000000,62 
OBJECT_ADD 13876647,26343460,0.000000,62 
OBJECT_ADD 13856211,26336389,0.000000,62 
OBJECT_ADD 13854832,26338371,0.000000,62 
OBJECT_ADD 13855681,26332171,0.000000,62 
OBJECT_ADD 13858323,26331591,0.000000,62 
OBJECT_ADD 13838522,26333980,0.000000,62 
OBJECT_ADD 13838946,26331720,0.000000,62 
OBJECT_ADD 13807867,26334005,0.000000,62 
OBJECT_ADD 13807976,26335668,0.000000,62 
OBJECT_ADD 13793281,26340326,0.000000,62 
OBJECT_ADD 13797619,26340280,0.000000,62 
OBJECT_ADD 13802143,26338473,0.000000,62 
OBJECT_ADD 13797551,26316906,0.000000,62 
OBJECT_ADD 13804851,26320078,0.000000,62 
OBJECT_ADD 13799694,26321127,0.000000,62 
OBJECT_ADD 13800566,26318086,0.000000,62 
OBJECT_ADD 13812970,26339120,0.000000,62 
OBJECT_ADD 13795209,26387532,-350.000000,62 
OBJECT_ADD 13766526,26422374,-350.000000,62 
OBJECT_ADD 13835828,26430044,-350.000000,62 
OBJECT_ADD 13801407,26427936,-350.000000,62 
OBJECT_ADD 13783896,26374090,-350.000000,62 
OBJECT_ADD 13775244,26389399,-350.000000,62 
OBJECT_ADD 13833066,26426877,-350.000000,62 
OBJECT_ADD 13791513,26379834,-350.000000,62 
OBJECT_ADD 13789704,26383017,-350.000000,62 
OBJECT_ADD 13788175,26386165,-350.000000,62 
OBJECT_ADD 13832511,26431733,-373.000000,62 
OBJECT_ADD 13801647,26435869,-373.000000,62 
OBJECT_ADD 13785394,26414014,-373.000000,62 
OBJECT_ADD 13782043,26415330,-373.000000,62 
OBJECT_ADD 13785515,26411520,-373.000000,62 
OBJECT_ADD 13831938,26423553,-373.000000,62 
OBJECT_ADD 13786528,26388692,-373.000000,62 
OBJECT_ADD 13791528,26398312,-373.000000,62 
OBJECT_ADD 13788954,26391373,-373.000000,62 
OBJECT_ADD 13828742,26431020,-373.000000,62 
OBJECT_ADD 13786770,26416488,-373.000000,62 
OBJECT_ADD 13781827,26409277,-373.000000,62 
OBJECT_ADD 13782252,26462697,-416.000000,63 
OBJECT_ADD 13775495,26390578,-427.000000,63 
OBJECT_ADD 13799473,26452516,-350.000000,63 
OBJECT_ADD 13815268,26393926,-350.000000,62 
OBJECT_ADD 13823166,26428029,-350.000000,62 
OBJECT_ADD 13810193,26393159,-350.000000,62 
OBJECT_ADD 13811575,26395533,-350.000000,62 
OBJECT_ADD 13815448,26400257,-350.000000,62 
OBJECT_ADD 13811439,26401845,-350.000000,62 
OBJECT_ADD 13820223,26426329,-350.000000,62 
OBJECT_ADD 13816323,26425429,-350.000000,62 
OBJECT_ADD 13806421,26459219,-350.000000,62 
OBJECT_ADD 13802381,26449372,-350.000000,62 
OBJECT_ADD 13805018,26456282,-350.000000,62 
OBJECT_ADD 13800907,26431733,-350.000000,62 
OBJECT_ADD 13819553,26437227,-350.000000,62 
OBJECT_ADD 13801634,26470869,-350.000000,62 
OBJECT_ADD 13803323,26467321,-350.000000,62 
OBJECT_ADD 13802980,26460346,-350.000000,62 
OBJECT_ADD 13810681,26445010,-350.000000,62 
OBJECT_ADD 13810128,26440707,-350.000000,62 
OBJECT_ADD 13810305,26431448,-350.000000,62 
OBJECT_ADD 13809993,26456261,-350.000000,62 
OBJECT_ADD 13808559,26451567,-350.000000,62 
OBJECT_ADD 13802816,26444994,-350.000000,62 
OBJECT_ADD 13806563,26445162,-350.000000,62 
OBJECT_ADD 13799602,26440026,-350.000000,62 
OBJECT_ADD 13804117,26438778,-350.000000,62 
OBJECT_ADD 13793734,26440001,-350.000000,62 
OBJECT_ADD 13796493,26433854,-350.000000,62 
OBJECT_ADD 13808351,26412221,-350.000000,62 
OBJECT_ADD 13791559,26437889,-350.000000,62 
OBJECT_ADD 13790815,26431197,-350.000000,62 
OBJECT_ADD 13789186,26434946,-350.000000,62 
OBJECT_ADD 13780855,26437151,-350.000000,62 
OBJECT_ADD 13778419,26438772,-350.000000,62 
OBJECT_ADD 13785794,26438090,-350.000000,62 
OBJECT_ADD 13786697,26446896,-350.000000,62 
OBJECT_ADD 13784286,26456663,-350.000000,62 
OBJECT_ADD 13781580,26449649,-350.000000,62 
OBJECT_ADD 13782609,26446793,-350.000000,62 
OBJECT_ADD 13785853,26442620,-350.000000,62 
OBJECT_ADD 13776365,26449135,-350.000000,62 
OBJECT_ADD 13776125,26445017,-350.000000,62 
OBJECT_ADD 13781450,26442638,-350.000000,62 
OBJECT_ADD 13776015,26470984,-350.000000,62 
OBJECT_ADD 13786542,26451640,-350.000000,62 
OBJECT_ADD 13773177,26444034,-350.000000,62 
OBJECT_ADD 13770961,26440848,-350.000000,62 
OBJECT_ADD 13774050,26364463,-350.000000,62 
OBJECT_ADD 13775396,26374867,-350.000000,62 
OBJECT_ADD 13770328,26378786,-350.000000,62 
OBJECT_ADD 13778044,26371824,-350.000000,62 
OBJECT_ADD 13771357,26427471,-350.000000,62 
OBJECT_ADD 13797806,26372124,-350.000000,62 
OBJECT_ADD 13821049,26412313,-350.000000,62 
OBJECT_ADD 13825686,26399218,-350.000000,62 
OBJECT_ADD 13821324,26388882,-350.000000,62 
OBJECT_ADD 13798513,26453102,-350.000000,62 
OBJECT_ADD 13829839,26442066,-350.000000,62 
OBJECT_ADD 13827920,26444663,-350.000000,62 
OBJECT_ADD 13804123,26464255,-350.000000,62 
OBJECT_ADD 13818746,26431220,-350.000000,62 
OBJECT_ADD 13818521,26416448,-350.000000,62 
OBJECT_ADD 13780731,26469717,-350.000000,62 
OBJECT_ADD 13764126,26388532,-350.000000,62 
OBJECT_ADD 13821168,26405632,-350.000000,62 
OBJECT_ADD 13827825,26439821,-350.000000,62 
OBJECT_ADD 13832026,26413474,-350.000000,62 
OBJECT_ADD 13871908,26348879,0.000000,62 
OBJECT_ADD 13868342,26346570,0.000000,62 
OBJECT_ADD 13876440,26352141,0.000000,62 
OBJECT_ADD 13853514,26374364,-23.000000,62 
OBJECT_ADD 13854493,26393580,-23.000000,62 
OBJECT_ADD 13853524,26387965,-23.000000,62 
OBJECT_ADD 13858720,26386857,-23.000000,62 
OBJECT_ADD 13845602,26377813,-23.000000,62 
OBJECT_ADD 13833368,26382096,-23.000000,62 
OBJECT_ADD 13864601,26389486,-23.000000,62 
OBJECT_ADD 13852554,26385319,-23.000000,62 
OBJECT_ADD 13843234,26382400,-23.000000,62 
OBJECT_ADD 13846411,26382440,-23.000000,62 
OBJECT_ADD 13875838,26370294,-23.000000,62 
OBJECT_ADD 13832059,26392603,-23.000000,62 
OBJECT_ADD 13839119,26396876,-23.000000,62 
OBJECT_ADD 13868055,26406208,-66.000000,63 
OBJECT_ADD 13879078,26402389,-77.000000,63 
OBJECT_ADD 13878396,26360435,0.000000,63 
OBJECT_ADD 13835245,26394887,-23.000000,62 
OBJECT_ADD 13836893,26390172,-23.000000,62 
OBJECT_ADD 13841787,26399188,-23.000000,62 
OBJECT_ADD 13870367,26365463,-23.000000,62 
OBJECT_ADD 13847706,26406673,-23.000000,62 
OBJECT_ADD 13855506,26389774,-23.000000,62 
OBJECT_ADD 13823487,26397903,-23.000000,62 
OBJECT_ADD 13856908,26411866,-23.000000,62 
OBJECT_ADD 13855412,26412999,-23.000000,62 
OBJECT_ADD 13843415,26401193,-23.000000,62 
OBJECT_ADD 13845459,26404692,-23.000000,62 
OBJECT_ADD 13835130,26370580,-66.000000,63 
OBJECT_ADD 13868158,26405928,-77.000000,63 
OBJECT_ADD 13836196,26385069,0.000000,63 
OBJECT_ADD 13874352,26384059,-23.000000,62 
OBJECT_ADD 13862791,26386224,-23.000000,62 
OBJECT_ADD 13864265,26392245,-23.000000,62 
OBJECT_ADD 13845050,26371376,-23.000000,62 
OBJECT_ADD 13851097,26370952,-23.000000,62 
OBJECT_ADD 13847845,26375059,-23.000000,62 
OBJECT_ADD 13853054,26376836,-23.000000,62 
OBJECT_ADD 13887216,26389423,-23.000000,62 
OBJECT_ADD 13870852,26375336,-23.000000,62 
OBJECT_ADD 13887549,26405376,-23.000000,62 
OBJECT_ADD 13858782,26382319,-23.000000,62 
OBJECT_ADD 13867461,26359110,-23.000000,62 
OBJECT_ADD 13885616,26401021,-23.000000,62 
OBJECT_ADD 13840885,26370366,-66.000000,63 
OBJECT_ADD 13835279,26354443,-77.000000,63 
OBJECT_ADD 13838507,26348395,0.000000,63 
OBJECT_ADD 13825227,26373274,-23.000000,62 
OBJECT_ADD 13829494,26378851,-23.000000,62 
OBJECT_ADD 13825261,26378168,-23.000000,62 
OBJECT_ADD 13884216,26363591,-23.000000,62 
OBJECT_ADD 13857664,26360213,-23.000000,62 
OBJECT_ADD 13852071,26352292,-23.000000,62 
OBJECT_ADD 13851640,26354235,-23.000000,62 
OBJECT_ADD 13852325,26360638,-23.000000,62 
OBJECT_ADD 13843289,26365423,-23.000000,62 
OBJECT_ADD 13847356,26364405,-23.000000,62 
OBJECT_ADD 13848067,26369084,-23.000000,62 
OBJECT_ADD 13826247,26367051,-23.000000,62 
OBJECT_ADD 13849789,26365982,-23.000000,62 
OBJECT_ADD 13826853,26378101,-66.000000,63 
OBJECT_ADD 13831228,26368701,-77.000000,63 
OBJECT_ADD 13848922,26382599,0.000000,63 
OBJECT_ADD 13882914,26426201,-23.000000,62 
OBJECT_ADD 13882196,26361927,-23.000000,62 
OBJECT_ADD 13881632,26359230,-23.000000,62 
OBJECT_ADD 13879533,26357157,-23.000000,62 
OBJECT_ADD 13872022,26359876,-23.000000,62 
OBJECT_ADD 13885135,26397606,-23.000000,62 
OBJECT_ADD 13886303,26392637,-23.000000,62 
OBJECT_ADD 13889318,26407379,-23.000000,62 
OBJECT_ADD 13873508,26357418,-23.000000,62 
OBJECT_ADD 13874788,26357487,-23.000000,62 
OBJECT_ADD 13871453,26394312,-66.000000,63 
OBJECT_ADD 13876532,26390686,-77.000000,63 
OBJECT_ADD 13882369,26387630,0.000000,63 
OBJECT_ADD 13862593,26380730,-23.000000,62 
OBJECT_ADD 13841161,26382633,-23.000000,62 
OBJECT_ADD 13838760,26383363,-23.000000,62 
OBJECT_ADD 13825709,26384126,-23.000000,62 
OBJECT_ADD 13829024,26402896,-23.000000,62 
OBJECT_ADD 13867466,26385027,-23.000000,62 
OBJECT_ADD 13865812,26382647,-23.000000,62 
OBJECT_ADD 13828139,26382429,-23.000000,62 
OBJECT_ADD 13833006,26403452,-23.000000,62 
OBJECT_ADD 13855108,26383368,-23.000000,62 
OBJECT_ADD 13851043,26409115,-23.000000,62 
OBJECT_ADD 13829045,26390639,-23.000000,62 
OBJECT_ADD 13875905,26382258,-23.000000,62 
OBJECT_ADD 13880384,26378914,-23.000000,62 
OBJECT_ADD 13833753,26357437,-23.000000,62 
OBJECT_ADD 13831517,26359687,-23.000000,62 
OBJECT_ADD 13828448,26364227,-23.000000,62 
OBJECT_ADD 13859632,26349240,-23.000000,62 
OBJECT_ADD 13860765,26352636,-23.000000,62 
OBJECT_ADD 13859114,26355687,-23.000000,62 
OBJECT_ADD 13848548,26371578,-23.000000,62 
OBJECT_ADD 13869978,26378317,-23.000000,62 
OBJECT_ADD 13875279,26378036,-23.000000,62 
OBJECT_ADD 13871575,26382321,-23.000000,62 
OBJECT_ADD 13833951,26369123,-23.000000,62 
OBJECT_ADD 13830263,26382736,-66.000000,63 
OBJECT_ADD 13857671,26365400,-77.000000,63 
OBJECT_ADD 13861105,26351236,0.000000,63 
OBJECT_ADD 13878253,26350473,0.000000,62 
OBJECT_ADD 13880191,26349527,0.000000,62 
OBJECT_ADD 13812800,26351717,0.000000,62 
OBJECT_ADD 13810614,26349567,0.000000,62 
OBJECT_ADD 13805800,26347898,0.000000,62 
OBJECT_ADD 13881800,26384239,-23.000000,62 
OBJECT_ADD 13875071,26375303,-23.000000,62 
OBJECT_ADD 13883039,26374749,-23.000000,62 
OBJECT_ADD 13840834,26455704,-200.000000,62 
OBJECT_ADD 13870276,26460840,-200.000000,62 
OBJECT_ADD 13880872,26446612,-200.000000,62 
OBJECT_ADD 13873200,26442847,-200.000000,62 
OBJECT_ADD 13876696,26390343,-243.000000,63 
OBJECT_ADD 13876139,26443833,-200.000000,62 
OBJECT_ADD 13862936,26437995,-200.000000,62 
OBJECT_ADD 13873335,26429962,-200.000000,62 
OBJECT_ADD 13851792,26429115,-200.000000,62 
OBJECT_ADD 13874177,26439971,-200.000000,62 
OBJECT_ADD 13868427,26437037,-200.000000,62 
OBJECT_ADD 13863038,26434301,-200.000000,62 
OBJECT_ADD 13861990,26470469,-200.000000,62 
OBJECT_ADD 13822979,26452811,-200.000000,62 
OBJECT_ADD 13823855,26439898,-243.000000,63 
OBJECT_ADD 13873871,26443599,-254.000000,63 
OBJECT_ADD 13884892,26462554,-200.000000,62 
OBJECT_ADD 13842879,26470996,-200.000000,62 
OBJECT_ADD 13833949,26435883,-200.000000,62 
OBJECT_ADD 13863541,26466413,-200.000000,62 
OBJECT_ADD 13837878,26433830,-200.000000,62 
OBJECT_ADD 13839163,26446899,-243.000000,63 
OBJECT_ADD 13879935,26467776,-254.000000,63 
OBJECT_ADD 13862780,26460133,-177.000000,63 
OBJECT_ADD 13815441,26401081,-200.000000,62 
OBJECT_ADD 13887630,26426838,-200.000000,62 
OBJECT_ADD 13880062,26426833,-200.000000,62 
OBJECT_ADD 13883345,26417851,-200.000000,62 
OBJECT_ADD 13879674,26416191,-200.000000,62 
OBJECT_ADD 13880452,26465262,-200.000000,62 
OBJECT_ADD 13873533,26466543,-200.000000,62 
OBJECT_ADD 13849367,26425344,-200.000000,62 
OBJECT_ADD 13842440,26423961,-200.000000,62 
OBJECT_ADD 13848136,26420509,-200.000000,62 
OBJECT_ADD 13883287,26434979,-200.000000,62 
OBJECT_ADD 13884793,26430989,-200.000000,62 
OBJECT_ADD 13847074,26429200,-200.000000,62 
OBJECT_ADD 13859694,26431790,-200.000000,62 
OBJECT_ADD 13884796,26446905,-200.000000,62 
OBJECT_ADD 13833390,26444526,-200.000000,62 
OBJECT_ADD 13857574,26436399,-200.000000,62 
OBJECT_ADD 13885855,26425418,-200.000000,62 
OBJECT_ADD 13878981,26439811,-200.000000,62 
OBJECT_ADD 13877682,26469028,-200.000000,62 
OBJECT_ADD 13858755,26440160,-200.000000,62 
OBJECT_ADD 13852720,26426694,-200.000000,62 
OBJECT_ADD 13843137,26421499,-200.000000,62 
OBJECT_ADD 13839374,26470209,-200.000000,62 
OBJECT_ADD 13832418,26448331,-200.000000,62 
OBJECT_ADD 13879704,26463156,-200.000000,62 
OBJECT_ADD 13859836,26432744,-243.000000,63 
OBJECT_ADD 13849110,26476033,-254.000000,63 
OBJECT_ADD 13835042,26456658,-177.000000,63 
OBJECT_ADD 13864167,26400564,-177.000000,63 
OBJECT_ADD 13797997,26432862,-200.000000,62 
OBJECT_ADD 13796742,26436637,-200.000000,62 
OBJECT_ADD 13801877,26429181,-200.000000,62 
OBJECT_ADD 13801029,26435545,-200.000000,62 
OBJECT_ADD 13811148,26430047,-200.000000,62 
OBJECT_ADD 13803898,26432788,-200.000000,62 
OBJECT_ADD 13805877,26436174,-200.000000,62 
OBJECT_ADD 13803802,26444974,-200.000000,62 
OBJECT_ADD 13805798,26448348,-200.000000,62 
OBJECT_ADD 13812053,26437256,-200.000000,62 
OBJECT_ADD 13816436,26421434,-200.000000,62 
OBJECT_ADD 13812548,26417432,-200.000000,62 
OBJECT_ADD 13811370,26441795,-200.000000,62 
OBJECT_ADD 13803266,26461586,-200.000000,62 
OBJECT_ADD 13803315,26467108,-200.000000,62 
OBJECT_ADD 13809902,26451463,-200.000000,62 
OBJECT_ADD 13806361,26453449,-200.000000,62 
OBJECT_ADD 13808265,26456456,-200.000000,62 
OBJECT_ADD 13811588,26443112,-200.000000,62 
OBJECT_ADD 13811187,26456095,-200.000000,62 
OBJECT_ADD 13811428,26473052,-254.000000,63 
OBJECT_ADD 13811801,26454215,-177.000000,63 
OBJECT_ADD 13798562,26491857,-350.000000,62 
OBJECT_ADD 13822110,26521873,-350.000000,62 
OBJECT_ADD 13817858,26490950,-350.000000,62 
OBJECT_ADD 13838820,26510589,-23.000000,62 
OBJECT_ADD 13833973,26484649,-23.000000,62 
OBJECT_ADD 13813835,26509346,-200.000000,62 
OBJECT_ADD 13818096,26488314,-200.000000,62 
OBJECT_ADD 13817238,26493238,-200.000000,62 
OBJECT_ADD 13836236,26491083,-200.000000,62 
OBJECT_ADD 13842099,26483061,-200.000000,62 
OBJECT_ADD 13837292,26484274,-200.000000,62 
OBJECT_ADD 13856350,26507074,-200.000000,62 
OBJECT_ADD 13857794,26500516,-200.000000,62 
OBJECT_ADD 13858787,26503963,-200.000000,62 
OBJECT_ADD 13848784,26486561,-200.000000,62 
OBJECT_ADD 13847860,26477260,-200.000000,62 
OBJECT_ADD 13853902,26483785,-200.000000,62 
OBJECT_ADD 13812654,26493118,-243.000000,63 
OBJECT_ADD 13813240,26511763,269.000000,62 
OBJECT_ADD 13767704,26468475,269.000000,62 
OBJECT_ADD 13813308,26508432,269.000000,62 
OBJECT_ADD 13811522,26505734,269.000000,62 
OBJECT_ADD 13763642,26468813,269.000000,62 
OBJECT_ADD 13767469,26473300,269.000000,62 
OBJECT_ADD 13844329,26503351,269.000000,62 
OBJECT_ADD 13822640,26502803,269.000000,62 
OBJECT_ADD 13803757,26527590,269.000000,62 
OBJECT_ADD 13843787,26530592,269.000000,62 
OBJECT_ADD 13840230,26530539,269.000000,62 
OBJECT_ADD 13821929,26504404,269.000000,62 
OBJECT_ADD 13812014,26517591,269.000000,62 
OBJECT_ADD 13800203,26489933,269.000000,62 
OBJECT_ADD 13797846,26491886,269.000000,62 
OBJECT_ADD 13837295,26489333,269.000000,62 
OBJECT_ADD 13801667,26506287,269.000000,62 
OBJECT_ADD 13794676,26512288,269.000000,62 
OBJECT_ADD 13789180,26516497,269.000000,62 
OBJECT_ADD 13792008,26518852,269.000000,62 
OBJECT_ADD 13793601,26516404,269.000000,62 
OBJECT_ADD 13788966,26520753,269.000000,62 
OBJECT_ADD 13786435,26513155,269.000000,62 
OBJECT_ADD 13782894,26506965,269.000000,62 
OBJECT_ADD 13793670,26504569,269.000000,62 
OBJECT_ADD 13791842,26501001,269.000000,62 
OBJECT_ADD 13776109,26486873,269.000000,62 
OBJECT_ADD 13779040,26487735,269.000000,62 
OBJECT_ADD 13789150,26494573,269.000000,62 
OBJECT_ADD 13789302,26491249,269.000000,62 
OBJECT_ADD 13759367,26487078,269.000000,62 
OBJECT_ADD 13783334,26462324,269.000000,62 
OBJECT_ADD 13759363,26476042,269.000000,62 
OBJECT_ADD 13765605,26463103,269.000000,62 
OBJECT_ADD 13777155,26517573,269.000000,62 
OBJECT_ADD 13795839,26480426,269.000000,62 
OBJECT_ADD 13788465,26484299,269.000000,62 
OBJECT_ADD 13786985,26480433,269.000000,62 
OBJECT_ADD 13782304,26519671,269.000000,62 
OBJECT_ADD 13780464,26516514,269.000000,62 
OBJECT_ADD 13800324,26487274,269.000000,62 
OBJECT_ADD 13801456,26483819,269.000000,62 
OBJECT_ADD 13799782,26525924,269.000000,62 
OBJECT_ADD 13790904,26523696,269.000000,62 
OBJECT_ADD 13794474,26526071,269.000000,62 
OBJECT_ADD 13771259,26479428,269.000000,62 
OBJECT_ADD 13765740,26513543,269.000000,62 
OBJECT_ADD 13772583,26469776,269.000000,62 
OBJECT_ADD 13766528,26507863,269.000000,62 
OBJECT_ADD 13764898,26472509,269.000000,62 
OBJECT_ADD 13775079,26519213,269.000000,62 
OBJECT_ADD 13765573,26487063,269.000000,62 
OBJECT_ADD 13763459,26500453,269.000000,62 
OBJECT_ADD 13765569,26494609,269.000000,62 
OBJECT_ADD 13765878,26491081,269.000000,62 
OBJECT_ADD 13780518,26495791,269.000000,62 
OBJECT_ADD 13802892,26528447,269.000000,62 
OBJECT_ADD 13794045,26535397,269.000000,62 
OBJECT_ADD 13797336,26534365,269.000000,62 
OBJECT_ADD 13919292,26336599,-17.000000,62 
OBJECT_ADD 14023369,26321563,-71.000000,63 
OBJECT_ADD 14022188,26335731,-17.000000,62 
OBJECT_ADD 14019367,26337801,-17.000000,62 
OBJECT_ADD 14006781,26333571,-17.000000,62 
OBJECT_ADD 13997353,26328347,-17.000000,62 
OBJECT_ADD 14023014,26329515,-17.000000,62 
OBJECT_ADD 14005749,26327778,-60.000000,63 
OBJECT_ADD 13999914,26329221,-71.000000,63 
OBJECT_ADD 13987410,26330185,-17.000000,62 
OBJECT_ADD 14022236,26333497,-17.000000,62 
OBJECT_ADD 14016780,26339601,-17.000000,62 
OBJECT_ADD 14013670,26342454,-17.000000,62 
OBJECT_ADD 13998146,26340307,-17.000000,62 
OBJECT_ADD 13993674,26340624,-17.000000,62 
OBJECT_ADD 13989309,26341930,-17.000000,62 
OBJECT_ADD 14012329,26334671,-60.000000,63 
OBJECT_ADD 13986537,26440076,-17.000000,62 
OBJECT_ADD 13922659,26416874,-17.000000,62 
OBJECT_ADD 13924080,26355324,-71.000000,63 
OBJECT_ADD 13929454,26357680,-17.000000,62 
OBJECT_ADD 13935327,26418300,-17.000000,62 
OBJECT_ADD 13936118,26420058,-17.000000,62 
OBJECT_ADD 14022885,26358960,-17.000000,62 
OBJECT_ADD 14008365,26375930,-17.000000,62 
OBJECT_ADD 14010041,26390845,-60.000000,63 
OBJECT_ADD 13977479,26407089,6.000000,63 
OBJECT_ADD 14018060,26350996,-17.000000,62 
OBJECT_ADD 14021352,26348088,-17.000000,62 
OBJECT_ADD 14022569,26350631,-17.000000,62 
OBJECT_ADD 14012424,26375582,-17.000000,62 
OBJECT_ADD 14005128,26374466,-17.000000,62 
OBJECT_ADD 13999431,26399813,-17.000000,62 
OBJECT_ADD 14018103,26347250,-17.000000,62 
OBJECT_ADD 14021134,26352403,-17.000000,62 
OBJECT_ADD 13977197,26446855,-60.000000,63 
OBJECT_ADD 13974889,26446243,6.000000,63 
OBJECT_ADD 14009063,26405709,-17.000000,62 
OBJECT_ADD 14002104,26374297,-17.000000,62 
OBJECT_ADD 14004437,26372292,-17.000000,62 
OBJECT_ADD 13981637,26438643,-17.000000,62 
OBJECT_ADD 13990059,26389072,-17.000000,62 
OBJECT_ADD 13964591,26400760,-17.000000,62 
OBJECT_ADD 13972022,26402497,-17.000000,62 
OBJECT_ADD 13970601,26398607,-17.000000,62 
OBJECT_ADD 13975815,26403220,-17.000000,62 
OBJECT_ADD 13966488,26401453,-17.000000,62 
OBJECT_ADD 13968012,26396354,-17.000000,62 
OBJECT_ADD 14008807,26372006,-17.000000,62 
OBJECT_ADD 13990923,26384126,-17.000000,62 
OBJECT_ADD 13989215,26379724,-17.000000,62 
OBJECT_ADD 13986715,26385956,-17.000000,62 
OBJECT_ADD 14001983,26369571,-17.000000,62 
OBJECT_ADD 13984419,26383156,-17.000000,62 
OBJECT_ADD 13985571,26379758,-17.000000,62 
OBJECT_ADD 13972152,26427437,-60.000000,63 
OBJECT_ADD 14002453,26382331,6.000000,63 
OBJECT_ADD 14019331,26346246,-71.000000,63 
OBJECT_ADD 14019353,26443506,0.000000,62 
OBJECT_ADD 13996724,26426383,0.000000,62 
OBJECT_ADD 14020020,26470146,0.000000,62 
OBJECT_ADD 14022592,26465115,0.000000,62 
OBJECT_ADD 14015997,26440301,0.000000,62 
OBJECT_ADD 14000092,26441610,0.000000,62 
OBJECT_ADD 14002081,26444923,0.000000,62 
OBJECT_ADD 13998298,26441209,0.000000,62 
OBJECT_ADD 13995872,26439186,0.000000,62 
OBJECT_ADD 14020027,26422925,0.000000,62 
OBJECT_ADD 14012374,26381009,-17.000000,62 
OBJECT_ADD 14013971,26404803,-17.000000,62 
OBJECT_ADD 14023602,26401736,-17.000000,62 
OBJECT_ADD 14018373,26370328,-17.000000,62 
OBJECT_ADD 14019686,26374402,-17.000000,62 
OBJECT_ADD 14017380,26367242,-17.000000,62 
OBJECT_ADD 14015137,26365241,6.000000,63 
OBJECT_ADD 14045471,26321950,-17.000000,62 
OBJECT_ADD 14027023,26345396,-17.000000,62 
OBJECT_ADD 14029818,26342759,-17.000000,62 
OBJECT_ADD 14024738,26342791,-17.000000,62 
OBJECT_ADD 14039955,26357915,-17.000000,62 
OBJECT_ADD 14042632,26358382,-17.000000,62 
OBJECT_ADD 14048166,26348297,-17.000000,62 
OBJECT_ADD 14025815,26349451,-17.000000,62 
OBJECT_ADD 14029060,26358707,-17.000000,62 
OBJECT_ADD 14031444,26360989,-17.000000,62 
OBJECT_ADD 14025979,26352413,-17.000000,62 
OBJECT_ADD 14058454,26425490,0.000000,62 
OBJECT_ADD 14059770,26419552,0.000000,62 
OBJECT_ADD 14084265,26375674,0.000000,62 
OBJECT_ADD 14095737,26371540,0.000000,62 
OBJECT_ADD 14118063,26364433,0.000000,62 
OBJECT_ADD 14114560,26364811,0.000000,62 
OBJECT_ADD 14058999,26404813,0.000000,62 
OBJECT_ADD 14068118,26423071,0.000000,62 
OBJECT_ADD 14065613,26412383,0.000000,62 
OBJECT_ADD 14061884,26413868,0.000000,62 
OBJECT_ADD 14062462,26410148,0.000000,62 
OBJECT_ADD 14066903,26404861,0.000000,62 
OBJECT_ADD 14095616,26404535,0.000000,62 
OBJECT_ADD 14106360,26402709,0.000000,62 
OBJECT_ADD 14088417,26381603,0.000000,62 
OBJECT_ADD 14110093,26379296,0.000000,62 
OBJECT_ADD 14104598,26389775,0.000000,62 
OBJECT_ADD 14101490,26390397,0.000000,62 
OBJECT_ADD 14096973,26382822,0.000000,62 
OBJECT_ADD 14095585,26379943,0.000000,62 
OBJECT_ADD 14091097,26386382,0.000000,62 
OBJECT_ADD 14121655,26404305,0.000000,62 
OBJECT_ADD 14119764,26407079,0.000000,62 
OBJECT_ADD 14115797,26407434,0.000000,62 
OBJECT_ADD 14112316,26408863,0.000000,62 
OBJECT_ADD 14078580,26410610,0.000000,62 
OBJECT_ADD 14094282,26377446,0.000000,62 
OBJECT_ADD 14108729,26366059,0.000000,62 
OBJECT_ADD 14108439,26406177,0.000000,62 
OBJECT_ADD 14105667,26407672,0.000000,62 
OBJECT_ADD 14100679,26397404,0.000000,62 
OBJECT_ADD 14098485,26393223,0.000000,62 
OBJECT_ADD 14095398,26392041,0.000000,62 
OBJECT_ADD 14076945,26389045,0.000000,62 
OBJECT_ADD 14086826,26379388,0.000000,62 
OBJECT_ADD 14114141,26375328,0.000000,62 
OBJECT_ADD 14114511,26401895,0.000000,62 
OBJECT_ADD 14117895,26398730,0.000000,62 
OBJECT_ADD 14108192,26411773,0.000000,62 
OBJECT_ADD 14104043,26410666,0.000000,62 
OBJECT_ADD 14091836,26413792,0.000000,62 
OBJECT_ADD 14104502,26413333,0.000000,62 
OBJECT_ADD 14120832,26396644,0.000000,62 
OBJECT_ADD 14111828,26405159,0.000000,62 
OBJECT_ADD 14098567,26406681,0.000000,62 
OBJECT_ADD 14088056,26412400,0.000000,62 
OBJECT_ADD 14092112,26416282,0.000000,62 
OBJECT_ADD 14094646,26418982,0.000000,62 
OBJECT_ADD 14092019,26402514,0.000000,62 
OBJECT_ADD 14119625,26370224,0.000000,62 
OBJECT_ADD 14123213,26392225,0.000000,62 
OBJECT_ADD 14125751,26389773,0.000000,62 
OBJECT_ADD 14138299,26370553,0.000000,62 
OBJECT_ADD 14128500,26388480,0.000000,62 
OBJECT_ADD 14135478,26369683,0.000000,62 
OBJECT_ADD 14093242,26374771,0.000000,62 
OBJECT_ADD 14106241,26426393,0.000000,62 
OBJECT_ADD 14104039,26422910,0.000000,62 
OBJECT_ADD 14103971,26427512,0.000000,62 
OBJECT_ADD 14097453,26433842,0.000000,62 
OBJECT_ADD 14077826,26433412,0.000000,62 
OBJECT_ADD 14072172,26436492,0.000000,62 
OBJECT_ADD 14066596,26439053,0.000000,62 
OBJECT_ADD 14071191,26440515,0.000000,62 
OBJECT_ADD 14064991,26444076,0.000000,62 
OBJECT_ADD 14065880,26448661,0.000000,62 
OBJECT_ADD 14062895,26451474,0.000000,62 
OBJECT_ADD 14062184,26441512,0.000000,62 
OBJECT_ADD 14108262,26423398,0.000000,62 
OBJECT_ADD 14036955,26462500,0.000000,62 
OBJECT_ADD 14035729,26458232,0.000000,62 
OBJECT_ADD 14039463,26464942,0.000000,62 
OBJECT_ADD 14033291,26461643,0.000000,62 
OBJECT_ADD 14041877,26457228,0.000000,62 
OBJECT_ADD 14040789,26452980,0.000000,62 
OBJECT_ADD 14036954,26449469,0.000000,62 
OBJECT_ADD 14033637,26446722,0.000000,62 
OBJECT_ADD 14033088,26407433,0.000000,62 
OBJECT_ADD 14058121,26433729,0.000000,62 
OBJECT_ADD 14057499,26437573,0.000000,62 
OBJECT_ADD 14045459,26435549,0.000000,62 
OBJECT_ADD 14068299,26442762,0.000000,62 
OBJECT_ADD 14062873,26455962,0.000000,62 
OBJECT_ADD 14058750,26455964,0.000000,62 
OBJECT_ADD 14023864,26467593,0.000000,62 
OBJECT_ADD 14034637,26393653,-17.000000,62 
OBJECT_ADD 14025674,26374978,-17.000000,62 
OBJECT_ADD 14034526,26374900,-17.000000,62 
OBJECT_ADD 14045635,26418074,-17.000000,62 
OBJECT_ADD 14035402,26396941,-17.000000,62 
OBJECT_ADD 14026229,26357812,-17.000000,62 
OBJECT_ADD 14024934,26364911,-17.000000,62 
OBJECT_ADD 14037010,26375154,-17.000000,62 
OBJECT_ADD 14144681,26400818,30.000000,63 
OBJECT_ADD 14218705,26466916,73.000000,62 
OBJECT_ADD 14179475,26435131,73.000000,62 
OBJECT_ADD 14168767,26449681,73.000000,62 
OBJECT_ADD 14177296,26422932,73.000000,62 
OBJECT_ADD 14172673,26452532,73.000000,62 
OBJECT_ADD 14186707,26463692,73.000000,62 
OBJECT_ADD 14190072,26454037,73.000000,62 
OBJECT_ADD 14195153,26462232,30.000000,63 
OBJECT_ADD 14189362,26458762,73.000000,62 
OBJECT_ADD 14193234,26445404,73.000000,62 
OBJECT_ADD 14241986,26474549,73.000000,62 
OBJECT_ADD 14228284,26476032,73.000000,62 
OBJECT_ADD 14201866,26433820,73.000000,62 
OBJECT_ADD 14193116,26456597,73.000000,62 
OBJECT_ADD 14195745,26450704,73.000000,62 
OBJECT_ADD 14198196,26445177,73.000000,62 
OBJECT_ADD 14285071,26466909,73.000000,62 
OBJECT_ADD 14285188,26475046,73.000000,62 
OBJECT_ADD 14161684,26446149,73.000000,62 
OBJECT_ADD 14184885,26422475,30.000000,63 
OBJECT_ADD 14189071,26457027,19.000000,63 
OBJECT_ADD 14171295,26467230,73.000000,62 
OBJECT_ADD 14161240,26426014,73.000000,62 
OBJECT_ADD 14272354,26461068,73.000000,62 
OBJECT_ADD 14164001,26447276,73.000000,62 
OBJECT_ADD 14269768,26466881,73.000000,62 
OBJECT_ADD 14283982,26471583,73.000000,62 
OBJECT_ADD 14184638,26420090,30.000000,63 
OBJECT_ADD 14165658,26463805,19.000000,63 
OBJECT_ADD 14172947,26447586,96.000000,63 
OBJECT_ADD 14214411,26466802,73.000000,62 
OBJECT_ADD 14228569,26449067,73.000000,62 
OBJECT_ADD 14223778,26455979,73.000000,62 
OBJECT_ADD 14218227,26455966,73.000000,62 
OBJECT_ADD 14215266,26455350,73.000000,62 
OBJECT_ADD 14209514,26468186,73.000000,62 
OBJECT_ADD 14206494,26468350,73.000000,62 
OBJECT_ADD 14214305,26463814,73.000000,62 
OBJECT_ADD 14209895,26458651,73.000000,62 
OBJECT_ADD 14180082,26454269,73.000000,62 
OBJECT_ADD 14154780,26472289,73.000000,62 
OBJECT_ADD 14153600,26465415,73.000000,62 
OBJECT_ADD 14154111,26468035,73.000000,62 
OBJECT_ADD 14156334,26393798,19.000000,63 
OBJECT_ADD 14176547,26419865,96.000000,63 
OBJECT_ADD 14215147,26462778,73.000000,62 
OBJECT_ADD 14168376,26464723,73.000000,62 
OBJECT_ADD 14167264,26458261,73.000000,62 
OBJECT_ADD 14221925,26451100,73.000000,62 
OBJECT_ADD 14222734,26448175,73.000000,62 
OBJECT_ADD 14200788,26430685,73.000000,62 
OBJECT_ADD 14196990,26466307,73.000000,62 
OBJECT_ADD 14201371,26467179,73.000000,62 
OBJECT_ADD 14204273,26436484,73.000000,62 
OBJECT_ADD 14201194,26440781,73.000000,62 
OBJECT_ADD 14185649,26467953,73.000000,62 
OBJECT_ADD 14198534,26440828,73.000000,62 
OBJECT_ADD 14195438,26438700,73.000000,62 
OBJECT_ADD 14203517,26462346,73.000000,62 
OBJECT_ADD 14166639,26460830,73.000000,62 
OBJECT_ADD 14192482,26436864,73.000000,62 
OBJECT_ADD 14191057,26442573,73.000000,62 
OBJECT_ADD 14204817,26445083,73.000000,62 
OBJECT_ADD 14162574,26422775,73.000000,62 
OBJECT_ADD 14160003,26432690,73.000000,62 
OBJECT_ADD 14160112,26428901,73.000000,62 
OBJECT_ADD 14176648,26416743,73.000000,62 
OBJECT_ADD 14172069,26461674,73.000000,62 
OBJECT_ADD 14188972,26434881,30.000000,63 
OBJECT_ADD 14158308,26436484,19.000000,63 
OBJECT_ADD 14178315,26417345,96.000000,63 
OBJECT_ADD 14236558,26459100,96.000000,63 
OBJECT_ADD 14275737,26481954,73.000000,62 
OBJECT_ADD 14276058,26478598,73.000000,62 
OBJECT_ADD 14271502,26478533,73.000000,62 
OBJECT_ADD 14267048,26477584,73.000000,62 
OBJECT_ADD 14281165,26477360,73.000000,62 
OBJECT_ADD 14281650,26483166,73.000000,62 
OBJECT_ADD 14255804,26478454,73.000000,62 
OBJECT_ADD 14179161,26480282,73.000000,62 
OBJECT_ADD 14291009,26475876,73.000000,62 
OBJECT_ADD 14295945,26475731,73.000000,62 
OBJECT_ADD 14294698,26461227,73.000000,62 
OBJECT_ADD 14299070,26464567,73.000000,62 
OBJECT_ADD 14301813,26468698,73.000000,62 
OBJECT_ADD 14288715,26480615,73.000000,62 
OBJECT_ADD 14291616,26482959,73.000000,62 
OBJECT_ADD 14294345,26481753,73.000000,62 
OBJECT_ADD 14299829,26476577,73.000000,62 
OBJECT_ADD 14307454,26484411,73.000000,62 
OBJECT_ADD 14424810,26468447,-90.000000,62 
OBJECT_ADD 14459821,26452381,-203.000000,62 
OBJECT_ADD 14471695,26432539,-203.000000,62 
OBJECT_ADD 14457982,26448578,-203.000000,62 
OBJECT_ADD 14461813,26457966,-203.000000,62 
OBJECT_ADD 14502667,26472451,-203.000000,62 
OBJECT_ADD 14517480,26472230,-203.000000,62 
OBJECT_ADD 14471495,26440702,-246.000000,63 
OBJECT_ADD 14489601,26455861,-203.000000,62 
OBJECT_ADD 14480254,26434464,-203.000000,62 
OBJECT_ADD 14461665,26462663,-203.000000,62 
OBJECT_ADD 14465601,26462948,-203.000000,62 
OBJECT_ADD 14463015,26465747,-203.000000,62 
OBJECT_ADD 14517138,26452824,-203.000000,62 
OBJECT_ADD 14500542,26442694,-246.000000,63 
OBJECT_ADD 14465465,26409678,-257.000000,63 
OBJECT_ADD 14478463,26454335,-203.000000,62 
OBJECT_ADD 14500948,26453317,-203.000000,62 
OBJECT_ADD 14481905,26439779,-203.000000,62 
OBJECT_ADD 14482592,26460194,-203.000000,62 
OBJECT_ADD 14465102,26452491,-203.000000,62 
OBJECT_ADD 14474735,26433267,-203.000000,62 
OBJECT_ADD 14453301,26444685,-203.000000,62 
OBJECT_ADD 14476212,26423086,-203.000000,62 
OBJECT_ADD 14463249,26433979,-203.000000,62 
OBJECT_ADD 14477622,26468181,-246.000000,63 
OBJECT_ADD 14495678,26425920,-180.000000,63 
OBJECT_ADD 14459779,26442410,-203.000000,62 
OBJECT_ADD 14466157,26428331,-203.000000,62 
OBJECT_ADD 14458409,26436551,-203.000000,62 
OBJECT_ADD 14463546,26429930,-203.000000,62 
OBJECT_ADD 14489649,26458775,-203.000000,62 
OBJECT_ADD 14492177,26459452,-203.000000,62 
OBJECT_ADD 14488239,26450927,-203.000000,62 
OBJECT_ADD 14507140,26447552,-203.000000,62 
OBJECT_ADD 14510501,26445719,-203.000000,62 
OBJECT_ADD 14493657,26424782,-203.000000,62 
OBJECT_ADD 14496669,26436611,-203.000000,62 
OBJECT_ADD 14497764,26439790,-203.000000,62 
OBJECT_ADD 14492911,26454400,-203.000000,62 
OBJECT_ADD 14449797,26451515,-246.000000,63 
OBJECT_ADD 14449762,26452057,-257.000000,63 
OBJECT_ADD 14450198,26438192,-180.000000,63 
OBJECT_ADD 14458426,26466770,-203.000000,62 
OBJECT_ADD 14455256,26441836,-203.000000,62 
OBJECT_ADD 14452247,26440101,-203.000000,62 
OBJECT_ADD 14449320,26443542,-203.000000,62 
OBJECT_ADD 14431501,26476025,-203.000000,62 
OBJECT_ADD 14461330,26471545,-203.000000,62 
OBJECT_ADD 14471458,26428930,-203.000000,62 
OBJECT_ADD 14484975,26473708,-203.000000,62 
OBJECT_ADD 14485938,26467203,-203.000000,62 
OBJECT_ADD 14507856,26430132,-246.000000,63 
OBJECT_ADD 14493578,26430115,-257.000000,63 
OBJECT_ADD 14458661,26463218,-180.000000,63 
OBJECT_ADD 14420449,26446341,-203.000000,62 
OBJECT_ADD 14441634,26434646,-203.000000,62 
OBJECT_ADD 14441402,26475107,-203.000000,62 
OBJECT_ADD 14441495,26472029,-203.000000,62 
OBJECT_ADD 14446333,26465420,-203.000000,62 
OBJECT_ADD 14445641,26460418,-203.000000,62 
OBJECT_ADD 14431339,26443424,-203.000000,62 
OBJECT_ADD 14450153,26520155,-90.000000,62 
OBJECT_ADD 14432710,26506406,-113.000000,62 
OBJECT_ADD 14429977,26503756,-113.000000,62 
OBJECT_ADD 14457030,26490471,-113.000000,62 
OBJECT_ADD 14468963,26502228,-90.000000,63 
OBJECT_ADD 14464466,26516893,-90.000000,62 
OBJECT_ADD 14462181,26514222,-90.000000,62 
OBJECT_ADD 14446656,26521649,-90.000000,62 
OBJECT_ADD 14425804,26518184,-90.000000,62 
OBJECT_ADD 14445610,26516262,-90.000000,62 
OBJECT_ADD 14459572,26517011,-90.000000,62 
OBJECT_ADD 14436003,26485655,-90.000000,62 
OBJECT_ADD 14439160,26490748,-90.000000,62 
OBJECT_ADD 14441659,26488001,-90.000000,62 
OBJECT_ADD 14442756,26492407,-90.000000,62 
OBJECT_ADD 14456214,26487311,-90.000000,62 
OBJECT_ADD 14455786,26483126,-90.000000,62 
OBJECT_ADD 14448659,26500700,-90.000000,62 
OBJECT_ADD 14434089,26509972,-90.000000,62 
OBJECT_ADD 14428460,26459949,-90.000000,62 
OBJECT_ADD 14447237,26486598,-90.000000,62 
OBJECT_ADD 14423887,26482643,-90.000000,62 
OBJECT_ADD 14447556,26492136,-90.000000,62 
OBJECT_ADD 14426410,26492308,-257.000000,63 
OBJECT_ADD 14495322,26502272,-203.000000,62 
OBJECT_ADD 14491398,26508479,-203.000000,62 
OBJECT_ADD 14494304,26510119,-203.000000,62 
OBJECT_ADD 14445660,26513139,-203.000000,62 
OBJECT_ADD 14439697,26500010,-180.000000,63 
OBJECT_ADD 14498646,26512934,-203.000000,62 
OBJECT_ADD 14517455,26515696,-203.000000,62 
OBJECT_ADD 14514996,26500907,-203.000000,62 
OBJECT_ADD 14467601,26480125,-203.000000,62 
OBJECT_ADD 14442272,26481164,-257.000000,63 
OBJECT_ADD 14469876,26477222,-203.000000,62 
OBJECT_ADD 14452183,26481677,-203.000000,62 
OBJECT_ADD 14459767,26480169,-203.000000,62 
OBJECT_ADD 14431586,26497689,-180.000000,63 
OBJECT_ADD 14447860,26481319,-203.000000,62 
OBJECT_ADD 14444506,26552630,-90.000000,62 
OBJECT_ADD 14450499,26550092,-90.000000,62 
OBJECT_ADD 14466890,26568757,-90.000000,62 
OBJECT_ADD 14464532,26551101,-90.000000,62 
OBJECT_ADD 14439157,26531952,-90.000000,62 
OBJECT_ADD 14454873,26535839,-90.000000,62 
OBJECT_ADD 14451940,26536374,-90.000000,62 
OBJECT_ADD 14484358,26531202,-90.000000,62 
OBJECT_ADD 14480589,26536392,-90.000000,62 
OBJECT_ADD 14474013,26543317,-90.000000,62 
OBJECT_ADD 14475400,26559867,-90.000000,62 
OBJECT_ADD 14470676,26535678,-90.000000,62 
OBJECT_ADD 14443249,26532927,-113.000000,62 
OBJECT_ADD 14447972,26535376,-113.000000,62 
OBJECT_ADD 14485035,26549815,-113.000000,62 
OBJECT_ADD 14482552,26550426,-113.000000,62 
OBJECT_ADD 14461869,26546918,-113.000000,62 
OBJECT_ADD 14457947,26544862,-113.000000,62 
OBJECT_ADD 14477588,26548611,-113.000000,62 
OBJECT_ADD 14472695,26559276,-113.000000,62 
OBJECT_ADD 14458165,26580782,-113.000000,62 
OBJECT_ADD 14462751,26554248,-113.000000,62 
OBJECT_ADD 14430985,26533238,-156.000000,63 
OBJECT_ADD 14479275,26517384,-90.000000,62 
OBJECT_ADD 14473886,26539475,-90.000000,62 
OBJECT_ADD 14469120,26545907,-90.000000,62 
OBJECT_ADD 14437930,26526520,-90.000000,62 
OBJECT_ADD 14425935,26527707,-90.000000,62 
OBJECT_ADD 14424911,26522482,-90.000000,62 
OBJECT_ADD 14438163,26526727,-90.000000,62 
OBJECT_ADD 14477693,26542363,-203.000000,62 
OBJECT_ADD 14480114,26536005,-203.000000,62 
OBJECT_ADD 14429403,26507865,-203.000000,62 
OBJECT_ADD 14377731,26545551,-23.000000,62 
OBJECT_ADD 14379967,26573431,-23.000000,62 
OBJECT_ADD 14379599,26567876,-23.000000,62 
OBJECT_ADD 14376317,26559654,-23.000000,62 
OBJECT_ADD 14379177,26558136,-23.000000,62 
OBJECT_ADD 14391799,26554985,-23.000000,62 
OBJECT_ADD 14415766,26570574,-23.000000,62 
OBJECT_ADD 14373158,26543485,-23.000000,62 
OBJECT_ADD 14382232,26541472,-23.000000,62 
OBJECT_ADD 14415188,26508828,-77.000000,63 
OBJECT_ADD 14413011,26505176,0.000000,63 
OBJECT_ADD 14371222,26552839,-23.000000,62 
OBJECT_ADD 14375011,26555723,-66.000000,63 
OBJECT_ADD 14376116,26581688,-77.000000,63 
OBJECT_ADD 14378200,26576436,0.000000,63 
OBJECT_ADD 14377409,26529735,-23.000000,62 
OBJECT_ADD 14372665,26563229,-23.000000,62 
OBJECT_ADD 14368640,26560623,-23.000000,62 
OBJECT_ADD 14374666,26551104,-23.000000,62 
OBJECT_ADD 14386936,26538216,-23.000000,62 
OBJECT_ADD 14380303,26527393,-23.000000,62 
OBJECT_ADD 14390011,26537741,-23.000000,62 
OBJECT_ADD 14348623,26516552,-23.000000,62 
OBJECT_ADD 14360336,26508499,-23.000000,62 
OBJECT_ADD 14365103,26511117,-23.000000,62 
OBJECT_ADD 14376067,26526450,-23.000000,62 
OBJECT_ADD 14368992,26512936,-23.000000,62 
OBJECT_ADD 14389117,26568389,-23.000000,62 
OBJECT_ADD 14415518,26510739,-66.000000,63 
OBJECT_ADD 14406090,26538048,-23.000000,62 
OBJECT_ADD 14363434,26548511,-23.000000,62 
OBJECT_ADD 14400743,26540883,-23.000000,62 
OBJECT_ADD 14367646,26555943,-23.000000,62 
OBJECT_ADD 14399614,26537691,-23.000000,62 
OBJECT_ADD 14387828,26518218,-23.000000,62 
OBJECT_ADD 14394025,26536663,-23.000000,62 
OBJECT_ADD 14400710,26519551,-23.000000,62 
OBJECT_ADD 14397508,26532990,-23.000000,62 
OBJECT_ADD 14393011,26524258,-66.000000,63 
OBJECT_ADD 14393174,26520276,-77.000000,63 
OBJECT_ADD 14385780,26522315,0.000000,63 
OBJECT_ADD 14355030,26551045,-23.000000,62 
OBJECT_ADD 14368300,26594164,-23.000000,62 
OBJECT_ADD 14386927,26574223,-23.000000,62 
OBJECT_ADD 14383420,26571003,-23.000000,62 
OBJECT_ADD 14384369,26567933,-23.000000,62 
OBJECT_ADD 14370922,26557345,-23.000000,62 
OBJECT_ADD 14416422,26555777,-23.000000,62 
OBJECT_ADD 14390864,26567704,-23.000000,62 
OBJECT_ADD 14403622,26559722,-23.000000,62 
OBJECT_ADD 14401471,26534054,-23.000000,62 
OBJECT_ADD 14405471,26533607,-23.000000,62 
OBJECT_ADD 14407870,26525206,-66.000000,63 
OBJECT_ADD 14395366,26611108,-23.000000,62 
OBJECT_ADD 14396616,26608601,-23.000000,62 
OBJECT_ADD 14344548,26571352,-23.000000,62 
OBJECT_ADD 14347125,26569888,-23.000000,62 
OBJECT_ADD 14387692,26605478,-23.000000,62 
OBJECT_ADD 14385919,26602195,-23.000000,62 
OBJECT_ADD 14382365,26617300,-23.000000,62 
OBJECT_ADD 14378846,26619461,-23.000000,62 
OBJECT_ADD 14371181,26595487,-23.000000,62 
OBJECT_ADD 14400278,26589941,-23.000000,62 
OBJECT_ADD 14374567,26584684,-23.000000,62 
OBJECT_ADD 14385152,26578768,-23.000000,62 
OBJECT_ADD 14382921,26576700,-23.000000,62 
OBJECT_ADD 14376105,26581376,-66.000000,63 
OBJECT_ADD 14392186,26595302,-77.000000,63 
OBJECT_ADD 14386944,26610072,0.000000,63 
OBJECT_ADD 14503745,26543282,0.000000,62 
OBJECT_ADD 14506092,26585568,0.000000,62 
OBJECT_ADD 14517452,26577524,0.000000,62 
OBJECT_ADD 14514143,26576775,0.000000,62 
OBJECT_ADD 14516912,26573960,0.000000,62 
OBJECT_ADD 14514808,26570773,0.000000,62 
OBJECT_ADD 14513093,26573105,0.000000,62 
OBJECT_ADD 14511066,26568759,0.000000,62 
OBJECT_ADD 14488272,26548014,0.000000,62 
OBJECT_ADD 14502619,26556414,0.000000,62 
OBJECT_ADD 14496892,26549243,0.000000,62 
OBJECT_ADD 14483978,26552999,0.000000,62 
OBJECT_ADD 14478003,26572075,0.000000,62 
OBJECT_ADD 14479250,26570093,-23.000000,62 
OBJECT_ADD 14502643,26561270,-23.000000,62 
OBJECT_ADD 14503450,26596567,-23.000000,62 
OBJECT_ADD 14484070,26574297,-23.000000,62 
OBJECT_ADD 14501984,26594943,-23.000000,62 
OBJECT_ADD 14500494,26593441,-23.000000,62 
OBJECT_ADD 14500619,26553996,-23.000000,62 
OBJECT_ADD 14500737,26562622,-23.000000,62 
OBJECT_ADD 14507441,26565299,-23.000000,62 
OBJECT_ADD 14507104,26568590,-23.000000,62 
OBJECT_ADD 14511096,26574620,-23.000000,62 
OBJECT_ADD 14476011,26587141,-23.000000,62 
OBJECT_ADD 14473313,26585017,-23.000000,62 
OBJECT_ADD 14476087,26592827,-66.000000,63 
OBJECT_ADD 14475614,26553885,-77.000000,63 
OBJECT_ADD 14468016,26577938,0.000000,63 
OBJECT_ADD 14509157,26544599,0.000000,62 
OBJECT_ADD 14504377,26550672,0.000000,62 
OBJECT_ADD 14514978,26567558,0.000000,62 
OBJECT_ADD 14520736,26569412,0.000000,62 
OBJECT_ADD 14517919,26566682,0.000000,62 
OBJECT_ADD 14510399,26557929,0.000000,62 
OBJECT_ADD 14499476,26558855,0.000000,62 
OBJECT_ADD 14486987,26597332,0.000000,62 
OBJECT_ADD 14453423,26590639,0.000000,62 
OBJECT_ADD 14465008,26595068,0.000000,62 
OBJECT_ADD 14463264,26592409,0.000000,62 
OBJECT_ADD 14460108,26591058,0.000000,62 
OBJECT_ADD 14485749,26599122,0.000000,62 
OBJECT_ADD 14454321,26611617,0.000000,62 
OBJECT_ADD 14516664,26595328,0.000000,62 
OBJECT_ADD 14514646,26591927,0.000000,62 
OBJECT_ADD 14459977,26610496,0.000000,62 
OBJECT_ADD 14464776,26610475,0.000000,62 
OBJECT_ADD 14499477,26581566,0.000000,62 
OBJECT_ADD 14515605,26554880,0.000000,62 
OBJECT_ADD 14520424,26566478,0.000000,62 
OBJECT_ADD 14486087,26604576,0.000000,62 
OBJECT_ADD 14514641,26588379,0.000000,62 
OBJECT_ADD 14515593,26586137,0.000000,62 
OBJECT_ADD 14515989,26582839,0.000000,62 
OBJECT_ADD 14470204,26609316,0.000000,62 
OBJECT_ADD 14540473,26565989,0.000000,62 
OBJECT_ADD 14547665,26571021,0.000000,62 
OBJECT_ADD 14528062,26570258,0.000000,62 
OBJECT_ADD 14542004,26600810,0.000000,62 
OBJECT_ADD 14419247,26572561,-23.000000,62 
OBJECT_ADD 14402217,26562425,-23.000000,62 
OBJECT_ADD 14414980,26575205,-23.000000,62 
OBJECT_ADD 14418735,26575734,-23.000000,62 
OBJECT_ADD 14405183,26577138,-66.000000,63 
OBJECT_ADD 14414524,26581013,-23.000000,62 
OBJECT_ADD 14412406,26557655,-23.000000,62 
OBJECT_ADD 14399181,26544691,-23.000000,62 
OBJECT_ADD 14421988,26547747,-23.000000,62 
OBJECT_ADD 14414382,26584714,-23.000000,62 
OBJECT_ADD 14398831,26586742,-23.000000,62 
OBJECT_ADD 14409389,26559029,-23.000000,62 
OBJECT_ADD 14403361,26587386,-23.000000,62 
OBJECT_ADD 14400153,26588810,-23.000000,62 
OBJECT_ADD 14431222,26586158,-23.000000,62 
OBJECT_ADD 14416189,26559777,-23.000000,62 
OBJECT_ADD 14399822,26564870,-23.000000,62 
OBJECT_ADD 14408277,26537575,-77.000000,63 
OBJECT_ADD 14407768,26530517,0.000000,63 
OBJECT_ADD 14425549,26544727,-23.000000,62 
OBJECT_ADD 14392228,26569480,-23.000000,62 
OBJECT_ADD 14411504,26588605,-23.000000,62 
OBJECT_ADD 14416846,26565216,-23.000000,62 
OBJECT_ADD 14411303,26584355,-23.000000,62 
OBJECT_ADD 14428088,26545857,-23.000000,62 
OBJECT_ADD 14406679,26520591,-77.000000,63 
OBJECT_ADD 14407830,26521937,0.000000,63 
OBJECT_ADD 14422580,26605540,0.000000,62 
OBJECT_ADD 14446934,26595102,0.000000,62 
OBJECT_ADD 14443856,26598603,0.000000,62 
OBJECT_ADD 14445330,26607147,0.000000,62 
OBJECT_ADD 14468238,26607823,0.000000,62 
OBJECT_ADD 14459076,26598614,0.000000,62 
OBJECT_ADD 14460656,26601600,0.000000,62 
OBJECT_ADD 14428218,26571599,0.000000,62 
OBJECT_ADD 14438717,26579484,0.000000,62 
OBJECT_ADD 14456478,26591714,0.000000,62 
OBJECT_ADD 14448223,26610551,0.000000,62 
OBJECT_ADD 14440837,26601964,0.000000,62 
OBJECT_ADD 14438288,26563235,0.000000,62 
OBJECT_ADD 14411199,26627573,-23.000000,62 
OBJECT_ADD 14444737,26613640,-23.000000,62 
OBJECT_ADD 14415292,26622000,-23.000000,62 
OBJECT_ADD 14440626,26614756,-23.000000,62 
OBJECT_ADD 14435292,26615875,-23.000000,62 
OBJECT_ADD 14443093,26618487,-23.000000,62 
OBJECT_ADD 14443682,26620980,-23.000000,62 
OBJECT_ADD 14422627,26613319,-23.000000,62 
OBJECT_ADD 14411907,26606079,-23.000000,62 
OBJECT_ADD 14437614,26619199,-23.000000,62 
OBJECT_ADD 14440483,26623073,-23.000000,62 
OBJECT_ADD 14408397,26605158,-23.000000,62 
OBJECT_ADD 14403318,26615294,-23.000000,62 
OBJECT_ADD 14404241,26632723,-66.000000,63 
OBJECT_ADD 14433139,26618154,-77.000000,63 
OBJECT_ADD 14430609,26618979,0.000000,63 
OBJECT_ADD 14439855,26605972,0.000000,62 
OBJECT_ADD 14429027,26589176,0.000000,62 
OBJECT_ADD 14427511,26593109,0.000000,62 
OBJECT_ADD 14424618,26594746,0.000000,62 
OBJECT_ADD 14424894,26597500,0.000000,62 
OBJECT_ADD 14420162,26601705,0.000000,62 
OBJECT_ADD 14423731,26600280,0.000000,62 
OBJECT_ADD 14411527,26603355,0.000000,62 
OBJECT_ADD 14408480,26602686,0.000000,62 
OBJECT_ADD 14427506,26604398,0.000000,62 
OBJECT_ADD 14431476,26604526,0.000000,62 
OBJECT_ADD 14429635,26606924,0.000000,62 
OBJECT_ADD 14413409,26615090,0.000000,62 
OBJECT_ADD 14528310,26518357,-149.000000,62 
OBJECT_ADD 14541289,26550086,-149.000000,62 
OBJECT_ADD 14582281,26604699,-172.000000,62 
OBJECT_ADD 14612786,26570749,-172.000000,62 
OBJECT_ADD 14573486,26579479,-172.000000,62 
OBJECT_ADD 14581327,26571420,-172.000000,62 
OBJECT_ADD 14578103,26577511,-172.000000,62 
OBJECT_ADD 14600106,26583623,-172.000000,62 
OBJECT_ADD 14563178,26581606,-172.000000,62 
OBJECT_ADD 14567685,26584131,-172.000000,62 
OBJECT_ADD 14580483,26582143,-172.000000,62 
OBJECT_ADD 14583226,26574714,-172.000000,62 
OBJECT_ADD 14608941,26568247,-172.000000,62 
OBJECT_ADD 14573761,26558122,-172.000000,62 
OBJECT_ADD 14575413,26598889,-172.000000,62 
OBJECT_ADD 14566699,26593286,-172.000000,62 
OBJECT_ADD 14567905,26580850,-172.000000,62 
OBJECT_ADD 14602936,26583272,-172.000000,62 
OBJECT_ADD 14568513,26600333,-172.000000,62 
OBJECT_ADD 14607709,26574402,-172.000000,62 
OBJECT_ADD 14606170,26554201,-215.000000,63 
OBJECT_ADD 14602306,26583695,-226.000000,63 
OBJECT_ADD 14603325,26610057,-149.000000,63 
OBJECT_ADD 14614012,26559823,-149.000000,62 
OBJECT_ADD 14548788,26561395,-149.000000,62 
OBJECT_ADD 14565370,26603367,-149.000000,62 
OBJECT_ADD 14589305,26603724,-149.000000,62 
OBJECT_ADD 14577467,26603973,-149.000000,62 
OBJECT_ADD 14572750,26604216,-149.000000,62 
OBJECT_ADD 14572232,26598487,-149.000000,62 
OBJECT_ADD 14545236,26563135,-149.000000,62 
OBJECT_ADD 14614582,26573780,-149.000000,62 
OBJECT_ADD 14578838,26600119,-149.000000,62 
OBJECT_ADD 14575918,26594034,-149.000000,62 
OBJECT_ADD 14584216,26583515,-149.000000,62 
OBJECT_ADD 14587106,26580488,-149.000000,62 
OBJECT_ADD 14589659,26576472,-149.000000,62 
OBJECT_ADD 14592160,26571730,-149.000000,62 
OBJECT_ADD 14611643,26576917,-172.000000,62 
OBJECT_ADD 14596710,26597699,-215.000000,63 
OBJECT_ADD 14583492,26566696,-172.000000,62 
OBJECT_ADD 14586221,26569833,-172.000000,62 
OBJECT_ADD 14571634,26548888,-149.000000,62 
OBJECT_ADD 14571613,26560684,-149.000000,62 
OBJECT_ADD 14565838,26551914,-149.000000,62 
OBJECT_ADD 14563195,26548763,-149.000000,62 
OBJECT_ADD 14595750,26566713,-149.000000,62 
OBJECT_ADD 14583828,26558316,-149.000000,62 
OBJECT_ADD 14570996,26570647,-149.000000,62 
OBJECT_ADD 14559580,26604886,0.000000,62 
OBJECT_ADD 14561626,26597487,0.000000,62 
OBJECT_ADD 14563947,26600974,0.000000,62 
OBJECT_ADD 14561912,26610267,0.000000,62 
OBJECT_ADD 14571850,26609681,0.000000,62 
OBJECT_ADD 14571809,26613073,0.000000,62 
OBJECT_ADD 14576722,26610864,0.000000,62 
OBJECT_ADD 14604835,26579385,0.000000,62 
OBJECT_ADD 14609917,26592746,0.000000,62 
OBJECT_ADD 14605326,26588620,0.000000,62 
OBJECT_ADD 14609382,26587670,0.000000,62 
OBJECT_ADD 14578446,26614031,0.000000,62 
OBJECT_ADD 14593355,26584920,0.000000,62 
OBJECT_ADD 14550573,26599713,0.000000,62 
OBJECT_ADD 14551733,26595899,0.000000,62 
OBJECT_ADD 14533821,26580324,0.000000,62 
OBJECT_ADD 14545797,26554070,0.000000,62 
OBJECT_ADD 14559016,26574562,0.000000,62 
OBJECT_ADD 14531906,26575956,0.000000,62 
OBJECT_ADD 14558750,26578881,0.000000,62 
OBJECT_ADD 14536830,26583265,0.000000,62 
OBJECT_ADD 14556591,26608194,0.000000,62 
OBJECT_ADD 14555403,26585976,-172.000000,62 
OBJECT_ADD 14556875,26581914,-172.000000,62 
OBJECT_ADD 14536030,26573978,-172.000000,62 
OBJECT_ADD 14551375,26575794,-149.000000,62 
OBJECT_ADD 14544338,26568431,-149.000000,62 
OBJECT_ADD 14567694,26607884,-149.000000,62 
OBJECT_ADD 14553946,26603874,-149.000000,62 
OBJECT_ADD 14552184,26590589,-149.000000,62 
OBJECT_ADD 14558824,26612621,-149.000000,62 
OBJECT_ADD 14564695,26613217,-149.000000,62 
OBJECT_ADD 14539783,26584850,-149.000000,62 
OBJECT_ADD 14608804,26595801,-149.000000,63 
OBJECT_ADD 14600101,26618220,-172.000000,62 
OBJECT_ADD 14605716,26606581,-172.000000,62 
OBJECT_ADD 14580776,26609233,-149.000000,62 
OBJECT_ADD 14608988,26602685,-226.000000,63 
OBJECT_ADD 14617974,26593621,-149.000000,62 
OBJECT_ADD 14618776,26589929,-149.000000,62 
OBJECT_ADD 14581365,26596499,-149.000000,62 
OBJECT_ADD 14594931,26591087,-149.000000,62 
OBJECT_ADD 14601607,26587517,-149.000000,62 
OBJECT_ADD 14582382,26579435,-149.000000,62 
OBJECT_ADD 14367338,26344501,-202.000000,62 
OBJECT_ADD 14373204,26337858,-202.000000,62 
OBJECT_ADD 14364416,26339229,-202.000000,62 
OBJECT_ADD 14366747,26336031,-202.000000,62 
OBJECT_ADD 14370251,26336873,-202.000000,62 
OBJECT_ADD 14403345,26384593,-202.000000,62 
OBJECT_ADD 14409549,26382178,-202.000000,62 
OBJECT_ADD 14405969,26384324,-202.000000,62 
OBJECT_ADD 14400882,26369084,-202.000000,62 
OBJECT_ADD 14390772,26361231,-202.000000,62 
OBJECT_ADD 14390920,26357283,-202.000000,62 
OBJECT_ADD 14385194,26358363,-202.000000,62 
OBJECT_ADD 14382370,26361399,-202.000000,62 
OBJECT_ADD 14388031,26358574,-202.000000,62 
OBJECT_ADD 14402840,26372456,-202.000000,62 
OBJECT_ADD 14407024,26366490,-202.000000,62 
OBJECT_ADD 14407806,26371256,-202.000000,62 
OBJECT_ADD 14403214,26375528,-202.000000,62 
OBJECT_ADD 14391454,26396711,-245.000000,63 
OBJECT_ADD 14388825,26396191,-256.000000,63 
OBJECT_ADD 14389009,26393485,-179.000000,63 
OBJECT_ADD 14375070,26374152,-202.000000,62 
OBJECT_ADD 14370369,26370713,-202.000000,62 
OBJECT_ADD 14374490,26379225,-202.000000,62 
OBJECT_ADD 14376523,26384525,-202.000000,62 
OBJECT_ADD 14378641,26389871,-202.000000,62 
OBJECT_ADD 14377112,26394236,-202.000000,62 
OBJECT_ADD 14383952,26394361,-202.000000,62 
OBJECT_ADD 14376561,26407693,-202.000000,62 
OBJECT_ADD 14383530,26401468,-202.000000,62 
OBJECT_ADD 14386398,26398273,-202.000000,62 
OBJECT_ADD 14387646,26416217,-202.000000,62 
OBJECT_ADD 14388432,26411796,-202.000000,62 
OBJECT_ADD 14389808,26400441,-202.000000,62 
OBJECT_ADD 14417328,26366371,-202.000000,62 
OBJECT_ADD 14381965,26427015,-202.000000,62 
OBJECT_ADD 14384902,26421537,-202.000000,62 
OBJECT_ADD 14380631,26405057,-202.000000,62 
OBJECT_ADD 14388781,26405515,-202.000000,62 
OBJECT_ADD 14380301,26373700,-202.000000,62 
OBJECT_ADD 14406248,26358174,-245.000000,63 
OBJECT_ADD 14397073,26365495,-256.000000,63 
OBJECT_ADD 14414921,26392396,-202.000000,62 
OBJECT_ADD 14415676,26397639,-202.000000,62 
OBJECT_ADD 14413348,26384019,-202.000000,62 
OBJECT_ADD 14414144,26376708,-202.000000,62 
OBJECT_ADD 14386187,26361007,-202.000000,62 
OBJECT_ADD 14362064,26369330,-202.000000,62 
OBJECT_ADD 14360498,26374002,-202.000000,62 
OBJECT_ADD 14367985,26352719,-202.000000,62 
OBJECT_ADD 14372493,26351429,-202.000000,62 
OBJECT_ADD 14408077,26350543,-245.000000,63 
OBJECT_ADD 14390166,26348383,-256.000000,63 
OBJECT_ADD 14378941,26346000,-179.000000,63 
OBJECT_ADD 14464582,26333948,-202.000000,62 
OBJECT_ADD 14464690,26336357,-202.000000,62 
OBJECT_ADD 14467049,26339528,-202.000000,62 
OBJECT_ADD 14468254,26342469,-202.000000,62 
OBJECT_ADD 14463922,26343481,-202.000000,62 
OBJECT_ADD 14454024,26341489,-202.000000,62 
OBJECT_ADD 14449960,26343897,-202.000000,62 
OBJECT_ADD 14446542,26339736,-202.000000,62 
OBJECT_ADD 14448458,26330710,-245.000000,63 
OBJECT_ADD 14436188,26341560,-202.000000,62 
OBJECT_ADD 14432157,26336657,-202.000000,62 
OBJECT_ADD 14419870,26336029,-202.000000,62 
OBJECT_ADD 14431580,26340105,-202.000000,62 
OBJECT_ADD 14423468,26335617,-202.000000,62 
OBJECT_ADD 14418467,26341041,-202.000000,62 
OBJECT_ADD 14427838,26352541,-202.000000,62 
OBJECT_ADD 14482863,26355226,-202.000000,62 
OBJECT_ADD 14488029,26372666,-256.000000,63 
OBJECT_ADD 14460201,26374689,-202.000000,62 
OBJECT_ADD 14480416,26385112,-202.000000,62 
OBJECT_ADD 14460966,26362597,-202.000000,62 
OBJECT_ADD 14477928,26352563,-202.000000,62 
OBJECT_ADD 14452455,26347841,-202.000000,62 
OBJECT_ADD 14449239,26345524,-202.000000,62 
OBJECT_ADD 14477600,26403016,-202.000000,62 
OBJECT_ADD 14475664,26411672,-202.000000,62 
OBJECT_ADD 14440791,26358875,-202.000000,62 
OBJECT_ADD 14479307,26388047,-202.000000,62 
OBJECT_ADD 14456947,26365430,-202.000000,62 
OBJECT_ADD 14487045,26357423,-245.000000,63 
OBJECT_ADD 14488882,26367794,-256.000000,63 
OBJECT_ADD 14487243,26375593,-179.000000,63 
OBJECT_ADD 14472960,26372905,-256.000000,63 
OBJECT_ADD 14454542,26356574,-179.000000,63 
OBJECT_ADD 14480039,26398778,-202.000000,62 
OBJECT_ADD 14475377,26377472,-179.000000,63 
OBJECT_ADD 14438436,26404092,-202.000000,62 
OBJECT_ADD 14441612,26400880,-202.000000,62 
OBJECT_ADD 14441277,26369608,-202.000000,62 
OBJECT_ADD 14446655,26367125,-202.000000,62 
OBJECT_ADD 14421106,26402471,-245.000000,63 
OBJECT_ADD 14434175,26388508,-202.000000,62 
OBJECT_ADD 14450388,26368395,-202.000000,62 
OBJECT_ADD 14447878,26396622,-245.000000,63 
OBJECT_ADD 14444800,26385430,-256.000000,63 
OBJECT_ADD 14436323,26368716,-179.000000,63 
OBJECT_ADD 14431502,26353926,-202.000000,62 
OBJECT_ADD 14420873,26368524,-202.000000,62 
OBJECT_ADD 14425091,26370383,-202.000000,62 
OBJECT_ADD 14424621,26388313,-202.000000,62 
OBJECT_ADD 14420909,26390553,-202.000000,62 
OBJECT_ADD 14436672,26385039,-202.000000,62 
OBJECT_ADD 14429528,26391373,-202.000000,62 
OBJECT_ADD 14419543,26349699,-179.000000,63 
OBJECT_ADD 14420212,26396876,-202.000000,62 
OBJECT_ADD 14426901,26404629,-202.000000,62 
OBJECT_ADD 14434743,26355904,-202.000000,62 
OBJECT_ADD 14437991,26357182,-202.000000,62 
OBJECT_ADD 14340130,26425948,0.000000,62 
OBJECT_ADD 14318538,26367472,0.000000,62 
OBJECT_ADD 14331880,26427930,0.000000,62 
OBJECT_ADD 14336310,26426264,0.000000,62 
OBJECT_ADD 14344558,26394147,0.000000,62 
OBJECT_ADD 14342802,26390860,0.000000,62 
OBJECT_ADD 14349678,26387047,0.000000,62 
OBJECT_ADD 14344878,26379412,0.000000,62 
OBJECT_ADD 14350988,26383652,0.000000,62 
OBJECT_ADD 14333661,26368214,0.000000,62 
OBJECT_ADD 14359405,26377842,0.000000,62 
OBJECT_ADD 14340801,26371441,0.000000,62 
OBJECT_ADD 14345183,26414591,0.000000,62 
OBJECT_ADD 14304863,26385672,-23.000000,62 
OBJECT_ADD 14348537,26416643,-23.000000,62 
OBJECT_ADD 14363558,26412028,-23.000000,62 
OBJECT_ADD 14314067,26386958,-23.000000,62 
OBJECT_ADD 14348188,26397643,-23.000000,62 
OBJECT_ADD 14352099,26404347,-23.000000,62 
OBJECT_ADD 14357856,26367718,-23.000000,62 
OBJECT_ADD 14364420,26363243,-23.000000,62 
OBJECT_ADD 14353674,26354639,-23.000000,62 
OBJECT_ADD 14367303,26365094,-23.000000,62 
OBJECT_ADD 14367314,26392319,-23.000000,62 
OBJECT_ADD 14335503,26414970,-23.000000,62 
OBJECT_ADD 14334895,26400363,-23.000000,62 
OBJECT_ADD 14336838,26409690,-66.000000,63 
OBJECT_ADD 14335798,26368156,-77.000000,63 
OBJECT_ADD 14325560,26394248,0.000000,63 
OBJECT_ADD 14347110,26354534,0.000000,62 
OBJECT_ADD 14350623,26402139,0.000000,62 
OBJECT_ADD 14346299,26350177,0.000000,62 
OBJECT_ADD 14360662,26352208,0.000000,62 
OBJECT_ADD 14356815,26351859,0.000000,62 
OBJECT_ADD 14356597,26398867,0.000000,62 
OBJECT_ADD 14357599,26381797,0.000000,62 
OBJECT_ADD 14343184,26411260,0.000000,62 
OBJECT_ADD 14320244,26411682,0.000000,62 
OBJECT_ADD 14347014,26403478,0.000000,62 
OBJECT_ADD 14325275,26406999,0.000000,62 
OBJECT_ADD 14323097,26405851,0.000000,62 
OBJECT_ADD 14351421,26380761,0.000000,62 
OBJECT_ADD 13487036,26161688,99.000000,62 
OBJECT_ADD 13499953,26171408,99.000000,62 
OBJECT_ADD 13566062,25914180,-180.000000,62 
OBJECT_ADD 13568523,25910170,-180.000000,62 
OBJECT_ADD 13569771,25907633,-180.000000,62 
OBJECT_ADD 13601523,25861196,-180.000000,62 
OBJECT_ADD 13596243,25872923,-180.000000,62 
OBJECT_ADD 13597330,25870935,-180.000000,62 
OBJECT_ADD 13599473,25873151,-180.000000,62 
OBJECT_ADD 13601355,25872233,-180.000000,62 
OBJECT_ADD 13603095,25870424,-180.000000,62 
OBJECT_ADD 13597982,25886558,-180.000000,62 
OBJECT_ADD 13559284,25899295,-180.000000,62 
OBJECT_ADD 13571339,25903409,-180.000000,62 
OBJECT_ADD 13595389,25854303,-180.000000,62 
OBJECT_ADD 13592339,25846945,-180.000000,62 
OBJECT_ADD 13589695,25848164,-180.000000,62 
OBJECT_ADD 13589496,25851925,-180.000000,62 
OBJECT_ADD 13592420,25852871,-180.000000,62 
OBJECT_ADD 13595783,25846927,-180.000000,62 
OBJECT_ADD 13597007,25844218,-180.000000,62 
OBJECT_ADD 13603093,25853223,-180.000000,62 
OBJECT_ADD 13606638,25851341,-180.000000,62 
OBJECT_ADD 13620481,25835361,-180.000000,62 
OBJECT_ADD 13619677,25838304,-180.000000,62 
OBJECT_ADD 13612994,25848486,-180.000000,62 
OBJECT_ADD 13616170,25847522,-180.000000,62 
OBJECT_ADD 13563269,25898340,-180.000000,62 
OBJECT_ADD 13568111,25900309,-180.000000,62 
OBJECT_ADD 13587080,25865418,-180.000000,62 
OBJECT_ADD 13586162,25847879,-180.000000,62 
OBJECT_ADD 13587538,25850333,-180.000000,62 
OBJECT_ADD 13589835,25836573,-180.000000,62 
OBJECT_ADD 13568675,25897020,-180.000000,62 
OBJECT_ADD 13566542,25894742,-180.000000,62 
OBJECT_ADD 13564413,25892543,-180.000000,62 
OBJECT_ADD 13587644,25841815,-180.000000,62 
OBJECT_ADD 13591395,25840474,-180.000000,62 
OBJECT_ADD 13597097,25883267,-180.000000,62 
OBJECT_ADD 13585954,25882364,-180.000000,62 
OBJECT_ADD 13582778,25859802,-180.000000,62 
OBJECT_ADD 13576535,25887631,-180.000000,62 
OBJECT_ADD 13582670,25854345,-180.000000,62 
OBJECT_ADD 13573873,25886941,-180.000000,62 
OBJECT_ADD 13574699,25883337,-180.000000,62 
OBJECT_ADD 13557542,25873843,-180.000000,62 
OBJECT_ADD 13572451,25881649,-180.000000,62 
OBJECT_ADD 13582216,25849151,-180.000000,62 
OBJECT_ADD 13572638,25877155,-180.000000,62 
OBJECT_ADD 13570886,25863457,-180.000000,62 
OBJECT_ADD 13576679,25867409,-180.000000,62 
OBJECT_ADD 13606472,25842448,-180.000000,62 
OBJECT_ADD 13620322,25829572,-180.000000,62 
OBJECT_ADD 13611760,25838931,-180.000000,62 
OBJECT_ADD 13574510,25874158,-180.000000,62 
OBJECT_ADD 13567847,25860260,-180.000000,62 
OBJECT_ADD 13582419,25871282,-180.000000,62 
OBJECT_ADD 13573627,25865933,-180.000000,62 
OBJECT_ADD 13579850,25869768,-180.000000,62 
OBJECT_ADD 13582685,25868149,-180.000000,62 
OBJECT_ADD 13590375,25871814,-180.000000,62 
OBJECT_ADD 13529824,25893387,0.000000,62 
OBJECT_ADD 13540421,25892952,0.000000,62 
OBJECT_ADD 13536731,25895619,0.000000,62 
OBJECT_ADD 13543221,25916888,0.000000,62 
OBJECT_ADD 13541073,25923855,0.000000,62 
OBJECT_ADD 13537709,25924399,0.000000,62 
OBJECT_ADD 13542527,25902413,0.000000,62 
OBJECT_ADD 13538462,25905652,0.000000,62 
OBJECT_ADD 13536024,25902215,0.000000,62 
OBJECT_ADD 13531108,25898670,0.000000,62 
OBJECT_ADD 13529573,25886925,0.000000,62 
OBJECT_ADD 13529790,25882736,0.000000,62 
OBJECT_ADD 13540620,25910652,0.000000,62 
OBJECT_ADD 13510413,25929553,0.000000,62 
OBJECT_ADD 13509158,25926402,0.000000,62 
OBJECT_ADD 13517194,25927941,0.000000,62 
OBJECT_ADD 13514881,25925601,0.000000,62 
OBJECT_ADD 13511959,25923193,0.000000,62 
OBJECT_ADD 13556155,25928393,0.000000,62 
OBJECT_ADD 13557788,25924066,0.000000,62 
OBJECT_ADD 13557821,25920204,0.000000,62 
OBJECT_ADD 13533455,25939200,0.000000,62 
OBJECT_ADD 13531106,25937685,0.000000,62 
OBJECT_ADD 13527913,25941298,0.000000,62 
OBJECT_ADD 13527400,25937158,0.000000,62 
OBJECT_ADD 13509701,25914354,0.000000,62 
OBJECT_ADD 13582840,26027129,-20.000000,62 
OBJECT_ADD 13578620,26026846,-20.000000,62 
OBJECT_ADD 13561669,26034769,-20.000000,62 
OBJECT_ADD 13557693,26032980,-20.000000,62 
OBJECT_ADD 13543706,26051495,-20.000000,62 
OBJECT_ADD 13544166,26054482,-20.000000,62 
OBJECT_ADD 13541091,26054732,-20.000000,62 
OBJECT_ADD 13538210,26055311,-20.000000,62 
OBJECT_ADD 13579036,26029310,-20.000000,62 
OBJECT_ADD 13557247,26038680,-20.000000,62 
OBJECT_ADD 13584149,26035042,-20.000000,62 
OBJECT_ADD 13571060,25973481,-20.000000,62 
OBJECT_ADD 13587793,26030637,-20.000000,62 
OBJECT_ADD 13569316,26036550,-43.000000,62 
OBJECT_ADD 13591586,26036789,-43.000000,62 
OBJECT_ADD 13594552,26042436,-43.000000,62 
OBJECT_ADD 13588646,26034848,-43.000000,62 
OBJECT_ADD 13596621,26043594,-43.000000,62 
OBJECT_ADD 13592712,26044912,-43.000000,62 
OBJECT_ADD 13587794,25963812,-43.000000,62 
OBJECT_ADD 13577985,26002857,-43.000000,62 
OBJECT_ADD 13600276,26040642,-43.000000,62 
OBJECT_ADD 13578566,26039275,-43.000000,62 
OBJECT_ADD 13585655,26038445,-43.000000,62 
OBJECT_ADD 13593771,25979032,-43.000000,62 
OBJECT_ADD 13588069,26039409,-86.000000,63 
OBJECT_ADD 13611602,26036871,-97.000000,63 
OBJECT_ADD 13581517,26032234,-20.000000,63 
OBJECT_ADD 13568309,25991611,-20.000000,62 
OBJECT_ADD 13585901,25985195,-20.000000,62 
OBJECT_ADD 13587874,25985520,-20.000000,62 
OBJECT_ADD 13575333,26037267,-20.000000,62 
OBJECT_ADD 13564524,26048125,-20.000000,62 
OBJECT_ADD 13552677,26030934,-20.000000,62 
OBJECT_ADD 13587717,26010345,-20.000000,62 
OBJECT_ADD 13575991,26024864,-20.000000,62 
OBJECT_ADD 13572103,26039622,-20.000000,62 
OBJECT_ADD 13581729,26031409,-20.000000,62 
OBJECT_ADD 13538355,26034711,0.000000,62 
OBJECT_ADD 13547691,26040334,0.000000,62 
OBJECT_ADD 13588950,26008627,0.000000,62 
OBJECT_ADD 13602405,26013038,0.000000,62 
OBJECT_ADD 13616841,26018720,0.000000,62 
OBJECT_ADD 13578436,26034103,0.000000,62 
OBJECT_ADD 13624987,26000305,0.000000,62 
OBJECT_ADD 13622213,26008725,0.000000,62 
OBJECT_ADD 13602713,26010354,0.000000,62 
OBJECT_ADD 13624713,26009756,0.000000,62 
OBJECT_ADD 13595207,25977146,0.000000,62 
OBJECT_ADD 13628414,26010315,0.000000,62 
OBJECT_ADD 13596761,25974758,0.000000,62 
OBJECT_ADD 13592832,25994643,0.000000,62 
OBJECT_ADD 13550573,25994081,0.000000,62 
OBJECT_ADD 13570820,26033713,0.000000,62 
OBJECT_ADD 13556224,26004611,0.000000,62 
OBJECT_ADD 13560478,26014756,0.000000,62 
OBJECT_ADD 13563873,26019045,0.000000,62 
OBJECT_ADD 13569158,26029083,0.000000,62 
OBJECT_ADD 13570727,26013298,0.000000,62 
OBJECT_ADD 13575214,26013763,0.000000,62 
OBJECT_ADD 13571775,26021302,0.000000,62 
OBJECT_ADD 13599354,25978292,0.000000,62 
OBJECT_ADD 13595999,25981541,0.000000,62 
OBJECT_ADD 13594206,25989922,0.000000,62 
OBJECT_ADD 13538583,26038103,0.000000,62 
OBJECT_ADD 13530242,26070840,0.000000,62 
OBJECT_ADD 13541645,26034789,0.000000,62 
OBJECT_ADD 13541322,26041873,0.000000,62 
OBJECT_ADD 13542467,26045729,0.000000,62 
OBJECT_ADD 13567365,26052353,0.000000,62 
OBJECT_ADD 13571168,26052262,0.000000,62 
OBJECT_ADD 13568755,26055554,0.000000,62 
OBJECT_ADD 13533638,26033246,0.000000,62 
OBJECT_ADD 13530479,26029402,0.000000,62 
OBJECT_ADD 13534614,26027901,0.000000,62 
OBJECT_ADD 13536489,26026030,0.000000,62 
OBJECT_ADD 13538870,26023549,0.000000,62 
OBJECT_ADD 13534656,26068242,0.000000,62 
OBJECT_ADD 13541237,25978962,-23.000000,62 
OBJECT_ADD 13541284,25982061,-23.000000,62 
OBJECT_ADD 13560633,25978890,-23.000000,62 
OBJECT_ADD 13542759,25971123,-23.000000,62 
OBJECT_ADD 13562521,25983410,-23.000000,62 
OBJECT_ADD 13561045,25976946,-23.000000,62 
OBJECT_ADD 13552157,25958152,-23.000000,62 
OBJECT_ADD 13550214,25995399,-23.000000,62 
OBJECT_ADD 13552028,25993023,-23.000000,62 
OBJECT_ADD 13550408,25990268,-23.000000,62 
OBJECT_ADD 13546316,25968157,-23.000000,62 
OBJECT_ADD 13545452,25959976,-23.000000,62 
OBJECT_ADD 13548931,25961037,-23.000000,62 
OBJECT_ADD 13517097,25984643,-66.000000,63 
OBJECT_ADD 13525414,25986765,-77.000000,63 
OBJECT_ADD 13555061,25998772,0.000000,63 
OBJECT_ADD 13545552,26201159,99.000000,62 
OBJECT_ADD 13507783,26208142,76.000000,62 
OBJECT_ADD 13593176,26176089,76.000000,62 
OBJECT_ADD 13566163,26190540,76.000000,62 
OBJECT_ADD 13571131,26193692,76.000000,62 
OBJECT_ADD 13572901,26188760,76.000000,62 
OBJECT_ADD 13515454,26206594,76.000000,62 
OBJECT_ADD 13520524,26210242,76.000000,62 
OBJECT_ADD 13525416,26213101,76.000000,62 
OBJECT_ADD 13565826,26194393,76.000000,62 
OBJECT_ADD 13587031,26179434,33.000000,63 
OBJECT_ADD 13552372,26195440,22.000000,63 
OBJECT_ADD 13570027,26209142,99.000000,63 
OBJECT_ADD 13568370,26196063,99.000000,62 
OBJECT_ADD 13564986,26167308,99.000000,62 
OBJECT_ADD 13569242,26192083,99.000000,62 
OBJECT_ADD 13612930,26187688,99.000000,62 
OBJECT_ADD 13576728,26209754,99.000000,62 
OBJECT_ADD 13591936,26179400,99.000000,62 
OBJECT_ADD 13595917,26180310,99.000000,62 
OBJECT_ADD 13617529,26179428,99.000000,62 
OBJECT_ADD 13611697,26182623,99.000000,62 
OBJECT_ADD 13614390,26179943,99.000000,62 
OBJECT_ADD 13506623,26146905,99.000000,62 
OBJECT_ADD 13505716,26152692,99.000000,62 
OBJECT_ADD 13499016,26264671,99.000000,62 
OBJECT_ADD 13492019,26220540,99.000000,62 
OBJECT_ADD 13494873,26221910,99.000000,62 
OBJECT_ADD 13498672,26234430,99.000000,62 
OBJECT_ADD 13543781,26288752,99.000000,62 
OBJECT_ADD 13519783,26275549,99.000000,62 
OBJECT_ADD 13515226,26268497,76.000000,62 
OBJECT_ADD 13538820,26285044,99.000000,62 
OBJECT_ADD 13504154,26234914,99.000000,62 
OBJECT_ADD 13529531,26214982,76.000000,62 
OBJECT_ADD 13565357,26314695,76.000000,62 
OBJECT_ADD 13556026,26320770,76.000000,62 
OBJECT_ADD 13545087,26309901,99.000000,62 
OBJECT_ADD 13542150,26314322,99.000000,62 
OBJECT_ADD 13537658,26304215,99.000000,62 
OBJECT_ADD 13535895,26307854,99.000000,62 
OBJECT_ADD 13535869,26314551,99.000000,62 
OBJECT_ADD 13534146,26318181,99.000000,62 
OBJECT_ADD 13533283,26321008,99.000000,62 
OBJECT_ADD 13548674,26312917,99.000000,62 
OBJECT_ADD 13559729,26321405,99.000000,62 
OBJECT_ADD 13550739,26290568,99.000000,62 
OBJECT_ADD 13557855,26295318,99.000000,62 
OBJECT_ADD 13556606,26292624,99.000000,62 
OBJECT_ADD 13557212,26215076,99.000000,62 
OBJECT_ADD 13565988,26299397,99.000000,62 
OBJECT_ADD 13566705,26296120,99.000000,62 
OBJECT_ADD 13562631,26294479,99.000000,62 
OBJECT_ADD 13550935,26221898,99.000000,62 
OBJECT_ADD 13557155,26219314,99.000000,62 
OBJECT_ADD 13554542,26222551,99.000000,62 
OBJECT_ADD 13564080,26291755,99.000000,62 
OBJECT_ADD 13560452,26289939,99.000000,62 
OBJECT_ADD 13549633,26217724,99.000000,62 
OBJECT_ADD 13547316,26215018,99.000000,62 
OBJECT_ADD 13559686,26279014,99.000000,62 
OBJECT_ADD 13562590,26278681,99.000000,62 
OBJECT_ADD 13563013,26286514,99.000000,62 
OBJECT_ADD 13581332,26281704,99.000000,62 
OBJECT_ADD 13586384,26277274,99.000000,62 
OBJECT_ADD 13590432,26276165,99.000000,62 
OBJECT_ADD 13594681,26275872,99.000000,62 
OBJECT_ADD 13558810,26244593,99.000000,62 
OBJECT_ADD 13559385,26240107,99.000000,62 
OBJECT_ADD 13557801,26271413,99.000000,62 
OBJECT_ADD 13562266,26275534,99.000000,62 
OBJECT_ADD 13562003,26270563,99.000000,62 
OBJECT_ADD 13558368,26266926,99.000000,62 
OBJECT_ADD 13558710,26263329,99.000000,62 
OBJECT_ADD 13558891,26260854,99.000000,62 
OBJECT_ADD 13560058,26258421,99.000000,62 
OBJECT_ADD 13577851,26272201,99.000000,62 
OBJECT_ADD 13574449,26269973,99.000000,62 
OBJECT_ADD 13579294,26269614,99.000000,62 
OBJECT_ADD 13576060,26267212,99.000000,62 
OBJECT_ADD 13569390,26271076,99.000000,62 
OBJECT_ADD 13571986,26268378,99.000000,62 
OBJECT_ADD 13574184,26264806,99.000000,62 
OBJECT_ADD 13584176,26274460,99.000000,62 
OBJECT_ADD 13582138,26271709,99.000000,62 
OBJECT_ADD 13592212,26256519,99.000000,62 
OBJECT_ADD 13595058,26257192,99.000000,62 
OBJECT_ADD 13532610,26216315,99.000000,62 
OBJECT_ADD 13536472,26228079,99.000000,62 
OBJECT_ADD 13539428,26224146,99.000000,62 
OBJECT_ADD 13539687,26221375,99.000000,62 
OBJECT_ADD 13589820,26253676,99.000000,62 
OBJECT_ADD 13570905,26234706,99.000000,62 
OBJECT_ADD 13572502,26306402,99.000000,62 
OBJECT_ADD 13565662,26310672,99.000000,62 
OBJECT_ADD 13506171,26277057,99.000000,62 
OBJECT_ADD 13504945,26281758,99.000000,62 
OBJECT_ADD 13543470,26215286,99.000000,62 
OBJECT_ADD 13542179,26219984,99.000000,62 
OBJECT_ADD 13500652,26268631,99.000000,62 
OBJECT_ADD 13560944,26309925,99.000000,62 
OBJECT_ADD 13570010,26309754,99.000000,62 
OBJECT_ADD 13561466,26314223,99.000000,62 
OBJECT_ADD 13534892,26261770,99.000000,62 
OBJECT_ADD 13577827,26293471,99.000000,62 
OBJECT_ADD 13533104,26282296,99.000000,62 
OBJECT_ADD 13545891,26286856,99.000000,62 
OBJECT_ADD 13571183,26336618,0.000000,62 
OBJECT_ADD 13575498,26334956,0.000000,62 
OBJECT_ADD 13580339,26334937,0.000000,62 
OBJECT_ADD 13583825,26331923,0.000000,62 
OBJECT_ADD 13580939,26331711,0.000000,62 
OBJECT_ADD 13577390,26331031,0.000000,62 
OBJECT_ADD 13574476,26330054,0.000000,62 
OBJECT_ADD 13571568,26331907,0.000000,62 
OBJECT_ADD 13568031,26332057,0.000000,62 
OBJECT_ADD 13573823,26326772,0.000000,62 
OBJECT_ADD 13569253,26328842,0.000000,62 
OBJECT_ADD 13564728,26330229,0.000000,62 
OBJECT_ADD 13562012,26334369,0.000000,62 
OBJECT_ADD 13561544,26325985,0.000000,62 
OBJECT_ADD 13557648,26327064,0.000000,62 
OBJECT_ADD 13557344,26344751,0.000000,62 
OBJECT_ADD 13561712,26343930,0.000000,62 
OBJECT_ADD 13561250,26337909,0.000000,62 
OBJECT_ADD 13559305,26334981,0.000000,62 
OBJECT_ADD 13578097,26308804,0.000000,62 
OBJECT_ADD 13575045,26308190,0.000000,62 
OBJECT_ADD 13577836,26320719,0.000000,62 
OBJECT_ADD 13581537,26318176,0.000000,62 
OBJECT_ADD 13565448,26342807,0.000000,62 
OBJECT_ADD 13574644,26349178,0.000000,62 
OBJECT_ADD 13573034,26357318,0.000000,62 
OBJECT_ADD 13479837,25956671,0.000000,62 
OBJECT_ADD 13476548,25958342,0.000000,62 
OBJECT_ADD 13479336,25970331,0.000000,62 
OBJECT_ADD 13473748,25955328,0.000000,62 
OBJECT_ADD 13498940,25940065,0.000000,62 
OBJECT_ADD 13496190,25942026,0.000000,62 
OBJECT_ADD 13483847,26034769,0.000000,62 
OBJECT_ADD 13496306,25958758,0.000000,62 
OBJECT_ADD 13497090,25961938,0.000000,62 
OBJECT_ADD 13500841,26034238,0.000000,62 
OBJECT_ADD 13500734,26038479,0.000000,62 
OBJECT_ADD 13501278,26043502,0.000000,62 
OBJECT_ADD 13504302,26038832,0.000000,62 
OBJECT_ADD 13507926,26037723,0.000000,62 
OBJECT_ADD 13510858,26037509,0.000000,62 
OBJECT_ADD 13493001,25945311,0.000000,62 
OBJECT_ADD 13506882,26054545,0.000000,62 
OBJECT_ADD 13523593,25970780,0.000000,62 
OBJECT_ADD 13510332,26054961,0.000000,62 
OBJECT_ADD 13512877,26051527,0.000000,62 
OBJECT_ADD 13507424,26051146,0.000000,62 
OBJECT_ADD 13510190,26050707,0.000000,62 
OBJECT_ADD 13495826,25999100,0.000000,62 
OBJECT_ADD 13507170,25967609,0.000000,62 
OBJECT_ADD 13464079,26021915,0.000000,62 
OBJECT_ADD 13463105,26018508,0.000000,62 
OBJECT_ADD 13481608,26039517,0.000000,62 
OBJECT_ADD 13496143,25967913,0.000000,62 
OBJECT_ADD 13488953,25966787,0.000000,62 
OBJECT_ADD 13488960,25946425,0.000000,62 
OBJECT_ADD 13491930,25949744,0.000000,62 
OBJECT_ADD 13483789,25956066,0.000000,62 
OBJECT_ADD 13484009,25959410,0.000000,62 
OBJECT_ADD 13505479,25946782,0.000000,62 
OBJECT_ADD 13498574,25947603,0.000000,62 
OBJECT_ADD 13496078,25951591,0.000000,62 
OBJECT_ADD 13518442,25981345,0.000000,62 
OBJECT_ADD 13489538,25959064,0.000000,62 
OBJECT_ADD 13492543,25958149,0.000000,62 
OBJECT_ADD 13502542,25974709,0.000000,62 
OBJECT_ADD 13511082,25990025,0.000000,62 
OBJECT_ADD 13515400,25996746,0.000000,62 
OBJECT_ADD 13518136,26001051,0.000000,62 
OBJECT_ADD 13496949,26015172,0.000000,62 
OBJECT_ADD 13490585,26014571,0.000000,62 
OBJECT_ADD 13499702,26028051,0.000000,62 
OBJECT_ADD 13486848,26034050,0.000000,62 
OBJECT_ADD 13487758,25998248,0.000000,62 
OBJECT_ADD 13485631,25999294,0.000000,62 
OBJECT_ADD 13495123,25984036,0.000000,62 
OBJECT_ADD 13498287,25987189,0.000000,62 
OBJECT_ADD 13499372,25982226,0.000000,62 
OBJECT_ADD 13522943,26006289,0.000000,62 
OBJECT_ADD 13497987,25958473,0.000000,62 
OBJECT_ADD 13531510,25977453,0.000000,62 
OBJECT_ADD 13483187,25984242,0.000000,62 
OBJECT_ADD 13524043,26011658,0.000000,62 
OBJECT_ADD 13535288,25943254,0.000000,62 
OBJECT_ADD 13519913,25949206,0.000000,62 
OBJECT_ADD 13672288,26337788,0.000000,62 
OBJECT_ADD 13674025,26317225,0.000000,62 
OBJECT_ADD 13670709,26318051,0.000000,62 
OBJECT_ADD 13664660,26331177,0.000000,62 
OBJECT_ADD 13662173,26333248,0.000000,62 
OBJECT_ADD 13660126,26335592,0.000000,62 
OBJECT_ADD 13675855,26338640,0.000000,62 
OBJECT_ADD 13670718,26342770,0.000000,62 
OBJECT_ADD 13654242,26364904,0.000000,62 
OBJECT_ADD 13680533,26345420,0.000000,62 
OBJECT_ADD 13665152,26303391,0.000000,62 
OBJECT_ADD 13664449,26306949,0.000000,62 
OBJECT_ADD 13662593,26309239,0.000000,62 
OBJECT_ADD 13651875,26350960,0.000000,62 
OBJECT_ADD 13687239,26321455,0.000000,62 
OBJECT_ADD 13687224,26324349,0.000000,62 
OBJECT_ADD 13672983,26363227,0.000000,62 
OBJECT_ADD 13681281,26325606,0.000000,62 
OBJECT_ADD 13674339,26446081,0.000000,62 
OBJECT_ADD 13678910,26338756,0.000000,62 
OBJECT_ADD 13667216,26330276,0.000000,62 
OBJECT_ADD 13673495,26440198,0.000000,62 
OBJECT_ADD 13674442,26373861,0.000000,62 
OBJECT_ADD 13660077,26364746,0.000000,62 
OBJECT_ADD 13652557,26396470,0.000000,62 
OBJECT_ADD 13671316,26433241,0.000000,62 
OBJECT_ADD 13668785,26429853,0.000000,62 
OBJECT_ADD 13665663,26427556,0.000000,62 
OBJECT_ADD 13676635,26362860,0.000000,62 
OBJECT_ADD 13681764,26349214,0.000000,62 
OBJECT_ADD 13681440,26359808,0.000000,62 
OBJECT_ADD 13678713,26360069,0.000000,62 
OBJECT_ADD 13672399,26375271,0.000000,62 
OBJECT_ADD 13683266,26350594,0.000000,62 
OBJECT_ADD 13669630,26416790,0.000000,62 
OBJECT_ADD 13666518,26419492,0.000000,62 
OBJECT_ADD 13679581,26368484,0.000000,62 
OBJECT_ADD 13671098,26372499,0.000000,62 
OBJECT_ADD 13661391,26422075,0.000000,62 
OBJECT_ADD 13659859,26418874,0.000000,62 
OBJECT_ADD 13684178,26353549,0.000000,62 
OBJECT_ADD 13677745,26353322,0.000000,62 
OBJECT_ADD 13679160,26355615,0.000000,62 
OBJECT_ADD 13660684,26411503,0.000000,62 
OBJECT_ADD 13678244,26386320,0.000000,62 
OBJECT_ADD 13669690,26378113,0.000000,62 
OBJECT_ADD 13663616,26402006,0.000000,62 
OBJECT_ADD 13682484,26370924,0.000000,62 
OBJECT_ADD 13666149,26397744,0.000000,62 
OBJECT_ADD 13667925,26393793,0.000000,62 
OBJECT_ADD 13660092,26407063,0.000000,62 
OBJECT_ADD 13658585,26404225,0.000000,62 
OBJECT_ADD 13649701,26394226,0.000000,62 
OBJECT_ADD 13662746,26370532,0.000000,62 
OBJECT_ADD 13686421,26319239,0.000000,62 
OBJECT_ADD 13684120,26321890,0.000000,62 
OBJECT_ADD 13681785,26313835,0.000000,62 
OBJECT_ADD 13680406,26311918,0.000000,62 
OBJECT_ADD 13677229,26310587,0.000000,62 
OBJECT_ADD 13724086,26310257,0.000000,62 
OBJECT_ADD 13727611,26311157,0.000000,62 
OBJECT_ADD 13725088,26304987,0.000000,62 
OBJECT_ADD 13727217,26303516,0.000000,62 
OBJECT_ADD 13740961,26367069,0.000000,62 
OBJECT_ADD 13702796,26334648,0.000000,62 
OBJECT_ADD 13705056,26291744,0.000000,62 
OBJECT_ADD 13706984,26295146,0.000000,62 
OBJECT_ADD 13720090,26311648,0.000000,62 
OBJECT_ADD 13703766,26296736,0.000000,62 
OBJECT_ADD 13748694,26296325,0.000000,62 
OBJECT_ADD 13720711,26307646,0.000000,62 
OBJECT_ADD 13729190,26307771,0.000000,62 