OBJECT_ADD 36875791,31331409,-34.000000,62 
OBJECT_ADD 36878454,31333140,-34.000000,62 
OBJECT_ADD 36893600,31340504,-34.000000,62 
OBJECT_ADD 36890356,31345367,-34.000000,62 
OBJECT_ADD 36890506,31355662,-34.000000,62 
OBJECT_ADD 36881940,31334847,-77.000000,63 
OBJECT_ADD 36883031,31354441,-11.000000,62 
OBJECT_ADD 36885638,31355273,-11.000000,62 
OBJECT_ADD 36854341,31347787,-11.000000,62 
OBJECT_ADD 36875921,31348073,-11.000000,62 
OBJECT_ADD 36879407,31349138,-11.000000,62 
OBJECT_ADD 36882643,31350082,-11.000000,62 
OBJECT_ADD 36869734,31340875,-11.000000,62 
OBJECT_ADD 36882947,31375866,-34.000000,62 
OBJECT_ADD 36879543,31391364,-34.000000,62 
OBJECT_ADD 36874000,31393320,-34.000000,62 
OBJECT_ADD 36884266,31394817,-34.000000,62 
OBJECT_ADD 36861839,31385140,-34.000000,62 
OBJECT_ADD 36872795,31373776,-34.000000,62 
OBJECT_ADD 36885830,31369474,-34.000000,62 
OBJECT_ADD 36888763,31374414,-34.000000,62 
OBJECT_ADD 36857989,31363897,-88.000000,63 
OBJECT_ADD 36895191,31373076,-11.000000,63 
OBJECT_ADD 36889375,31368336,-11.000000,62 
OBJECT_ADD 36890254,31372162,-11.000000,62 
OBJECT_ADD 36881319,31383398,-11.000000,62 
OBJECT_ADD 36894521,31381851,-11.000000,62 
OBJECT_ADD 36856593,31381976,-11.000000,62 
OBJECT_ADD 36887938,31352573,-11.000000,62 
OBJECT_ADD 36879362,31353225,0.000000,62 
OBJECT_ADD 36876548,31352925,0.000000,62 
OBJECT_ADD 36876039,31357279,0.000000,62 
OBJECT_ADD 36874203,31361186,0.000000,62 
OBJECT_ADD 36860871,31351374,0.000000,62 
OBJECT_ADD 36851469,31356175,0.000000,62 
OBJECT_ADD 36880957,31371677,0.000000,62 
OBJECT_ADD 36852861,31352487,0.000000,62 
OBJECT_ADD 36860450,31368068,0.000000,62 
OBJECT_ADD 36868291,31346392,0.000000,62 
OBJECT_ADD 36867097,31477346,-23.000000,62 
OBJECT_ADD 36878575,31463975,-23.000000,62 
OBJECT_ADD 36893670,31471528,-23.000000,62 
OBJECT_ADD 36892144,31475477,-23.000000,62 
OBJECT_ADD 36889085,31480639,-23.000000,62 
OBJECT_ADD 36887152,31501240,-23.000000,62 
OBJECT_ADD 36889553,31503982,-23.000000,62 
OBJECT_ADD 36888457,31486159,-23.000000,62 
OBJECT_ADD 36898439,31463774,-66.000000,63 
OBJECT_ADD 36860056,31499905,-77.000000,63 
OBJECT_ADD 36883877,31485158,0.000000,62 
OBJECT_ADD 36886247,31486079,0.000000,62 
OBJECT_ADD 36889706,31500099,0.000000,62 
OBJECT_ADD 36893208,31504125,0.000000,62 
OBJECT_ADD 36859186,31480723,0.000000,62 
OBJECT_ADD 36881579,31501171,0.000000,62 
OBJECT_ADD 36876973,31479018,0.000000,62 
OBJECT_ADD 36880132,31479628,0.000000,62 
OBJECT_ADD 36883449,31481276,0.000000,62 
OBJECT_ADD 36869976,31472048,0.000000,62 
OBJECT_ADD 36884742,31528997,-23.000000,62 
OBJECT_ADD 36885213,31526146,-23.000000,62 
OBJECT_ADD 36880791,31521205,-23.000000,62 
OBJECT_ADD 36892066,31522146,-23.000000,62 
OBJECT_ADD 36876768,31523269,-23.000000,62 
OBJECT_ADD 36897138,31512156,0.000000,63 
OBJECT_ADD 36894836,31513677,0.000000,62 
OBJECT_ADD 36897246,31512435,0.000000,62 
OBJECT_ADD 36864093,31513300,0.000000,62 
OBJECT_ADD 36854299,31493334,0.000000,62 
OBJECT_ADD 36861561,31499421,0.000000,62 
OBJECT_ADD 36875452,31462562,0.000000,62 
OBJECT_ADD 36886617,31508198,0.000000,62 
OBJECT_ADD 36883841,31507297,0.000000,62 
OBJECT_ADD 36888866,31478492,0.000000,62 
OBJECT_ADD 36875831,31489450,0.000000,62 
OBJECT_ADD 36874840,31492174,0.000000,62 
OBJECT_ADD 36864953,31468288,0.000000,62 
OBJECT_ADD 36867850,31470047,0.000000,62 
OBJECT_ADD 36869033,31473267,0.000000,62 
OBJECT_ADD 36861019,31482802,0.000000,62 
OBJECT_ADD 36877143,31483909,0.000000,62 
OBJECT_ADD 37009142,31463648,-23.000000,62 
OBJECT_ADD 37024237,31471201,-23.000000,62 
OBJECT_ADD 37022731,31474752,-23.000000,62 
OBJECT_ADD 37018794,31479995,-23.000000,62 
OBJECT_ADD 37029006,31463447,-66.000000,63 
OBJECT_ADD 37007546,31479067,0.000000,62 
OBJECT_ADD 37011555,31480021,0.000000,62 
OBJECT_ADD 37000559,31471689,0.000000,62 
OBJECT_ADD 37015309,31528670,-23.000000,62 
OBJECT_ADD 37015780,31525819,-23.000000,62 
OBJECT_ADD 37010847,31522695,-23.000000,62 
OBJECT_ADD 37022976,31522395,-23.000000,62 
OBJECT_ADD 37006460,31525066,-23.000000,62 
OBJECT_ADD 37004657,31504493,-23.000000,62 
OBJECT_ADD 37017719,31500913,-23.000000,62 
OBJECT_ADD 37020152,31503669,-23.000000,62 
OBJECT_ADD 37019106,31486754,-23.000000,62 
OBJECT_ADD 36990880,31498810,-77.000000,63 
OBJECT_ADD 37027705,31511829,0.000000,63 
OBJECT_ADD 37013716,31485735,0.000000,62 
OBJECT_ADD 37016586,31486704,0.000000,62 
OBJECT_ADD 37020273,31499772,0.000000,62 
OBJECT_ADD 37023775,31503798,0.000000,62 
OBJECT_ADD 37025272,31512918,0.000000,62 
OBJECT_ADD 37027813,31512108,0.000000,62 
OBJECT_ADD 36992985,31515596,0.000000,62 
OBJECT_ADD 36983958,31482808,0.000000,62 
OBJECT_ADD 37012150,31501596,0.000000,62 
OBJECT_ADD 37013764,31481267,0.000000,62 
OBJECT_ADD 36999166,31469583,0.000000,62 
OBJECT_ADD 36996489,31468738,0.000000,62 
OBJECT_ADD 36985256,31480020,0.000000,62 
OBJECT_ADD 37004834,31477923,0.000000,62 
OBJECT_ADD 36998716,31477035,0.000000,62 
OBJECT_ADD 36991433,31482244,0.000000,62 
OBJECT_ADD 36991464,31498287,0.000000,62 
OBJECT_ADD 37014901,31506197,0.000000,62 
OBJECT_ADD 37005860,31490401,0.000000,62 
OBJECT_ADD 37006969,31487339,0.000000,62 
OBJECT_ADD 37007305,31483739,0.000000,62 
OBJECT_ADD 36982352,31487449,0.000000,62 
OBJECT_ADD 36991022,31484868,0.000000,62 
OBJECT_ADD 36938856,31360288,-23.000000,62 
OBJECT_ADD 36917772,31398908,-23.000000,62 
OBJECT_ADD 36935604,31363764,-23.000000,62 
OBJECT_ADD 36924950,31445360,-23.000000,62 
OBJECT_ADD 37003744,31451757,-23.000000,62 
OBJECT_ADD 36989621,31472436,-23.000000,62 
OBJECT_ADD 36960935,31404025,-23.000000,62 
OBJECT_ADD 36923212,31442209,-77.000000,63 
OBJECT_ADD 36924394,31444952,0.000000,63 
OBJECT_ADD 36950348,31472844,0.000000,62 
OBJECT_ADD 36949770,31475740,0.000000,62 
OBJECT_ADD 36941065,31459559,0.000000,62 
OBJECT_ADD 36958171,31480592,0.000000,62 
OBJECT_ADD 36916680,31426387,0.000000,62 
OBJECT_ADD 37032725,31401642,0.000000,62 
OBJECT_ADD 37029862,31396992,0.000000,62 
OBJECT_ADD 37028380,31394751,0.000000,62 
OBJECT_ADD 37037908,31402614,0.000000,62 
OBJECT_ADD 37040578,31399777,0.000000,62 
OBJECT_ADD 37043863,31396363,0.000000,62 
OBJECT_ADD 37045930,31397794,0.000000,62 
OBJECT_ADD 37049947,31399311,0.000000,62 
OBJECT_ADD 37057396,31399173,0.000000,62 
OBJECT_ADD 37060215,31401214,0.000000,62 
OBJECT_ADD 37037097,31407575,0.000000,62 
OBJECT_ADD 37042816,31404891,0.000000,62 
OBJECT_ADD 37034395,31404952,0.000000,62 
OBJECT_ADD 36943569,31466274,-23.000000,62 
OBJECT_ADD 36925707,31459175,0.000000,62 
OBJECT_ADD 36695220,31321230,-23.000000,62 
OBJECT_ADD 36698113,31317485,-23.000000,62 
OBJECT_ADD 36690455,31316642,-23.000000,62 
OBJECT_ADD 36685295,31314873,-23.000000,62 
OBJECT_ADD 36656598,31291312,-23.000000,62 
OBJECT_ADD 36689847,31296239,-23.000000,62 
OBJECT_ADD 36698325,31291681,-23.000000,62 
OBJECT_ADD 36669191,31298107,-77.000000,63 
OBJECT_ADD 36681135,31309181,0.000000,62 
OBJECT_ADD 36677892,31298310,0.000000,62 
OBJECT_ADD 36676717,31299905,0.000000,62 
OBJECT_ADD 36698927,31308043,0.000000,62 
OBJECT_ADD 36669135,31313557,0.000000,62 
OBJECT_ADD 36662510,31279195,0.000000,62 
OBJECT_ADD 36687326,31296039,0.000000,62 
OBJECT_ADD 36680768,31295196,0.000000,62 
OBJECT_ADD 36650517,31276561,0.000000,62 
OBJECT_ADD 36644986,31284368,0.000000,62 
OBJECT_ADD 36665443,31294557,0.000000,62 
OBJECT_ADD 36646391,31280898,0.000000,62 
OBJECT_ADD 36660369,31277592,0.000000,62 
OBJECT_ADD 36655199,31277084,0.000000,62 
OBJECT_ADD 36653812,31279552,0.000000,62 
OBJECT_ADD 36650189,31283264,0.000000,62 
OBJECT_ADD 36660996,31281778,0.000000,62 
OBJECT_ADD 36658512,31288043,0.000000,62 
OBJECT_ADD 36660037,31285213,0.000000,62 
OBJECT_ADD 36649921,31288926,0.000000,62 
OBJECT_ADD 36647860,31286576,0.000000,62 
OBJECT_ADD 36643762,31294768,0.000000,62 
OBJECT_ADD 36672732,31297904,0.000000,62 
OBJECT_ADD 36679341,31301684,0.000000,62 
OBJECT_ADD 36683014,31302213,0.000000,62 
OBJECT_ADD 36686366,31300748,0.000000,62 
OBJECT_ADD 36680263,31283855,0.000000,62 
OBJECT_ADD 36675439,31308291,0.000000,62 
OBJECT_ADD 36676477,31305166,0.000000,62 
OBJECT_ADD 36697093,31347088,0.000000,62 
OBJECT_ADD 36691439,31347502,0.000000,62 
OBJECT_ADD 36679297,31346980,0.000000,62 
OBJECT_ADD 36686784,31334789,0.000000,62 
OBJECT_ADD 36690257,31341813,0.000000,62 
OBJECT_ADD 36689065,31337284,0.000000,62 
OBJECT_ADD 36687850,31329176,0.000000,62 
OBJECT_ADD 36684517,31330309,0.000000,62 
OBJECT_ADD 36681684,31326838,0.000000,62 
OBJECT_ADD 36700134,31345479,0.000000,62 
OBJECT_ADD 36701143,31317656,-23.000000,62 
OBJECT_ADD 36725868,31300903,-23.000000,62 
OBJECT_ADD 36708541,31295299,-23.000000,62 
OBJECT_ADD 36709562,31300998,-23.000000,62 
OBJECT_ADD 36702402,31293020,-23.000000,62 
OBJECT_ADD 36712785,31296069,-23.000000,62 
OBJECT_ADD 36728617,31308849,-66.000000,63 
OBJECT_ADD 36705017,31304763,0.000000,63 
OBJECT_ADD 36702949,31310767,0.000000,62 
OBJECT_ADD 36702866,31314119,0.000000,62 
OBJECT_ADD 36701348,31304725,0.000000,62 
OBJECT_ADD 36711860,31305356,0.000000,62 
OBJECT_ADD 36700186,31292214,0.000000,62 
OBJECT_ADD 36715893,31303462,0.000000,62 
OBJECT_ADD 36728592,31304281,0.000000,62 
OBJECT_ADD 36708375,31353725,0.000000,62 
OBJECT_ADD 36705031,31351172,0.000000,62 
OBJECT_ADD 36701269,31331040,0.000000,62 
OBJECT_ADD 36709967,31349225,0.000000,62 
OBJECT_ADD 36708003,31343076,0.000000,62 
OBJECT_ADD 36753521,31350971,-23.000000,62 
OBJECT_ADD 36756455,31355667,-23.000000,62 
OBJECT_ADD 36756217,31347364,-23.000000,62 
OBJECT_ADD 36756674,31376239,-23.000000,62 
OBJECT_ADD 36753301,31376176,-23.000000,62 
OBJECT_ADD 36757525,31372411,-23.000000,62 
OBJECT_ADD 36758109,31367989,-23.000000,62 
OBJECT_ADD 36748420,31353385,-23.000000,62 
OBJECT_ADD 36749171,31349713,-23.000000,62 
OBJECT_ADD 36751314,31350871,-23.000000,62 
OBJECT_ADD 36754328,31351449,-23.000000,62 
OBJECT_ADD 36755682,31353676,-23.000000,62 
OBJECT_ADD 36751304,31355049,-23.000000,62 
OBJECT_ADD 36758080,31368430,-66.000000,63 
OBJECT_ADD 36767036,31373828,-77.000000,63 
OBJECT_ADD 36765461,31336524,0.000000,63 
OBJECT_ADD 36761230,31342050,0.000000,62 
OBJECT_ADD 36761573,31396368,0.000000,62 
OBJECT_ADD 36749572,31391638,0.000000,62 
OBJECT_ADD 36750039,31383695,0.000000,62 
OBJECT_ADD 36755701,31396006,0.000000,62 
OBJECT_ADD 36754649,31398070,0.000000,62 
OBJECT_ADD 36744494,31394436,0.000000,62 
OBJECT_ADD 36734436,31387339,0.000000,62 
OBJECT_ADD 36764186,31372783,0.000000,62 
OBJECT_ADD 36729996,31383957,0.000000,62 
OBJECT_ADD 36741048,31373524,0.000000,62 
OBJECT_ADD 36742932,31361738,0.000000,62 
OBJECT_ADD 36702310,31345129,0.000000,62 
OBJECT_ADD 36864869,31239653,-23.000000,62 
OBJECT_ADD 36896062,31263084,-23.000000,62 
OBJECT_ADD 36892849,31260699,-23.000000,62 
OBJECT_ADD 36895007,31256023,-23.000000,62 
OBJECT_ADD 36892531,31253330,-23.000000,62 
OBJECT_ADD 36878818,31248720,-23.000000,62 
OBJECT_ADD 36883005,31246369,-23.000000,62 
OBJECT_ADD 36861015,31232842,-23.000000,62 
OBJECT_ADD 36858894,31230631,-23.000000,62 
OBJECT_ADD 36867266,31232480,-23.000000,62 
OBJECT_ADD 36871057,31233888,-23.000000,62 
OBJECT_ADD 36866058,31249547,-23.000000,62 
OBJECT_ADD 36894814,31258788,-66.000000,63 
OBJECT_ADD 36878439,31253522,-77.000000,63 
OBJECT_ADD 36885792,31261587,0.000000,63 
OBJECT_ADD 36864465,31242373,-23.000000,62 
OBJECT_ADD 36873325,31287423,0.000000,62 
OBJECT_ADD 36861384,31284898,0.000000,62 
OBJECT_ADD 36880982,31290546,0.000000,62 
OBJECT_ADD 36877955,31297518,0.000000,62 
OBJECT_ADD 36856067,31248106,0.000000,62 
OBJECT_ADD 36895348,31283718,0.000000,62 
OBJECT_ADD 36897792,31286276,0.000000,62 
OBJECT_ADD 36892885,31281171,0.000000,62 
OBJECT_ADD 36889036,31279536,0.000000,62 
OBJECT_ADD 36889333,31276735,0.000000,62 
OBJECT_ADD 36884836,31274221,0.000000,62 
OBJECT_ADD 36882651,31272908,0.000000,62 
OBJECT_ADD 36871487,31292721,0.000000,62 
OBJECT_ADD 36877222,31252928,0.000000,62 
OBJECT_ADD 36869202,31284470,0.000000,62 
OBJECT_ADD 36863034,31301353,0.000000,62 
OBJECT_ADD 36865928,31301554,0.000000,62 
OBJECT_ADD 36858003,31301695,0.000000,62 
OBJECT_ADD 36872303,31297309,0.000000,62 
OBJECT_ADD 36865992,31287731,0.000000,62 
OBJECT_ADD 36877237,31307640,0.000000,62 
OBJECT_ADD 36867035,31297458,0.000000,62 
OBJECT_ADD 36869969,31302347,0.000000,62 
OBJECT_ADD 36854082,31304449,0.000000,62 
OBJECT_ADD 36878325,31301855,0.000000,62 
OBJECT_ADD 36884346,31242674,0.000000,62 
OBJECT_ADD 37086742,31579991,45.000000,62 
OBJECT_ADD 37089039,31581445,45.000000,62 
OBJECT_ADD 37084807,31583460,45.000000,62 
OBJECT_ADD 37089980,31584617,45.000000,62 
OBJECT_ADD 37069398,31587278,-23.000000,62 
OBJECT_ADD 37070981,31584528,-23.000000,62 
OBJECT_ADD 37072916,31581570,-23.000000,62 
OBJECT_ADD 37066088,31582057,0.000000,63 
OBJECT_ADD 37047448,31616835,45.000000,62 
OBJECT_ADD 37043950,31618557,45.000000,62 
OBJECT_ADD 37057883,31614437,22.000000,62 
OBJECT_ADD 37061096,31616835,22.000000,62 
OBJECT_ADD 37057826,31619258,22.000000,62 
OBJECT_ADD 37062092,31633491,22.000000,62 
OBJECT_ADD 37062198,31621150,22.000000,62 
OBJECT_ADD 37062070,31624328,22.000000,62 
OBJECT_ADD 37058189,31625019,22.000000,62 
OBJECT_ADD 37072149,31655027,22.000000,62 
OBJECT_ADD 37080177,31669548,-21.000000,63 
OBJECT_ADD 37055677,31626772,45.000000,62 
OBJECT_ADD 37057163,31631145,45.000000,62 
OBJECT_ADD 37054334,31633092,45.000000,62 
OBJECT_ADD 37055733,31635334,45.000000,62 
OBJECT_ADD 37055774,31640313,45.000000,62 
OBJECT_ADD 37053357,31639592,45.000000,62 
OBJECT_ADD 37063828,31667334,45.000000,62 
OBJECT_ADD 37058899,31660230,45.000000,62 
OBJECT_ADD 37082543,31679764,45.000000,62 
OBJECT_ADD 37059397,31672098,45.000000,62 
OBJECT_ADD 37062351,31628832,45.000000,62 
OBJECT_ADD 37056752,31673401,45.000000,62 
OBJECT_ADD 37062868,31676160,45.000000,62 
OBJECT_ADD 37066336,31674652,45.000000,62 
OBJECT_ADD 37067595,31679318,45.000000,62 
OBJECT_ADD 37069273,31672355,45.000000,62 
OBJECT_ADD 37073213,31670291,45.000000,62 
OBJECT_ADD 37053348,31646658,45.000000,62 
OBJECT_ADD 37053589,31649870,45.000000,62 
OBJECT_ADD 37088406,31597317,-23.000000,62 
OBJECT_ADD 37082502,31604783,-23.000000,62 
OBJECT_ADD 37061837,31606333,-23.000000,62 
OBJECT_ADD 37065173,31609322,-23.000000,62 
OBJECT_ADD 37061756,31610378,-23.000000,62 
OBJECT_ADD 37058317,31611692,-23.000000,62 
OBJECT_ADD 37054059,31613597,-23.000000,62 
OBJECT_ADD 37050757,31615550,-23.000000,62 
OBJECT_ADD 37062533,31607204,-66.000000,63 
OBJECT_ADD 37092444,31643395,-77.000000,63 
OBJECT_ADD 37084946,31599160,22.000000,62 
OBJECT_ADD 37079719,31601140,22.000000,62 
OBJECT_ADD 37075671,31603845,22.000000,62 
OBJECT_ADD 37091658,31629289,22.000000,62 
OBJECT_ADD 37084206,31628083,22.000000,62 
OBJECT_ADD 37090218,31646902,45.000000,63 
OBJECT_ADD 37071979,31607129,45.000000,62 
OBJECT_ADD 37075128,31608472,45.000000,62 
OBJECT_ADD 37086657,31611857,45.000000,62 
OBJECT_ADD 37078893,31611628,45.000000,62 
OBJECT_ADD 37082862,31614780,45.000000,62 
OBJECT_ADD 37085469,31618479,45.000000,62 
OBJECT_ADD 37088809,31607080,-23.000000,62 
OBJECT_ADD 37089452,31602108,-23.000000,62 
OBJECT_ADD 37098942,31583927,45.000000,62 
OBJECT_ADD 37095798,31583435,45.000000,62 
OBJECT_ADD 37095910,31570038,45.000000,62 
OBJECT_ADD 37119618,31631958,-32.000000,63 
OBJECT_ADD 37103869,31631489,45.000000,62 
OBJECT_ADD 37091685,31625282,45.000000,62 
OBJECT_ADD 37097612,31651094,45.000000,62 
OBJECT_ADD 37103159,31658730,45.000000,62 
OBJECT_ADD 37108655,31644917,45.000000,62 
OBJECT_ADD 37107997,31665453,45.000000,62 
OBJECT_ADD 37121275,31605200,45.000000,62 
OBJECT_ADD 37132587,31624329,45.000000,62 
OBJECT_ADD 37098501,31636059,45.000000,62 
OBJECT_ADD 37094654,31591915,45.000000,62 
OBJECT_ADD 37108320,31610483,45.000000,62 
OBJECT_ADD 37113475,31607737,45.000000,62 
OBJECT_ADD 37117846,31640585,45.000000,62 
OBJECT_ADD 37107876,31595193,45.000000,62 
OBJECT_ADD 37112044,31596428,45.000000,62 
OBJECT_ADD 37116505,31598209,45.000000,62 
OBJECT_ADD 37118070,31602977,45.000000,62 
OBJECT_ADD 37121726,31641924,45.000000,62 
OBJECT_ADD 37117445,31664690,-90.000000,62 
OBJECT_ADD 37123729,31657897,-90.000000,62 
OBJECT_ADD 37121144,31683207,-90.000000,62 
OBJECT_ADD 37120248,31689012,-90.000000,62 
OBJECT_ADD 37117491,31690413,-90.000000,62 
OBJECT_ADD 37130902,31687422,-90.000000,62 
OBJECT_ADD 37133107,31689794,-90.000000,62 
OBJECT_ADD 37127681,31680207,-90.000000,62 
OBJECT_ADD 37123901,31682376,-90.000000,62 
OBJECT_ADD 37127769,31688468,-90.000000,62 
OBJECT_ADD 37129448,31690058,-90.000000,62 
OBJECT_ADD 37125238,31677628,-90.000000,62 
OBJECT_ADD 37113653,31672948,-90.000000,62 
OBJECT_ADD 37105308,31652988,-113.000000,62 
OBJECT_ADD 37110216,31680306,-113.000000,62 
OBJECT_ADD 37095080,31700440,-113.000000,62 
OBJECT_ADD 37112756,31675575,-113.000000,62 
OBJECT_ADD 37108520,31683345,-113.000000,62 
OBJECT_ADD 37106243,31687596,-113.000000,62 
OBJECT_ADD 37137645,31694587,-113.000000,62 
OBJECT_ADD 37133535,31697872,-113.000000,62 
OBJECT_ADD 37122763,31704827,-113.000000,62 
OBJECT_ADD 37118899,31706266,-113.000000,62 
OBJECT_ADD 37112404,31707495,-113.000000,62 
OBJECT_ADD 37106412,31666659,-113.000000,62 
OBJECT_ADD 37106492,31669178,-113.000000,62 
OBJECT_ADD 37102202,31682059,-156.000000,63 
OBJECT_ADD 37139064,31684337,-167.000000,63 
OBJECT_ADD 37131245,31676433,-90.000000,63 
OBJECT_ADD 37141425,31689118,-90.000000,62 
OBJECT_ADD 37127607,31701162,-90.000000,62 
OBJECT_ADD 37104870,31705840,-90.000000,62 
OBJECT_ADD 37094257,31713070,-90.000000,62 
OBJECT_ADD 37098005,31713579,-90.000000,62 
OBJECT_ADD 37099429,31700913,-90.000000,62 
OBJECT_ADD 37114135,31704926,-90.000000,62 
OBJECT_ADD 37097632,31680459,-90.000000,62 
OBJECT_ADD 37099017,31653037,-90.000000,62 
OBJECT_ADD 37096472,31667925,-90.000000,62 
OBJECT_ADD 37101394,31667925,-90.000000,62 
OBJECT_ADD 37101886,31663886,-90.000000,62 
OBJECT_ADD 37124672,31686389,-90.000000,62 
OBJECT_ADD 37138895,31645487,0.000000,62 
OBJECT_ADD 37143986,31653658,0.000000,62 
OBJECT_ADD 37133929,31658379,0.000000,62 
OBJECT_ADD 37138989,31660429,0.000000,62 
OBJECT_ADD 37138465,31665642,0.000000,62 
OBJECT_ADD 37143722,31661741,0.000000,62 
OBJECT_ADD 37149957,31665389,0.000000,62 
OBJECT_ADD 37149679,31676803,0.000000,62 
OBJECT_ADD 37128071,31680406,0.000000,62 
OBJECT_ADD 37158159,31664745,0.000000,62 
OBJECT_ADD 37144424,31682270,0.000000,62 
OBJECT_ADD 37153516,31668983,0.000000,62 
OBJECT_ADD 37135687,31670043,0.000000,62 
OBJECT_ADD 37062770,31698733,0.000000,62 
OBJECT_ADD 37052835,31657881,0.000000,62 
OBJECT_ADD 37047181,31649840,0.000000,62 
OBJECT_ADD 37051245,31649459,0.000000,62 
OBJECT_ADD 37032033,31650679,0.000000,62 
OBJECT_ADD 37028106,31662152,0.000000,62 
OBJECT_ADD 37061781,31647482,0.000000,62 
OBJECT_ADD 37060474,31649300,0.000000,62 
OBJECT_ADD 37037627,31658610,0.000000,62 
OBJECT_ADD 37025294,31666717,0.000000,62 
OBJECT_ADD 37021063,31664322,0.000000,62 
OBJECT_ADD 37019199,31662543,0.000000,62 
OBJECT_ADD 37053814,31645829,0.000000,62 
OBJECT_ADD 37014698,31696151,0.000000,62 
OBJECT_ADD 37032116,31642762,0.000000,62 
OBJECT_ADD 37056281,31693603,0.000000,62 
OBJECT_ADD 37050843,31693908,0.000000,62 
OBJECT_ADD 37047849,31696185,0.000000,62 
OBJECT_ADD 37035623,31649856,0.000000,62 
OBJECT_ADD 37042305,31668488,0.000000,62 
OBJECT_ADD 37040015,31670619,0.000000,62 
OBJECT_ADD 37034042,31670406,0.000000,62 
OBJECT_ADD 37047219,31644331,0.000000,62 
OBJECT_ADD 37044878,31636968,0.000000,62 
OBJECT_ADD 37028526,31669076,0.000000,62 
OBJECT_ADD 37034108,31677326,0.000000,62 
OBJECT_ADD 37213491,31450666,-22.000000,62 
OBJECT_ADD 37170938,31452056,1.000000,63 
OBJECT_ADD 37151026,31450695,91.000000,62 
OBJECT_ADD 37157923,31452989,91.000000,62 
OBJECT_ADD 37163840,31451960,91.000000,62 
OBJECT_ADD 37198216,31409597,25.000000,63 
OBJECT_ADD 37167837,31427099,91.000000,63 
OBJECT_ADD 37123288,31411481,91.000000,62 
OBJECT_ADD 37130542,31410282,91.000000,62 
OBJECT_ADD 37146401,31405430,91.000000,62 
OBJECT_ADD 37171688,31456729,91.000000,62 
OBJECT_ADD 37149506,31407105,-22.000000,62 
OBJECT_ADD 37154747,31411634,-22.000000,62 
OBJECT_ADD 37150334,31410068,-22.000000,62 
OBJECT_ADD 37137747,31410216,-22.000000,62 
OBJECT_ADD 37132973,31415842,-22.000000,62 
OBJECT_ADD 37136840,31417023,-22.000000,62 
OBJECT_ADD 37130050,31414266,-22.000000,62 
OBJECT_ADD 37140392,31417926,-22.000000,62 
OBJECT_ADD 37155703,31447683,-22.000000,62 
OBJECT_ADD 37170533,31452597,-22.000000,62 
OBJECT_ADD 37157205,31415013,91.000000,62 
OBJECT_ADD 37159472,31417412,68.000000,62 
OBJECT_ADD 37166892,31413304,68.000000,62 
OBJECT_ADD 37144206,31402372,68.000000,62 
OBJECT_ADD 37159365,31420201,91.000000,62 
OBJECT_ADD 37175705,31420354,91.000000,62 
OBJECT_ADD 37195810,31417337,91.000000,62 
OBJECT_ADD 37174657,31416048,91.000000,62 
OBJECT_ADD 37215924,31418501,91.000000,62 
OBJECT_ADD 37190241,31407295,91.000000,62 
OBJECT_ADD 37212014,31455028,91.000000,62 
OBJECT_ADD 37210826,31421218,91.000000,62 
OBJECT_ADD 37184037,31427624,91.000000,62 
OBJECT_ADD 37185931,31432120,91.000000,62 
OBJECT_ADD 37187986,31456556,91.000000,62 
OBJECT_ADD 37180737,31430111,91.000000,62 
OBJECT_ADD 37213154,31441115,91.000000,62 
OBJECT_ADD 37217642,31455087,91.000000,62 
OBJECT_ADD 37219818,31450591,91.000000,62 
OBJECT_ADD 37205724,31455697,91.000000,62 
OBJECT_ADD 37201011,31428768,91.000000,62 
OBJECT_ADD 37158863,31437170,-76.000000,63 
OBJECT_ADD 37205127,31410714,-22.000000,62 
OBJECT_ADD 37207545,31430787,-22.000000,62 
OBJECT_ADD 37202265,31429324,1.000000,63 
OBJECT_ADD 37186681,31446325,-76.000000,63 
OBJECT_ADD 37189536,31454129,-22.000000,62 
OBJECT_ADD 37198239,31458779,-22.000000,62 
OBJECT_ADD 37294007,31433684,91.000000,62 
OBJECT_ADD 37293169,31437014,91.000000,62 
OBJECT_ADD 37245377,31435550,91.000000,62 
OBJECT_ADD 37260461,31443965,68.000000,62 
OBJECT_ADD 37254550,31441666,68.000000,62 
OBJECT_ADD 37256051,31446243,68.000000,62 
OBJECT_ADD 37224998,31452744,68.000000,62 
OBJECT_ADD 37226998,31447965,68.000000,62 
OBJECT_ADD 37234704,31443589,68.000000,62 
OBJECT_ADD 37222690,31438338,68.000000,62 
OBJECT_ADD 37245518,31413164,91.000000,62 
OBJECT_ADD 37250151,31451935,91.000000,62 
OBJECT_ADD 37239752,31446690,91.000000,62 
OBJECT_ADD 37229230,31439309,68.000000,62 
OBJECT_ADD 37225706,31434139,68.000000,62 
OBJECT_ADD 37230342,31451428,68.000000,62 
OBJECT_ADD 37227835,31444880,91.000000,62 
OBJECT_ADD 37226115,31456848,91.000000,62 
OBJECT_ADD 37266067,31431746,0.000000,62 
OBJECT_ADD 37266940,31424732,0.000000,62 
OBJECT_ADD 37250820,31437002,0.000000,62 
OBJECT_ADD 37251043,31441950,0.000000,62 
OBJECT_ADD 37262241,31421382,0.000000,62 
OBJECT_ADD 37180694,31478400,-22.000000,62 
OBJECT_ADD 37169482,31502864,-22.000000,62 
OBJECT_ADD 37183673,31483917,-22.000000,62 
OBJECT_ADD 37178613,31473194,-22.000000,62 
OBJECT_ADD 37138652,31462533,-22.000000,62 
OBJECT_ADD 37131131,31469902,-22.000000,62 
OBJECT_ADD 37165994,31482542,-65.000000,63 
OBJECT_ADD 37152909,31477636,-22.000000,62 
OBJECT_ADD 37158965,31493938,-22.000000,62 
OBJECT_ADD 37173639,31461649,-22.000000,62 
OBJECT_ADD 37175340,31471038,-22.000000,62 
OBJECT_ADD 37175264,31466238,-22.000000,62 
OBJECT_ADD 37122534,31481907,-22.000000,62 
OBJECT_ADD 37139639,31489670,-65.000000,63 
OBJECT_ADD 37192295,31507896,-76.000000,63 
OBJECT_ADD 37167635,31484581,-22.000000,62 
OBJECT_ADD 37135980,31485163,-22.000000,62 
OBJECT_ADD 37162694,31497709,-22.000000,62 
OBJECT_ADD 37157891,31474352,-22.000000,62 
OBJECT_ADD 37176965,31481880,-22.000000,62 
OBJECT_ADD 37166590,31499982,-22.000000,62 
OBJECT_ADD 37178213,31498916,-22.000000,62 
OBJECT_ADD 37166044,31468170,-65.000000,63 
OBJECT_ADD 37181920,31488071,-22.000000,62 
OBJECT_ADD 37174234,31504416,-22.000000,62 
OBJECT_ADD 37182154,31493786,-22.000000,62 
OBJECT_ADD 37176123,31502951,-22.000000,62 
OBJECT_ADD 37153555,31473092,-22.000000,62 
OBJECT_ADD 37148923,31473043,-22.000000,62 
OBJECT_ADD 37152335,31481887,-22.000000,62 
OBJECT_ADD 37132697,31484340,-22.000000,62 
OBJECT_ADD 37129689,31486589,-22.000000,62 
OBJECT_ADD 37218844,31488582,-22.000000,62 
OBJECT_ADD 37125291,31499056,-22.000000,62 
OBJECT_ADD 37143498,31497716,-22.000000,62 
OBJECT_ADD 37149175,31477115,-22.000000,62 
OBJECT_ADD 37145072,31494708,-22.000000,62 
OBJECT_ADD 37148853,31469535,-22.000000,62 
OBJECT_ADD 37125410,31499081,-65.000000,63 
OBJECT_ADD 37211197,31498256,-76.000000,63 
OBJECT_ADD 37137706,31474401,91.000000,62 
OBJECT_ADD 37175321,31458050,-22.000000,62 
OBJECT_ADD 37219333,31463050,91.000000,62 
OBJECT_ADD 37184908,31490406,-22.000000,62 
OBJECT_ADD 37192050,31483109,-65.000000,63 
OBJECT_ADD 37193819,31483783,-76.000000,63 
OBJECT_ADD 37194395,31497363,1.000000,63 
OBJECT_ADD 37188045,31493283,-22.000000,62 
OBJECT_ADD 37190701,31489099,-22.000000,62 
OBJECT_ADD 37183491,31470713,1.000000,63 
OBJECT_ADD 37217493,31466288,-22.000000,62 
OBJECT_ADD 37200721,31499997,-22.000000,62 
OBJECT_ADD 37211037,31505056,-22.000000,62 
OBJECT_ADD 37212547,31471811,-22.000000,62 
OBJECT_ADD 37182908,31498319,-22.000000,62 
OBJECT_ADD 37202200,31464414,1.000000,63 
OBJECT_ADD 37190526,31459163,-22.000000,62 
OBJECT_ADD 37202806,31459715,-22.000000,62 
OBJECT_ADD 37186557,31459618,-22.000000,62 
OBJECT_ADD 37194477,31460327,-22.000000,62 
OBJECT_ADD 37199223,31462366,-22.000000,62 
OBJECT_ADD 37203803,31462702,-22.000000,62 
OBJECT_ADD 37220681,31458396,0.000000,62 
OBJECT_ADD 37257055,31466959,-22.000000,62 
OBJECT_ADD 37256247,31470612,91.000000,62 
OBJECT_ADD 37233681,31470028,91.000000,62 
OBJECT_ADD 37238021,31469872,91.000000,62 
OBJECT_ADD 37232471,31458301,91.000000,62 
OBJECT_ADD 37313041,31489595,-23.000000,62 
OBJECT_ADD 37305206,31507269,-23.000000,62 
OBJECT_ADD 37311961,31484914,-23.000000,62 
OBJECT_ADD 37322559,31503881,-23.000000,62 
OBJECT_ADD 37320842,31502095,-23.000000,62 
OBJECT_ADD 37318293,31494221,-23.000000,62 
OBJECT_ADD 37328889,31491405,-23.000000,62 
OBJECT_ADD 37309884,31487256,-23.000000,62 
OBJECT_ADD 37307567,31489229,-23.000000,62 
OBJECT_ADD 37341442,31476607,-23.000000,62 
OBJECT_ADD 37332704,31492202,-23.000000,62 
OBJECT_ADD 37324297,31493281,-23.000000,62 
OBJECT_ADD 37328073,31495843,-23.000000,62 
OBJECT_ADD 37314441,31496156,-66.000000,63 
OBJECT_ADD 37309846,31487220,-77.000000,63 
OBJECT_ADD 37293675,31492284,0.000000,63 
OBJECT_ADD 37279421,31464402,0.000000,62 
OBJECT_ADD 37275164,31464872,0.000000,62 
OBJECT_ADD 37270174,31462715,0.000000,62 
OBJECT_ADD 37270501,31466921,0.000000,62 
OBJECT_ADD 37299421,31498135,0.000000,62 
OBJECT_ADD 37304274,31510423,0.000000,62 
OBJECT_ADD 37297825,31499981,0.000000,62 
OBJECT_ADD 37266098,31467629,0.000000,62 
OBJECT_ADD 37266012,31487335,0.000000,62 
OBJECT_ADD 37263303,31483363,0.000000,62 
OBJECT_ADD 37261209,31480864,0.000000,62 
OBJECT_ADD 37259886,31474154,0.000000,62 
OBJECT_ADD 37291816,31487584,0.000000,62 
OBJECT_ADD 37326288,31527062,0.000000,62 
OBJECT_ADD 37335106,31521472,0.000000,62 
OBJECT_ADD 37330479,31526383,0.000000,62 
OBJECT_ADD 37337726,31529695,0.000000,62 
OBJECT_ADD 37342259,31530555,0.000000,62 
OBJECT_ADD 37309335,31519567,0.000000,62 
OBJECT_ADD 37276944,31471671,0.000000,62 
OBJECT_ADD 37267033,31479095,0.000000,62 
OBJECT_ADD 37261144,31478417,0.000000,62 
OBJECT_ADD 37236436,31459824,0.000000,62 
OBJECT_ADD 37224976,31464412,0.000000,62 
OBJECT_ADD 37241851,31468123,0.000000,62 
OBJECT_ADD 37240925,31472036,0.000000,62 
OBJECT_ADD 37368116,31545165,0.000000,62 
OBJECT_ADD 37369471,31540774,0.000000,62 
OBJECT_ADD 37371274,31537788,0.000000,62 
OBJECT_ADD 37362665,31542948,0.000000,62 
OBJECT_ADD 37357948,31542869,0.000000,62 
OBJECT_ADD 37356536,31519586,0.000000,62 
OBJECT_ADD 37357693,31516568,0.000000,62 
OBJECT_ADD 36690259,31584622,0.000000,62 
OBJECT_ADD 36692504,31581869,0.000000,62 
OBJECT_ADD 36691376,31577508,0.000000,62 
OBJECT_ADD 36692712,31574802,0.000000,62 
OBJECT_ADD 36658853,31717755,0.000000,62 
OBJECT_ADD 36687467,31719000,0.000000,62 
OBJECT_ADD 36689735,31716470,0.000000,62 
OBJECT_ADD 36692464,31713323,0.000000,62 
OBJECT_ADD 36691375,31707736,0.000000,62 
OBJECT_ADD 36662467,31716184,0.000000,62 
OBJECT_ADD 36650233,31720408,0.000000,62 
OBJECT_ADD 36656252,31720181,0.000000,62 
OBJECT_ADD 36823402,31581244,-23.000000,62 
OBJECT_ADD 36820819,31584384,-23.000000,62 
OBJECT_ADD 36821597,31576465,-23.000000,62 
OBJECT_ADD 36824665,31572238,-23.000000,62 
OBJECT_ADD 36827500,31568589,-23.000000,62 
OBJECT_ADD 36829717,31565559,-23.000000,62 
OBJECT_ADD 36826623,31494685,-23.000000,62 
OBJECT_ADD 36831037,31507615,-23.000000,62 
OBJECT_ADD 36740275,31569405,-66.000000,63 
OBJECT_ADD 36831213,31496648,0.000000,63 
OBJECT_ADD 36767512,31583223,0.000000,62 
OBJECT_ADD 36760854,31583753,0.000000,62 
OBJECT_ADD 36756249,31585140,0.000000,62 
OBJECT_ADD 36813830,31489074,0.000000,62 
OBJECT_ADD 36807953,31485400,0.000000,62 
OBJECT_ADD 36805892,31484843,0.000000,62 
OBJECT_ADD 36803576,31484175,0.000000,62 
OBJECT_ADD 36801125,31482254,0.000000,62 
OBJECT_ADD 36720738,31586719,0.000000,62 
OBJECT_ADD 36720055,31583010,0.000000,62 
OBJECT_ADD 36789078,31583618,0.000000,62 
OBJECT_ADD 36732542,31605982,0.000000,62 
OBJECT_ADD 36736183,31597711,-77.000000,63 
OBJECT_ADD 36780338,31589731,0.000000,62 
OBJECT_ADD 36769305,31588582,0.000000,62 
OBJECT_ADD 36750882,31587833,0.000000,62 
OBJECT_ADD 36753630,31585762,0.000000,62 
OBJECT_ADD 36785162,31589673,0.000000,62 
OBJECT_ADD 36827029,31702542,-23.000000,62 
OBJECT_ADD 36821904,31703999,-23.000000,62 
OBJECT_ADD 36824289,31706651,-23.000000,62 
OBJECT_ADD 36823181,31710676,-23.000000,62 
OBJECT_ADD 36819994,31707548,-23.000000,62 
OBJECT_ADD 36822816,31712855,-23.000000,62 
OBJECT_ADD 36821741,31715093,-23.000000,62 
OBJECT_ADD 36819548,31718679,-23.000000,62 
OBJECT_ADD 36827293,31670720,-66.000000,63 
OBJECT_ADD 36824458,31675662,-77.000000,63 
OBJECT_ADD 36831072,31689479,0.000000,62 
OBJECT_ADD 36772299,31695919,0.000000,62 
OBJECT_ADD 36766720,31693835,0.000000,62 
OBJECT_ADD 36763964,31693533,0.000000,62 
OBJECT_ADD 36758217,31715839,0.000000,62 
OBJECT_ADD 36755977,31717042,0.000000,62 
OBJECT_ADD 36751433,31718635,0.000000,62 
OBJECT_ADD 36763948,31715800,0.000000,62 
OBJECT_ADD 36767280,31713158,0.000000,62 
OBJECT_ADD 36767147,31712689,0.000000,62 
OBJECT_ADD 36769449,31715543,0.000000,62 
OBJECT_ADD 36769343,31717953,0.000000,62 
OBJECT_ADD 36794709,31716501,0.000000,62 
OBJECT_ADD 36790524,31715011,0.000000,62 
OBJECT_ADD 36721110,31717372,0.000000,62 
OBJECT_ADD 36720839,31714708,0.000000,62 
OBJECT_ADD 36727128,31617095,0.000000,62 
OBJECT_ADD 36727948,31613955,0.000000,62 
OBJECT_ADD 36729198,31611734,0.000000,62 
OBJECT_ADD 36720490,31590105,0.000000,62 
OBJECT_ADD 36738780,31590891,0.000000,62 
OBJECT_ADD 36815181,31609017,0.000000,62 
OBJECT_ADD 36817082,31619428,0.000000,62 
OBJECT_ADD 36816496,31614457,0.000000,62 
OBJECT_ADD 36823934,31701578,-23.000000,62 
OBJECT_ADD 36828818,31699443,-23.000000,62 
OBJECT_ADD 36825817,31698848,-23.000000,62 
OBJECT_ADD 36830415,31696749,-23.000000,62 
OBJECT_ADD 36829701,31694736,-23.000000,62 
OBJECT_ADD 36822954,31681090,0.000000,63 
OBJECT_ADD 36732112,31736599,0.000000,62 
OBJECT_ADD 36738636,31722680,0.000000,62 
OBJECT_ADD 36705713,31727822,0.000000,62 
OBJECT_ADD 36708935,31723089,0.000000,62 
OBJECT_ADD 36719705,31721057,0.000000,62 
OBJECT_ADD 36831717,31509728,-23.000000,62 
OBJECT_ADD 36833409,31513867,-23.000000,62 
OBJECT_ADD 36835157,31518504,-23.000000,62 
OBJECT_ADD 36835649,31521113,-23.000000,62 
OBJECT_ADD 36835495,31526308,-23.000000,62 
OBJECT_ADD 36889426,31584861,0.000000,62 
OBJECT_ADD 36886117,31586229,0.000000,62 
OBJECT_ADD 36883722,31586223,0.000000,62 
OBJECT_ADD 36881949,31587924,0.000000,62 
OBJECT_ADD 36852770,31585383,0.000000,62 
OBJECT_ADD 36838203,31678056,0.000000,62 
OBJECT_ADD 36836003,31680756,0.000000,62 
OBJECT_ADD 36834809,31683607,0.000000,62 
OBJECT_ADD 36835597,31686430,0.000000,62 
OBJECT_ADD 36832295,31687096,0.000000,62 
OBJECT_ADD 36834282,31689632,0.000000,62 
OBJECT_ADD 36832321,31692273,0.000000,62 
OBJECT_ADD 36836735,31596968,0.000000,62 
OBJECT_ADD 36839860,31592926,0.000000,62 
OBJECT_ADD 36851410,31584068,0.000000,62 
OBJECT_ADD 36851614,31588449,0.000000,62 
OBJECT_ADD 36858002,31680456,0.000000,62 
OBJECT_ADD 36855729,31679030,0.000000,62 
OBJECT_ADD 36852761,31677333,0.000000,62 
OBJECT_ADD 36849972,31676596,0.000000,62 
OBJECT_ADD 36885380,31718234,0.000000,62 
OBJECT_ADD 36881693,31719030,0.000000,62 
OBJECT_ADD 36858061,31644567,0.000000,62 
OBJECT_ADD 36858778,31647517,0.000000,62 
OBJECT_ADD 36863037,31699207,0.000000,62 
OBJECT_ADD 36851837,31715562,0.000000,62 
OBJECT_ADD 36852154,31718450,0.000000,62 
OBJECT_ADD 36853643,31689824,0.000000,62 
OBJECT_ADD 36852601,31692795,0.000000,62 
OBJECT_ADD 36901547,31716290,0.000000,62 
OBJECT_ADD 36898942,31714421,0.000000,62 
OBJECT_ADD 36896344,31713975,0.000000,62 
OBJECT_ADD 36892031,31714316,0.000000,62 
OBJECT_ADD 36888329,31716638,0.000000,62 
OBJECT_ADD 36903084,31694337,0.000000,62 
OBJECT_ADD 36897421,31693190,0.000000,62 
OBJECT_ADD 36894348,31693694,0.000000,62 
OBJECT_ADD 36925401,31716189,0.000000,62 
OBJECT_ADD 36955480,31683570,0.000000,62 
OBJECT_ADD 36960687,31686191,0.000000,62 
OBJECT_ADD 36955520,31700208,0.000000,62 
OBJECT_ADD 36951733,31705666,0.000000,62 
OBJECT_ADD 36953166,31709879,0.000000,62 
OBJECT_ADD 36836989,31727625,0.000000,62 
OBJECT_ADD 36839861,31724101,0.000000,62 
OBJECT_ADD 36851194,31721254,0.000000,62 
OBJECT_ADD 36858225,31774367,0.000000,62 
OBJECT_ADD 36857116,31748871,0.000000,62 
OBJECT_ADD 36858300,31745823,0.000000,62 
OBJECT_ADD 36859745,31743100,0.000000,62 
OBJECT_ADD 36901049,31719982,0.000000,62 
OBJECT_ADD 36937339,31730451,0.000000,62 
OBJECT_ADD 36951225,31716411,0.000000,62 
OBJECT_ADD 36936589,31716300,0.000000,62 
OBJECT_ADD 36963940,31688435,0.000000,62 
OBJECT_ADD 36963524,31692918,0.000000,62 
OBJECT_ADD 36960249,31696419,0.000000,62 
OBJECT_ADD 36959026,31702298,0.000000,62 
OBJECT_ADD 36955987,31704231,0.000000,62 
OBJECT_ADD 36836243,31520680,0.000000,62 
OBJECT_ADD 36706353,31596258,0.000000,62 
OBJECT_ADD 36689650,31573317,0.000000,62 
OBJECT_ADD 36649196,31589626,0.000000,62 
OBJECT_ADD 36653391,31589681,0.000000,62 
OBJECT_ADD 36658280,31587976,0.000000,62 
OBJECT_ADD 36662372,31584105,0.000000,62 
OBJECT_ADD 36658117,31583312,0.000000,62 
OBJECT_ADD 36675391,31730934,0.000000,62 
OBJECT_ADD 36672452,31729494,0.000000,62 
OBJECT_ADD 36684756,31742727,0.000000,62 
OBJECT_ADD 36684266,31739469,0.000000,62 
OBJECT_ADD 36727884,31744911,0.000000,62 
OBJECT_ADD 36726931,31747335,0.000000,62 
OBJECT_ADD 36725707,31748899,0.000000,62 
OBJECT_ADD 36699450,31763985,0.000000,62 
OBJECT_ADD 36690186,31762355,0.000000,62 
OBJECT_ADD 36686745,31761615,0.000000,62 
OBJECT_ADD 36686022,31749221,0.000000,62 
OBJECT_ADD 36833739,31544422,0.000000,62 
OBJECT_ADD 36788861,31586603,0.000000,62 
OBJECT_ADD 36793791,31584810,0.000000,62 
OBJECT_ADD 36771686,31577380,0.000000,62 
OBJECT_ADD 36772864,31564460,0.000000,62 
OBJECT_ADD 36768963,31562980,0.000000,62 
OBJECT_ADD 36766730,31562493,0.000000,62 
OBJECT_ADD 36763600,31562632,0.000000,62 
OBJECT_ADD 36762258,31565740,0.000000,62 
OBJECT_ADD 36761064,31568147,0.000000,62 
OBJECT_ADD 36760296,31569683,0.000000,62 
OBJECT_ADD 36729060,31576923,0.000000,62 
OBJECT_ADD 36708080,31593269,0.000000,62 
OBJECT_ADD 36831244,31546548,0.000000,62 
OBJECT_ADD 36829266,31543635,0.000000,62 
OBJECT_ADD 36842607,31528803,0.000000,62 
OBJECT_ADD 36848061,31530365,0.000000,62 
OBJECT_ADD 36851793,31530697,0.000000,62 
OBJECT_ADD 36855385,31529606,0.000000,62 
OBJECT_ADD 36856676,31524415,0.000000,62 
OBJECT_ADD 36855887,31520647,0.000000,62 
OBJECT_ADD 36853254,31518237,0.000000,62 
OBJECT_ADD 36850705,31518332,0.000000,62 
OBJECT_ADD 36845498,31517138,0.000000,62 
OBJECT_ADD 36841219,31515209,0.000000,62 
OBJECT_ADD 36836152,31548552,0.000000,62 
