OBJECT_ADD 28676650,32989389,-23.000000,62 
OBJECT_ADD 28671952,32987826,-23.000000,62 
OBJECT_ADD 28660219,32972260,-23.000000,62 
OBJECT_ADD 28662643,32971259,-23.000000,62 
OBJECT_ADD 28663512,32974707,-23.000000,62 
OBJECT_ADD 28661829,32968383,-23.000000,62 
OBJECT_ADD 28661570,32964286,-23.000000,62 
OBJECT_ADD 28660618,32960999,-23.000000,62 
OBJECT_ADD 28662911,32960103,-23.000000,62 
OBJECT_ADD 28638665,32978213,-23.000000,62 
OBJECT_ADD 28641815,32979592,-23.000000,62 
OBJECT_ADD 28628369,32982551,-23.000000,62 
OBJECT_ADD 28631062,32985353,-23.000000,62 
OBJECT_ADD 28653454,32976730,-66.000000,63 
OBJECT_ADD 28642480,32966453,-77.000000,63 
OBJECT_ADD 28636792,32963905,0.000000,63 
OBJECT_ADD 28642852,32962265,0.000000,62 
OBJECT_ADD 28632461,32972210,0.000000,62 
OBJECT_ADD 28644639,32957597,0.000000,62 
OBJECT_ADD 28674532,32979830,0.000000,62 
OBJECT_ADD 28646252,32955375,0.000000,62 
OBJECT_ADD 28645123,32966053,0.000000,62 
OBJECT_ADD 28655050,32952458,0.000000,62 
OBJECT_ADD 28641586,32948674,0.000000,62 
OBJECT_ADD 28642335,32952122,0.000000,62 
OBJECT_ADD 28656448,32948522,0.000000,62 
OBJECT_ADD 28658049,32951043,0.000000,62 
OBJECT_ADD 28653455,32963865,0.000000,62 
OBJECT_ADD 28650013,32952518,0.000000,62 
OBJECT_ADD 28601188,32980456,0.000000,62 
OBJECT_ADD 28604995,32979220,0.000000,62 
OBJECT_ADD 28599419,32959546,0.000000,62 
OBJECT_ADD 28601555,32970343,0.000000,62 
OBJECT_ADD 28608452,32979005,0.000000,62 
OBJECT_ADD 28643557,32984461,0.000000,62 
OBJECT_ADD 28634549,32997532,0.000000,62 
OBJECT_ADD 28628283,33002660,0.000000,62 
OBJECT_ADD 28627793,33006828,0.000000,62 
OBJECT_ADD 28621675,32971944,0.000000,62 
OBJECT_ADD 28618252,32970586,0.000000,62 
OBJECT_ADD 28596762,32969871,0.000000,62 
OBJECT_ADD 28616794,32979901,0.000000,62 
OBJECT_ADD 28688986,32979411,0.000000,62 
OBJECT_ADD 28699622,32959435,0.000000,62 
OBJECT_ADD 28700448,32968412,0.000000,62 
OBJECT_ADD 28691742,33008860,0.000000,62 
OBJECT_ADD 28694810,33010199,0.000000,62 
OBJECT_ADD 28684872,32981027,0.000000,62 
OBJECT_ADD 28704107,32989441,0.000000,62 
OBJECT_ADD 28695378,32974714,0.000000,62 
OBJECT_ADD 28693304,32990739,0.000000,62 
OBJECT_ADD 28700989,32996015,0.000000,62 
OBJECT_ADD 28702036,32998780,0.000000,62 
OBJECT_ADD 28702640,32965492,0.000000,62 
OBJECT_ADD 28704462,33046857,-17.000000,62 
OBJECT_ADD 28708394,32991204,0.000000,62 
OBJECT_ADD 28706437,33011943,0.000000,62 
OBJECT_ADD 28712639,32979025,0.000000,62 
OBJECT_ADD 28712929,32974665,0.000000,62 
OBJECT_ADD 28708923,32979283,0.000000,62 
OBJECT_ADD 28706367,32977912,0.000000,62 
OBJECT_ADD 28712773,33006865,0.000000,62 
OBJECT_ADD 28710746,33011019,0.000000,62 
OBJECT_ADD 28709584,32963710,0.000000,62 
OBJECT_ADD 28707842,32961385,0.000000,62 
OBJECT_ADD 28705463,32955942,0.000000,62 
OBJECT_ADD 28706988,32950723,0.000000,62 
OBJECT_ADD 28709912,32946724,0.000000,62 
OBJECT_ADD 28724138,32994309,0.000000,62 
OBJECT_ADD 28782541,33022326,-60.000000,63 
OBJECT_ADD 28732631,32926244,0.000000,62 
OBJECT_ADD 28717358,32936847,0.000000,62 
OBJECT_ADD 28715885,32931841,0.000000,62 
OBJECT_ADD 28713181,32923752,0.000000,62 
OBJECT_ADD 28726795,32944311,0.000000,62 
OBJECT_ADD 28731247,32935960,0.000000,62 
OBJECT_ADD 28735196,32939660,0.000000,62 
OBJECT_ADD 28718093,32925336,0.000000,62 
OBJECT_ADD 28710200,32929226,0.000000,62 
OBJECT_ADD 28709225,32923938,0.000000,62 
OBJECT_ADD 28719624,32918080,0.000000,62 
OBJECT_ADD 28715020,32915847,0.000000,62 
OBJECT_ADD 28729968,32920878,0.000000,62 
OBJECT_ADD 28729859,32915007,0.000000,62 
OBJECT_ADD 28740716,32920552,0.000000,62 
OBJECT_ADD 28737548,32932424,0.000000,62 
OBJECT_ADD 28741250,32934032,0.000000,62 
OBJECT_ADD 28718753,32967142,0.000000,62 
OBJECT_ADD 28739649,32940355,0.000000,62 
OBJECT_ADD 28715308,32961201,0.000000,62 
OBJECT_ADD 28715624,32957382,0.000000,62 
OBJECT_ADD 28738737,32947489,0.000000,62 
OBJECT_ADD 28734545,32953346,0.000000,62 
OBJECT_ADD 28727683,32953379,0.000000,62 
OBJECT_ADD 28729823,32957093,0.000000,62 
OBJECT_ADD 28719687,32962062,0.000000,62 
OBJECT_ADD 28750135,33028509,-17.000000,62 
OBJECT_ADD 28741571,33022757,-17.000000,62 
OBJECT_ADD 28763348,33019633,-17.000000,62 
OBJECT_ADD 28769523,33026273,-17.000000,62 
OBJECT_ADD 28767049,33028979,-17.000000,62 
OBJECT_ADD 28760700,33022363,-17.000000,62 
OBJECT_ADD 28745703,33022848,-17.000000,62 
OBJECT_ADD 28744864,33008798,-17.000000,62 
OBJECT_ADD 28743402,33014437,-17.000000,62 
OBJECT_ADD 28742134,33008877,-17.000000,62 
OBJECT_ADD 28737423,33015501,-17.000000,62 
OBJECT_ADD 28735840,33012875,-17.000000,62 
OBJECT_ADD 28732464,33015013,-17.000000,62 
OBJECT_ADD 28735584,33008218,-17.000000,62 
OBJECT_ADD 28738051,32996142,-60.000000,63 
OBJECT_ADD 28738938,32992194,-17.000000,62 
OBJECT_ADD 28733197,32994791,-17.000000,62 
OBJECT_ADD 28729015,33006004,-17.000000,62 
OBJECT_ADD 28729926,33001060,-17.000000,62 
OBJECT_ADD 28723260,33005678,-17.000000,62 
OBJECT_ADD 28725516,33002011,-17.000000,62 
OBJECT_ADD 28713217,32992307,-60.000000,63 
OBJECT_ADD 28722522,32989513,-17.000000,62 
OBJECT_ADD 28729668,32978096,-17.000000,62 
OBJECT_ADD 28752082,32994007,-17.000000,62 
OBJECT_ADD 28766637,32992780,-17.000000,62 
OBJECT_ADD 28748981,32979891,-17.000000,62 
OBJECT_ADD 28757263,32993108,-17.000000,62 
OBJECT_ADD 28713801,33027965,-17.000000,62 
OBJECT_ADD 28708166,33027261,-17.000000,62 
OBJECT_ADD 28724293,33027080,-71.000000,63 
OBJECT_ADD 28733774,32978474,-17.000000,62 
OBJECT_ADD 28720171,32985702,-17.000000,62 
OBJECT_ADD 28734383,33020941,-17.000000,62 
OBJECT_ADD 28719160,32980906,-17.000000,62 
OBJECT_ADD 28719608,32976268,-17.000000,62 
OBJECT_ADD 28723155,32972130,-17.000000,62 
OBJECT_ADD 28719365,32971399,-17.000000,62 
OBJECT_ADD 28724537,32958892,-17.000000,62 
OBJECT_ADD 28732403,32973011,-17.000000,62 
OBJECT_ADD 28743179,32975598,-17.000000,62 
OBJECT_ADD 28742419,32971032,-17.000000,62 
OBJECT_ADD 28739949,32963050,-17.000000,62 
OBJECT_ADD 28737801,32959757,-17.000000,62 
OBJECT_ADD 28719613,33064600,-17.000000,62 
OBJECT_ADD 28713967,33047020,-17.000000,62 
OBJECT_ADD 28719334,33041065,-71.000000,63 
OBJECT_ADD 28704768,33038100,-17.000000,62 
OBJECT_ADD 28716562,33043839,-17.000000,62 
OBJECT_ADD 28714512,33075218,-17.000000,62 
OBJECT_ADD 28711245,33081312,-17.000000,62 
OBJECT_ADD 28714932,33063134,-17.000000,62 
OBJECT_ADD 28704999,33041958,-17.000000,62 
OBJECT_ADD 28705166,33034328,-17.000000,62 
OBJECT_ADD 28722765,33040754,-17.000000,62 
OBJECT_ADD 28723680,33047479,-17.000000,62 
OBJECT_ADD 28748442,33055793,-17.000000,62 
OBJECT_ADD 28730814,33042939,-17.000000,62 
OBJECT_ADD 28711886,33085462,-17.000000,62 
OBJECT_ADD 28778455,33081320,-60.000000,63 
OBJECT_ADD 28738816,33109592,6.000000,63 
OBJECT_ADD 28724598,33067009,-17.000000,62 
OBJECT_ADD 28751014,33033981,-17.000000,62 
OBJECT_ADD 28735840,33067900,-17.000000,62 
OBJECT_ADD 28717127,33088495,-17.000000,62 
OBJECT_ADD 28763963,33092133,-17.000000,62 
OBJECT_ADD 28721588,33066053,-17.000000,62 
OBJECT_ADD 28770336,33092897,-17.000000,62 
OBJECT_ADD 28733252,33039810,-17.000000,62 
OBJECT_ADD 28782188,33068861,-17.000000,62 
OBJECT_ADD 28779375,33055729,-17.000000,62 
OBJECT_ADD 28767416,33087974,-17.000000,62 
OBJECT_ADD 28781923,33081502,-17.000000,62 
OBJECT_ADD 28776967,33078669,-17.000000,62 
OBJECT_ADD 28725841,33054432,-71.000000,63 
OBJECT_ADD 28765244,33083273,-17.000000,62 
OBJECT_ADD 28761134,33073222,-17.000000,62 
OBJECT_ADD 28734232,33049220,6.000000,63 
OBJECT_ADD 28785709,33084975,-17.000000,62 
OBJECT_ADD 28787785,33089394,-17.000000,62 
OBJECT_ADD 28759678,33094762,-17.000000,62 
OBJECT_ADD 28757354,33096076,-17.000000,62 
OBJECT_ADD 28718900,33039243,-17.000000,62 
OBJECT_ADD 28735147,33035340,6.000000,63 
OBJECT_ADD 28726729,33046121,-17.000000,62 
OBJECT_ADD 28741286,33033121,-17.000000,62 
OBJECT_ADD 28705594,33051421,-60.000000,63 
OBJECT_ADD 28745337,33033848,-71.000000,63 
OBJECT_ADD 28737356,33044624,6.000000,63 
OBJECT_ADD 28772935,33247107,-23.000000,62 
OBJECT_ADD 28769686,33244723,-23.000000,62 
OBJECT_ADD 28764080,33244907,-23.000000,62 
OBJECT_ADD 28766144,33242542,-23.000000,62 
OBJECT_ADD 28762825,33241267,-23.000000,62 
OBJECT_ADD 28758693,33237969,-23.000000,62 
OBJECT_ADD 28756614,33241440,-23.000000,62 
OBJECT_ADD 28752885,33235353,-23.000000,62 
OBJECT_ADD 28756560,33234134,-23.000000,62 
OBJECT_ADD 28759824,33232502,-23.000000,62 
OBJECT_ADD 28763629,33229595,-23.000000,62 
OBJECT_ADD 28766404,33227032,-23.000000,62 
OBJECT_ADD 28770240,33223145,-23.000000,62 
OBJECT_ADD 28779102,33229520,-66.000000,63 
OBJECT_ADD 28787557,33217977,-77.000000,63 
OBJECT_ADD 28803126,33247427,0.000000,63 
OBJECT_ADD 28778771,33242166,0.000000,62 
OBJECT_ADD 28773389,33241240,0.000000,62 
OBJECT_ADD 28757778,33204095,0.000000,62 
OBJECT_ADD 28756097,33207982,0.000000,62 
OBJECT_ADD 28752878,33228317,0.000000,62 
OBJECT_ADD 28744409,33231351,0.000000,62 
OBJECT_ADD 28742833,33233898,0.000000,62 
OBJECT_ADD 28741689,33237067,0.000000,62 
OBJECT_ADD 28747047,33232144,0.000000,62 
OBJECT_ADD 28749114,33234195,0.000000,62 
OBJECT_ADD 28801609,33232063,0.000000,62 
OBJECT_ADD 28807964,33228184,0.000000,62 
OBJECT_ADD 28775723,33235487,0.000000,62 
OBJECT_ADD 28755091,33196841,0.000000,62 
OBJECT_ADD 28758125,33197334,0.000000,62 
OBJECT_ADD 28760928,33198180,0.000000,62 
OBJECT_ADD 28769776,33202713,0.000000,62 
OBJECT_ADD 28765514,33202086,0.000000,62 
OBJECT_ADD 28802566,33224123,0.000000,62 
OBJECT_ADD 28831346,33235605,0.000000,62 
OBJECT_ADD 28777271,33259379,0.000000,62 
OBJECT_ADD 28774148,33254583,0.000000,62 
OBJECT_ADD 28780173,33251673,0.000000,62 
OBJECT_ADD 28783254,33256072,0.000000,62 
OBJECT_ADD 28776301,33246128,0.000000,62 
OBJECT_ADD 28785135,33217047,0.000000,62 
OBJECT_ADD 28770828,33284681,-23.000000,62 
OBJECT_ADD 28774792,33284940,-23.000000,62 
OBJECT_ADD 28764371,33279240,-23.000000,62 
OBJECT_ADD 28761280,33278585,-23.000000,62 
OBJECT_ADD 28762903,33282935,-23.000000,62 
OBJECT_ADD 28760173,33285329,-23.000000,62 
OBJECT_ADD 28767689,33276355,-23.000000,62 
OBJECT_ADD 28768806,33288695,-23.000000,62 
OBJECT_ADD 28766894,33291167,-23.000000,62 
OBJECT_ADD 28790459,33261888,-23.000000,62 
OBJECT_ADD 28792103,33264839,-23.000000,62 
OBJECT_ADD 28786946,33271592,-23.000000,62 
OBJECT_ADD 28791453,33272684,-23.000000,62 
OBJECT_ADD 28754063,33259405,-66.000000,63 
OBJECT_ADD 28757412,33288241,-77.000000,63 
OBJECT_ADD 28802517,33284647,0.000000,63 
OBJECT_ADD 28744801,33271079,0.000000,62 
OBJECT_ADD 28737498,33258655,0.000000,62 
OBJECT_ADD 28739369,33263432,0.000000,62 
OBJECT_ADD 28740181,33267040,0.000000,62 
OBJECT_ADD 28741474,33271001,0.000000,62 
OBJECT_ADD 28743235,33275110,0.000000,62 
OBJECT_ADD 28744631,33279859,0.000000,62 
OBJECT_ADD 28746292,33284240,0.000000,62 
OBJECT_ADD 28747837,33287753,0.000000,62 
OBJECT_ADD 28752344,33291050,0.000000,62 
OBJECT_ADD 28740189,33254137,0.000000,62 
OBJECT_ADD 28765003,33257698,0.000000,62 
OBJECT_ADD 28761951,33259269,0.000000,62 
OBJECT_ADD 28732427,33268408,0.000000,62 
OBJECT_ADD 28735819,33270666,0.000000,62 
OBJECT_ADD 28726442,33284118,0.000000,62 
OBJECT_ADD 28729318,33280732,0.000000,62 
OBJECT_ADD 28782385,33239959,0.000000,62 
OBJECT_ADD 28733040,33276940,0.000000,62 
OBJECT_ADD 28737470,33276279,0.000000,62 
OBJECT_ADD 28751334,33231973,0.000000,62 
OBJECT_ADD 28738599,33280688,0.000000,62 
OBJECT_ADD 28731254,33288533,0.000000,62 
OBJECT_ADD 28804315,33287126,0.000000,62 
OBJECT_ADD 28828518,33252596,0.000000,62 
OBJECT_ADD 28735417,33255699,0.000000,62 
OBJECT_ADD 28731867,33264609,0.000000,62 
OBJECT_ADD 28790873,33241008,0.000000,62 
OBJECT_ADD 28795304,33234717,0.000000,62 
OBJECT_ADD 28735727,33249045,0.000000,62 
OBJECT_ADD 28737487,33253214,0.000000,62 
OBJECT_ADD 28769678,33201175,0.000000,62 
OBJECT_ADD 28769224,33241776,0.000000,62 
OBJECT_ADD 28729229,33271021,0.000000,62 
OBJECT_ADD 28754014,33259187,0.000000,62 
OBJECT_ADD 28817178,33254587,0.000000,62 
OBJECT_ADD 28817636,33257575,0.000000,62 
OBJECT_ADD 28794715,33284627,0.000000,62 
OBJECT_ADD 28817271,33251179,0.000000,62 
OBJECT_ADD 28814838,33224179,-23.000000,62 
OBJECT_ADD 28812060,33232093,0.000000,62 
OBJECT_ADD 28821561,33291488,0.000000,62 
OBJECT_ADD 28827141,33287026,0.000000,62 
OBJECT_ADD 28831462,33283895,0.000000,62 
OBJECT_ADD 28834840,33282867,0.000000,62 
OBJECT_ADD 28809659,33289379,0.000000,62 
OBJECT_ADD 28801071,33289953,0.000000,62 
OBJECT_ADD 28823899,33259588,0.000000,62 
OBJECT_ADD 28825345,33256352,0.000000,62 
OBJECT_ADD 28827563,33252529,0.000000,62 
OBJECT_ADD 28811181,33272421,0.000000,62 
OBJECT_ADD 28819276,33288574,0.000000,62 
OBJECT_ADD 28808271,33253518,0.000000,62 
OBJECT_ADD 28817264,33245133,0.000000,62 
OBJECT_ADD 28832732,33183461,0.000000,62 
OBJECT_ADD 28826905,33183756,0.000000,62 
OBJECT_ADD 28822012,33188264,0.000000,62 
OBJECT_ADD 28826359,33191751,0.000000,62 
OBJECT_ADD 28816328,33211075,0.000000,62 
OBJECT_ADD 28828072,33213425,0.000000,62 
OBJECT_ADD 28825313,33212611,0.000000,62 
OBJECT_ADD 28818023,33221340,0.000000,63 
OBJECT_ADD 28829644,33235608,0.000000,62 
OBJECT_ADD 28823610,33236047,0.000000,62 
OBJECT_ADD 28822637,33233405,0.000000,62 
OBJECT_ADD 28788087,33232531,0.000000,62 
OBJECT_ADD 28832127,33192007,0.000000,62 
OBJECT_ADD 28830570,33176800,0.000000,62 
OBJECT_ADD 28807928,33201352,0.000000,62 
OBJECT_ADD 28809931,33204346,0.000000,62 
OBJECT_ADD 28811545,33200680,0.000000,62 
OBJECT_ADD 28818294,33191901,0.000000,62 
OBJECT_ADD 28798606,33294279,0.000000,62 
OBJECT_ADD 28779255,33303651,0.000000,62 
OBJECT_ADD 28783113,33303729,0.000000,62 
OBJECT_ADD 28787374,33302589,0.000000,62 
OBJECT_ADD 28796344,33309288,0.000000,62 
OBJECT_ADD 28798995,33305821,0.000000,62 
OBJECT_ADD 28806097,33302178,0.000000,62 
OBJECT_ADD 28797838,33298424,0.000000,62 
OBJECT_ADD 28800403,33302147,0.000000,62 
OBJECT_ADD 28804447,33298554,0.000000,62 
OBJECT_ADD 28801802,33300510,0.000000,62 
OBJECT_ADD 28828124,33293651,0.000000,62 
OBJECT_ADD 28832797,33302673,0.000000,62 
OBJECT_ADD 28830040,33307474,0.000000,62 
OBJECT_ADD 28825248,33309907,0.000000,62 
OBJECT_ADD 28827550,33312801,0.000000,62 
OBJECT_ADD 28823447,33306569,0.000000,62 
OBJECT_ADD 28819412,33299603,0.000000,62 
OBJECT_ADD 28833952,33299099,0.000000,62 
OBJECT_ADD 28825246,33300783,0.000000,62 
OBJECT_ADD 28822259,33313765,0.000000,62 
OBJECT_ADD 28824526,33318722,0.000000,62 
OBJECT_ADD 28827205,33305970,0.000000,62 
OBJECT_ADD 28821146,33317345,0.000000,62 
OBJECT_ADD 28818419,33317754,0.000000,62 
OBJECT_ADD 28820244,33321752,0.000000,62 
OBJECT_ADD 28816983,33321327,0.000000,62 
OBJECT_ADD 28815726,33325399,0.000000,62 
OBJECT_ADD 28813899,33330188,0.000000,62 
OBJECT_ADD 28811012,33335083,0.000000,62 
OBJECT_ADD 28809750,33330905,0.000000,62 
OBJECT_ADD 28805541,33331834,0.000000,62 
OBJECT_ADD 28807065,33315708,0.000000,62 
OBJECT_ADD 28847135,33262921,0.000000,62 
OBJECT_ADD 28840164,33276543,0.000000,62 
OBJECT_ADD 28871487,33181977,0.000000,62 
OBJECT_ADD 28869357,33209286,0.000000,62 
OBJECT_ADD 28842649,33210549,0.000000,62 
OBJECT_ADD 28844565,33221927,0.000000,62 
OBJECT_ADD 28845121,33220736,0.000000,62 
OBJECT_ADD 28854752,33219195,0.000000,62 
OBJECT_ADD 28850281,33227277,0.000000,62 
OBJECT_ADD 28860192,33238412,0.000000,62 
OBJECT_ADD 28865312,33196395,0.000000,62 
OBJECT_ADD 28864227,33190846,0.000000,62 
OBJECT_ADD 28869014,33194355,0.000000,62 
OBJECT_ADD 28841362,33202147,0.000000,62 
OBJECT_ADD 28853129,33230576,0.000000,62 
OBJECT_ADD 28854225,33234759,-23.000000,62 
OBJECT_ADD 28861536,33242636,-23.000000,62 
OBJECT_ADD 28839919,33223665,-23.000000,62 
OBJECT_ADD 28851503,33223364,-23.000000,62 
OBJECT_ADD 28856513,33221691,-23.000000,62 
OBJECT_ADD 28859578,33194132,-23.000000,62 
OBJECT_ADD 28861835,33197373,-23.000000,62 
OBJECT_ADD 28864532,33201566,-23.000000,62 
OBJECT_ADD 28869289,33202158,-23.000000,62 
OBJECT_ADD 28858463,33214857,-23.000000,62 
OBJECT_ADD 28861059,33217698,-23.000000,62 
OBJECT_ADD 28864453,33216442,-23.000000,62 
OBJECT_ADD 28845177,33231714,-66.000000,63 
OBJECT_ADD 28838563,33198900,-77.000000,63 
OBJECT_ADD 28873837,33195293,0.000000,62 
OBJECT_ADD 28880118,33195994,0.000000,62 
OBJECT_ADD 28872179,33206044,0.000000,62 
OBJECT_ADD 28867339,33227787,0.000000,62 
OBJECT_ADD 28871111,33226932,0.000000,62 
OBJECT_ADD 28869383,33222977,0.000000,62 
OBJECT_ADD 28874843,33223333,0.000000,62 
OBJECT_ADD 28839551,33236103,0.000000,62 
OBJECT_ADD 28837977,33198743,0.000000,62 
OBJECT_ADD 28849200,33230799,0.000000,62 
OBJECT_ADD 28850240,33235168,0.000000,62 
OBJECT_ADD 28849821,33239714,0.000000,62 
OBJECT_ADD 28850639,33244695,0.000000,62 
OBJECT_ADD 28853347,33250141,0.000000,62 
OBJECT_ADD 28855044,33253046,0.000000,62 
OBJECT_ADD 28847760,33250042,0.000000,62 
OBJECT_ADD 28847454,33246655,0.000000,62 
OBJECT_ADD 28847736,33243030,0.000000,62 
OBJECT_ADD 28846492,33237684,0.000000,62 
OBJECT_ADD 28845548,33234480,0.000000,62 
OBJECT_ADD 28843474,33232462,0.000000,62 
OBJECT_ADD 28837063,33219565,0.000000,62 
OBJECT_ADD 28842302,33286674,0.000000,62 
OBJECT_ADD 28839910,33192354,0.000000,62 
OBJECT_ADD 28841433,33185615,0.000000,62 
OBJECT_ADD 28839783,33180086,0.000000,62 
OBJECT_ADD 28843410,33191580,0.000000,62 
OBJECT_ADD 28844550,33171725,0.000000,62 
OBJECT_ADD 28847787,33177335,0.000000,62 
OBJECT_ADD 28848448,33182233,0.000000,62 
OBJECT_ADD 28848552,33188447,0.000000,62 
OBJECT_ADD 28843019,33164052,0.000000,62 
OBJECT_ADD 28855394,33165131,0.000000,62 
OBJECT_ADD 28861767,33170096,0.000000,62 
OBJECT_ADD 28837858,33171720,0.000000,62 
OBJECT_ADD 28860084,33176156,0.000000,62 
OBJECT_ADD 28423214,33222599,-23.000000,62 
OBJECT_ADD 28411015,33240030,-23.000000,62 
OBJECT_ADD 28403004,33254684,-23.000000,62 
OBJECT_ADD 28402867,33257774,-23.000000,62 
OBJECT_ADD 28407293,33256675,-23.000000,62 
OBJECT_ADD 28406530,33253767,-23.000000,62 
OBJECT_ADD 28417803,33261485,-23.000000,62 
OBJECT_ADD 28438778,33238865,-23.000000,62 
OBJECT_ADD 28421389,33259774,-23.000000,62 
OBJECT_ADD 28424946,33260705,-23.000000,62 
OBJECT_ADD 28427986,33258412,-23.000000,62 
OBJECT_ADD 28441819,33217036,-23.000000,62 
OBJECT_ADD 28431175,33220825,-23.000000,62 
OBJECT_ADD 28436514,33199665,-66.000000,63 
OBJECT_ADD 28449223,33206948,-77.000000,63 
OBJECT_ADD 28440961,33246711,0.000000,63 
OBJECT_ADD 28554202,33086792,0.000000,62 
OBJECT_ADD 28568727,33082393,0.000000,62 
OBJECT_ADD 28556739,33089808,0.000000,62 
OBJECT_ADD 28560834,33093425,0.000000,62 
OBJECT_ADD 28564433,33091441,0.000000,62 
OBJECT_ADD 28564376,33088438,0.000000,62 
OBJECT_ADD 28566572,33090961,0.000000,62 
OBJECT_ADD 28571165,33091651,0.000000,62 
OBJECT_ADD 28551449,33092267,0.000000,62 
OBJECT_ADD 28540134,33072269,0.000000,62 
OBJECT_ADD 28549087,33086630,0.000000,62 
OBJECT_ADD 28550443,33083671,0.000000,62 
OBJECT_ADD 28534766,33066195,0.000000,62 
OBJECT_ADD 28543748,33059801,0.000000,62 
OBJECT_ADD 28546492,33088835,0.000000,62 
OBJECT_ADD 28543737,33084862,0.000000,62 
OBJECT_ADD 28541071,33078739,0.000000,62 
OBJECT_ADD 28539608,33063454,0.000000,62 
OBJECT_ADD 28566623,33177841,-23.000000,62 
OBJECT_ADD 28561395,33177277,-23.000000,62 
OBJECT_ADD 28566694,33181177,-23.000000,62 
OBJECT_ADD 28569510,33183412,-23.000000,62 
OBJECT_ADD 28577490,33172772,-23.000000,62 
OBJECT_ADD 28570393,33194414,-23.000000,62 
OBJECT_ADD 28577560,33191528,-23.000000,62 
OBJECT_ADD 28596795,33201995,-23.000000,62 
OBJECT_ADD 28584595,33179666,-23.000000,62 
OBJECT_ADD 28583316,33214633,-23.000000,62 
OBJECT_ADD 28555677,33208517,-23.000000,62 
OBJECT_ADD 28551620,33208757,-23.000000,62 
OBJECT_ADD 28549450,33206244,-23.000000,62 
OBJECT_ADD 28547095,33168647,-66.000000,63 
OBJECT_ADD 28558487,33203035,-77.000000,63 
OBJECT_ADD 28579249,33208964,0.000000,63 
OBJECT_ADD 28577923,33187448,0.000000,62 
OBJECT_ADD 28548826,33181639,0.000000,62 
OBJECT_ADD 28547738,33175331,0.000000,62 
OBJECT_ADD 28551725,33167171,0.000000,62 
OBJECT_ADD 28557007,33164419,0.000000,62 
OBJECT_ADD 28571756,33165061,0.000000,62 
OBJECT_ADD 28569810,33173950,0.000000,62 
OBJECT_ADD 28564424,33171457,0.000000,62 
OBJECT_ADD 28566981,33162940,0.000000,62 
OBJECT_ADD 28562202,33165003,0.000000,62 
OBJECT_ADD 28569744,33189926,0.000000,62 
OBJECT_ADD 28563953,33188150,0.000000,62 
OBJECT_ADD 28559505,33187244,0.000000,62 
OBJECT_ADD 28570919,33222331,0.000000,62 
OBJECT_ADD 28566227,33209496,0.000000,62 
OBJECT_ADD 28565510,33223599,0.000000,62 
OBJECT_ADD 28561537,33222797,0.000000,62 
OBJECT_ADD 28550005,33214449,0.000000,62 
OBJECT_ADD 28544687,33202197,0.000000,62 
OBJECT_ADD 28547225,33192500,0.000000,62 
OBJECT_ADD 28543327,33197874,0.000000,62 
OBJECT_ADD 28549134,33195983,0.000000,62 
OBJECT_ADD 28545005,33188483,0.000000,62 
OBJECT_ADD 28538609,33199484,0.000000,62 
OBJECT_ADD 28537419,33196423,0.000000,62 
OBJECT_ADD 28554297,33222197,0.000000,62 
OBJECT_ADD 28579944,33177562,0.000000,62 
OBJECT_ADD 28547844,33220161,0.000000,62 
OBJECT_ADD 28539519,33212508,0.000000,62 
OBJECT_ADD 28540625,33205522,0.000000,62 
OBJECT_ADD 28569298,33200889,0.000000,62 
OBJECT_ADD 28533076,33196903,0.000000,62 
OBJECT_ADD 28529791,33195764,0.000000,62 
OBJECT_ADD 28562120,33193496,0.000000,62 
OBJECT_ADD 28555773,33233275,0.000000,62 
OBJECT_ADD 28542974,33192624,0.000000,62 
OBJECT_ADD 28534827,33206563,0.000000,62 
OBJECT_ADD 28546995,33169056,0.000000,62 
OBJECT_ADD 28537166,33181891,0.000000,62 
OBJECT_ADD 28567037,33155540,0.000000,62 
OBJECT_ADD 28582267,33155274,0.000000,62 
OBJECT_ADD 28577916,33152812,0.000000,62 
OBJECT_ADD 28587728,33154352,0.000000,62 
OBJECT_ADD 28584462,33171178,0.000000,62 
OBJECT_ADD 28580104,33161654,0.000000,62 
OBJECT_ADD 28585849,33159365,0.000000,62 
OBJECT_ADD 28564871,33147938,0.000000,62 
OBJECT_ADD 28538084,33261923,-23.000000,62 
OBJECT_ADD 28508429,33198621,-23.000000,62 
OBJECT_ADD 28512578,33201561,-23.000000,62 
OBJECT_ADD 28515934,33203610,-23.000000,62 
OBJECT_ADD 28518570,33206983,-23.000000,62 
OBJECT_ADD 28522047,33210370,-23.000000,62 
OBJECT_ADD 28525970,33211659,-23.000000,62 
OBJECT_ADD 28544192,33256457,-23.000000,62 
OBJECT_ADD 28540597,33228925,-23.000000,62 
OBJECT_ADD 28519880,33224562,-23.000000,62 
OBJECT_ADD 28501025,33239047,-23.000000,62 
OBJECT_ADD 28514620,33247265,-23.000000,62 
OBJECT_ADD 28538998,33254491,-23.000000,62 
OBJECT_ADD 28497298,33192246,-66.000000,63 
OBJECT_ADD 28506127,33228301,-77.000000,63 
OBJECT_ADD 28526419,33228833,0.000000,63 
OBJECT_ADD 28535350,33232256,0.000000,62 
OBJECT_ADD 28490283,33170475,0.000000,62 
OBJECT_ADD 28493929,33171646,0.000000,62 
OBJECT_ADD 28526421,33228697,0.000000,62 
OBJECT_ADD 28495876,33171694,0.000000,62 
OBJECT_ADD 28518295,33188327,0.000000,62 
OBJECT_ADD 28500186,33172109,0.000000,62 
OBJECT_ADD 28503586,33177530,0.000000,62 
OBJECT_ADD 28495240,33191499,0.000000,62 
OBJECT_ADD 28547878,33216844,0.000000,62 
OBJECT_ADD 28540348,33221991,0.000000,62 
OBJECT_ADD 28537293,33222764,0.000000,62 
OBJECT_ADD 28502053,33195456,0.000000,62 
OBJECT_ADD 28517429,33239221,0.000000,62 
OBJECT_ADD 28514802,33231772,0.000000,62 
OBJECT_ADD 28512640,33242808,0.000000,62 
OBJECT_ADD 28505370,33248692,0.000000,62 
OBJECT_ADD 28485366,33264975,0.000000,62 
OBJECT_ADD 28486262,33261639,0.000000,62 
OBJECT_ADD 28502636,33203368,0.000000,62 
OBJECT_ADD 28503054,33243992,0.000000,62 
OBJECT_ADD 28516912,33224261,0.000000,62 
OBJECT_ADD 28515127,33220227,0.000000,62 
OBJECT_ADD 28478384,33232727,0.000000,62 
OBJECT_ADD 28482311,33235383,0.000000,62 
OBJECT_ADD 28507386,33241178,0.000000,62 
OBJECT_ADD 28542594,33225852,0.000000,62 
OBJECT_ADD 28505535,33252282,0.000000,62 
OBJECT_ADD 28487955,33240300,0.000000,62 
OBJECT_ADD 28488852,33232126,0.000000,62 
OBJECT_ADD 28523601,33206480,0.000000,62 
OBJECT_ADD 28500249,33259415,0.000000,62 
OBJECT_ADD 28503989,33256031,0.000000,62 
OBJECT_ADD 28515495,33227958,0.000000,62 
OBJECT_ADD 28537390,33237903,0.000000,62 
OBJECT_ADD 28520226,33242957,0.000000,62 
OBJECT_ADD 28486309,33213294,0.000000,62 
OBJECT_ADD 28470008,33253831,0.000000,62 
OBJECT_ADD 28472858,33250743,0.000000,62 
OBJECT_ADD 28471602,33220507,0.000000,62 
OBJECT_ADD 28467032,33227922,0.000000,62 
OBJECT_ADD 28470973,33227898,0.000000,62 
OBJECT_ADD 28474893,33230533,0.000000,62 
OBJECT_ADD 28475949,33223607,0.000000,62 
OBJECT_ADD 28471203,33231007,0.000000,62 
OBJECT_ADD 28473518,33230862,0.000000,62 
OBJECT_ADD 28492490,33236982,0.000000,62 
OBJECT_ADD 28494744,33239538,0.000000,62 
OBJECT_ADD 28486867,33242666,0.000000,62 
OBJECT_ADD 28468933,33255836,0.000000,62 
OBJECT_ADD 28479620,33297583,-23.000000,62 
OBJECT_ADD 28481572,33294067,-23.000000,62 
OBJECT_ADD 28510857,33277004,-23.000000,62 
OBJECT_ADD 28503689,33285249,-23.000000,62 
OBJECT_ADD 28476006,33247389,-23.000000,62 
OBJECT_ADD 28461861,33242735,-23.000000,62 
OBJECT_ADD 28462894,33245759,-23.000000,62 
OBJECT_ADD 28460295,33246493,-23.000000,62 
OBJECT_ADD 28459785,33251131,-23.000000,62 
OBJECT_ADD 28505630,33286729,-23.000000,62 
OBJECT_ADD 28501418,33248400,-23.000000,62 
OBJECT_ADD 28460701,33255114,-23.000000,62 
OBJECT_ADD 28460099,33257604,-23.000000,62 
OBJECT_ADD 28460730,33267301,-66.000000,63 
OBJECT_ADD 28462349,33260787,-77.000000,63 
OBJECT_ADD 28525860,33253407,0.000000,63 
OBJECT_ADD 28559894,33237596,0.000000,62 
OBJECT_ADD 28569215,33233460,0.000000,62 
OBJECT_ADD 28565873,33229999,0.000000,62 
OBJECT_ADD 28564025,33234268,0.000000,62 
OBJECT_ADD 28563405,33241352,0.000000,62 
OBJECT_ADD 28559939,33243153,0.000000,62 
OBJECT_ADD 28562084,33245250,0.000000,62 
OBJECT_ADD 28558407,33246623,0.000000,62 
OBJECT_ADD 28561274,33250474,0.000000,62 
OBJECT_ADD 28554018,33253647,0.000000,62 
OBJECT_ADD 28555958,33266366,0.000000,62 
OBJECT_ADD 28550498,33263648,0.000000,62 
OBJECT_ADD 28559936,33228606,0.000000,62 
OBJECT_ADD 28539170,33279876,0.000000,62 
OBJECT_ADD 28508794,33276315,0.000000,62 
OBJECT_ADD 28516545,33258740,0.000000,62 
OBJECT_ADD 28560352,33232579,0.000000,62 
OBJECT_ADD 28546537,33265240,0.000000,62 
OBJECT_ADD 28544009,33268874,0.000000,62 
OBJECT_ADD 28539838,33273315,0.000000,62 
OBJECT_ADD 28544086,33276910,0.000000,62 
OBJECT_ADD 28549019,33280241,0.000000,62 
OBJECT_ADD 28550621,33282103,0.000000,62 
OBJECT_ADD 28539770,33292819,0.000000,62 
OBJECT_ADD 28545541,33296306,0.000000,62 
OBJECT_ADD 28521668,33263794,0.000000,62 
OBJECT_ADD 28452466,33315727,0.000000,62 
OBJECT_ADD 28455332,33314512,0.000000,62 
OBJECT_ADD 28452431,33309785,0.000000,62 
OBJECT_ADD 28446123,33309321,0.000000,62 
OBJECT_ADD 28451336,33320821,0.000000,62 
OBJECT_ADD 28446530,33319911,0.000000,62 
OBJECT_ADD 28466908,33335004,0.000000,62 
OBJECT_ADD 28465563,33329349,0.000000,62 
OBJECT_ADD 28460721,33322074,0.000000,62 
OBJECT_ADD 28477656,33301432,0.000000,62 
OBJECT_ADD 28472384,33299790,0.000000,62 
OBJECT_ADD 28443029,33301884,0.000000,62 
OBJECT_ADD 28470412,33331238,0.000000,62 
OBJECT_ADD 28451963,33287009,0.000000,62 
OBJECT_ADD 28458617,33286206,0.000000,62 
OBJECT_ADD 28456742,33293269,0.000000,62 
OBJECT_ADD 28454631,33289483,0.000000,62 
OBJECT_ADD 28449424,33284127,0.000000,62 
OBJECT_ADD 28444334,33283117,0.000000,62 
OBJECT_ADD 28458269,33299984,0.000000,62 
OBJECT_ADD 28454737,33299821,0.000000,62 
OBJECT_ADD 28450479,33301850,0.000000,62 
OBJECT_ADD 28447304,33299510,0.000000,62 
OBJECT_ADD 28441105,33301328,0.000000,62 
OBJECT_ADD 28442146,33295648,0.000000,62 
OBJECT_ADD 28458331,33274331,0.000000,62 
OBJECT_ADD 28473332,33166095,0.000000,62 
OBJECT_ADD 28442006,33166953,0.000000,62 
OBJECT_ADD 28442443,33164318,0.000000,62 
OBJECT_ADD 28457878,33165292,0.000000,62 
OBJECT_ADD 28468657,33152346,0.000000,62 
OBJECT_ADD 28471670,33152676,0.000000,62 
OBJECT_ADD 28460610,33161067,0.000000,62 
OBJECT_ADD 28455196,33164386,0.000000,62 
OBJECT_ADD 28456413,33158299,0.000000,62 
OBJECT_ADD 28459526,33157682,0.000000,62 
OBJECT_ADD 28455294,33154389,0.000000,62 
OBJECT_ADD 28458272,33151893,0.000000,62 
OBJECT_ADD 28460696,33164447,0.000000,62 
OBJECT_ADD 28480243,33175460,0.000000,62 
OBJECT_ADD 28478405,33172762,0.000000,62 
OBJECT_ADD 28478708,33168414,0.000000,62 
OBJECT_ADD 28463688,33185584,0.000000,62 
OBJECT_ADD 28464755,33183343,0.000000,62 
OBJECT_ADD 28461516,33182788,0.000000,62 
OBJECT_ADD 28464313,33179940,0.000000,62 
OBJECT_ADD 28417692,33190872,0.000000,62 
OBJECT_ADD 28420385,33189593,0.000000,62 
OBJECT_ADD 28432778,33192710,0.000000,62 
OBJECT_ADD 28443590,33183273,0.000000,62 
OBJECT_ADD 28442447,33179817,0.000000,62 
OBJECT_ADD 28445879,33173547,0.000000,62 
OBJECT_ADD 28434682,33211408,0.000000,62 
OBJECT_ADD 28455684,33192667,0.000000,62 
OBJECT_ADD 28457670,33190167,0.000000,62 
OBJECT_ADD 28473956,33181351,0.000000,62 
OBJECT_ADD 28472656,33201692,0.000000,62 
OBJECT_ADD 28462190,33237429,0.000000,62 
OBJECT_ADD 28450881,33223632,0.000000,62 
OBJECT_ADD 28448106,33221911,0.000000,62 
OBJECT_ADD 28447561,33219094,0.000000,62 
OBJECT_ADD 28452940,33212923,0.000000,62 
OBJECT_ADD 28456234,33215094,0.000000,62 
OBJECT_ADD 28462457,33221479,0.000000,62 
OBJECT_ADD 28454055,33180032,0.000000,62 
OBJECT_ADD 28546847,33064839,0.000000,62 
OBJECT_ADD 28546935,33057686,0.000000,62 
OBJECT_ADD 28549984,33061566,0.000000,62 
OBJECT_ADD 28580838,33082330,0.000000,62 
OBJECT_ADD 28602484,33069661,0.000000,62 
OBJECT_ADD 28549411,33073169,0.000000,62 
OBJECT_ADD 28563523,33057232,0.000000,62 
OBJECT_ADD 28560460,33052589,0.000000,62 
OBJECT_ADD 28565472,33053240,0.000000,62 
OBJECT_ADD 28562720,33047276,0.000000,62 
OBJECT_ADD 28567327,33049233,0.000000,62 
OBJECT_ADD 28581136,33046406,0.000000,62 
OBJECT_ADD 28585941,33070195,0.000000,62 
OBJECT_ADD 28565643,33078558,-23.000000,62 
OBJECT_ADD 28568627,33043333,-23.000000,62 
OBJECT_ADD 28573435,33042166,-23.000000,62 
OBJECT_ADD 28577160,33040264,-23.000000,62 
OBJECT_ADD 28596296,33069593,-23.000000,62 
OBJECT_ADD 28598724,33073159,-23.000000,62 
OBJECT_ADD 28581511,33037958,-23.000000,62 
OBJECT_ADD 28609904,33026945,-23.000000,62 
OBJECT_ADD 28613420,33028481,-23.000000,62 
OBJECT_ADD 28611417,33032868,-23.000000,62 
OBJECT_ADD 28604701,33036539,-23.000000,62 
OBJECT_ADD 28592614,33079649,-23.000000,62 
OBJECT_ADD 28568818,33069570,-23.000000,62 
OBJECT_ADD 28610537,33066470,-66.000000,63 
OBJECT_ADD 28574668,33049575,-77.000000,63 
OBJECT_ADD 28578456,33074708,0.000000,63 
OBJECT_ADD 28612529,33047142,0.000000,62 
OBJECT_ADD 28610868,33043200,0.000000,62 
OBJECT_ADD 28626224,33060616,0.000000,62 
OBJECT_ADD 28633047,33063966,0.000000,62 
OBJECT_ADD 28584413,33066101,0.000000,62 
OBJECT_ADD 28632797,33072848,0.000000,62 
OBJECT_ADD 28608231,33037925,0.000000,62 
OBJECT_ADD 28584678,33081731,0.000000,62 
OBJECT_ADD 28570624,33088625,0.000000,62 
OBJECT_ADD 28572277,33085761,0.000000,62 
OBJECT_ADD 28572150,33081111,0.000000,62 
OBJECT_ADD 28566886,33074724,0.000000,62 
OBJECT_ADD 28605647,33054685,0.000000,62 
OBJECT_ADD 28649622,33075683,0.000000,62 
OBJECT_ADD 28647374,33067199,0.000000,62 
OBJECT_ADD 28579148,33075859,0.000000,62 
OBJECT_ADD 28640055,33070213,0.000000,62 
OBJECT_ADD 28543414,33068179,0.000000,62 
OBJECT_ADD 28542392,33063779,0.000000,62 
OBJECT_ADD 28547056,33067940,0.000000,62 
OBJECT_ADD 28548211,33064925,0.000000,62 
OBJECT_ADD 28590408,33115059,0.000000,62 
OBJECT_ADD 28593423,33113377,0.000000,62 
OBJECT_ADD 28592458,33107834,0.000000,62 
OBJECT_ADD 28585476,33103332,0.000000,62 
OBJECT_ADD 28588418,33103054,0.000000,62 
OBJECT_ADD 28590867,33102941,0.000000,62 
OBJECT_ADD 28590752,33118538,0.000000,62 
OBJECT_ADD 28598018,33101070,0.000000,62 
OBJECT_ADD 28591277,33122385,0.000000,62 
OBJECT_ADD 28591356,33125815,0.000000,62 
OBJECT_ADD 28590592,33128510,0.000000,62 
OBJECT_ADD 28588008,33135792,0.000000,62 
OBJECT_ADD 28581625,33099531,0.000000,62 
OBJECT_ADD 28603431,33168519,0.000000,62 
OBJECT_ADD 28589386,33161911,0.000000,62 
OBJECT_ADD 28589590,33156878,0.000000,62 
OBJECT_ADD 28599228,33160820,0.000000,62 
OBJECT_ADD 28598913,33141123,0.000000,62 
OBJECT_ADD 28599844,33144688,0.000000,62 
OBJECT_ADD 28599311,33147917,0.000000,62 
OBJECT_ADD 28598571,33151730,0.000000,62 
OBJECT_ADD 28600197,33156437,0.000000,62 
OBJECT_ADD 28602628,33158909,0.000000,62 
OBJECT_ADD 28604966,33156998,0.000000,62 
OBJECT_ADD 28608007,33160678,0.000000,62 
OBJECT_ADD 28608154,33169199,0.000000,62 
OBJECT_ADD 28622530,33110378,0.000000,62 
OBJECT_ADD 28620926,33113260,0.000000,62 
OBJECT_ADD 28621183,33116193,0.000000,62 
OBJECT_ADD 28623751,33116242,0.000000,62 
OBJECT_ADD 28625900,33112410,0.000000,62 
OBJECT_ADD 28621088,33106939,0.000000,62 
OBJECT_ADD 28623921,33106817,0.000000,62 
OBJECT_ADD 28625961,33102950,0.000000,62 
OBJECT_ADD 28623574,33099951,0.000000,62 
OBJECT_ADD 28637486,33109216,0.000000,62 
OBJECT_ADD 28640166,33109131,0.000000,62 
OBJECT_ADD 28631774,33103367,0.000000,62 
OBJECT_ADD 28616537,33107879,0.000000,62 
OBJECT_ADD 28594543,33209784,0.000000,62 
OBJECT_ADD 28572746,33154208,0.000000,62 
OBJECT_ADD 28573901,33151193,0.000000,62 
OBJECT_ADD 28518833,32935928,0.000000,62 
OBJECT_ADD 28551694,32938210,0.000000,62 
OBJECT_ADD 28552122,32910067,0.000000,62 
OBJECT_ADD 28540024,32932512,0.000000,62 
OBJECT_ADD 28557312,32944004,0.000000,62 
OBJECT_ADD 28542815,32928769,0.000000,62 
OBJECT_ADD 28536052,32943943,0.000000,62 
OBJECT_ADD 28536071,32928580,-23.000000,62 
OBJECT_ADD 28536826,32952737,-23.000000,62 
OBJECT_ADD 28536813,32979891,-23.000000,62 
OBJECT_ADD 28536608,32948477,-23.000000,62 
OBJECT_ADD 28536963,32940201,-23.000000,62 
OBJECT_ADD 28566453,32930816,-23.000000,62 
OBJECT_ADD 28569090,32929568,-23.000000,62 
OBJECT_ADD 28547419,32924599,-23.000000,62 
OBJECT_ADD 28537677,32935878,-23.000000,62 
OBJECT_ADD 28532780,32953532,-23.000000,62 
OBJECT_ADD 28547763,32957064,-66.000000,63 
OBJECT_ADD 28561286,32916233,0.000000,63 
OBJECT_ADD 28542690,32975257,0.000000,62 
OBJECT_ADD 28534678,32977356,0.000000,62 
OBJECT_ADD 28521655,32935273,0.000000,62 
OBJECT_ADD 28520832,32939263,0.000000,62 
OBJECT_ADD 28529007,32963069,0.000000,62 
OBJECT_ADD 28619557,32971384,0.000000,62 
OBJECT_ADD 28532318,32989864,-23.000000,62 
OBJECT_ADD 28535780,32988685,-23.000000,62 
OBJECT_ADD 28537856,32986948,-23.000000,62 
OBJECT_ADD 28526859,32992708,-23.000000,62 
OBJECT_ADD 28545341,33004670,-23.000000,62 
OBJECT_ADD 28545565,33007574,-23.000000,62 
OBJECT_ADD 28539500,33029256,-66.000000,63 
OBJECT_ADD 28558117,32978811,-77.000000,63 
OBJECT_ADD 28569561,32996517,0.000000,63 
OBJECT_ADD 28570116,33030011,0.000000,62 
OBJECT_ADD 28561826,33015199,0.000000,62 
OBJECT_ADD 28526193,32983793,0.000000,62 
OBJECT_ADD 28536032,32983060,0.000000,62 
OBJECT_ADD 28544760,33002567,0.000000,62 
OBJECT_ADD 28503289,32917036,-23.000000,62 
OBJECT_ADD 28570873,32918088,0.000000,62 
OBJECT_ADD 28570094,32912908,0.000000,62 
OBJECT_ADD 28605813,32980325,0.000000,62 
OBJECT_ADD 28602104,32981129,0.000000,62 
OBJECT_ADD 28502656,33044611,-23.000000,62 
OBJECT_ADD 28517001,33039922,-23.000000,62 
OBJECT_ADD 28515866,33043467,-23.000000,62 
OBJECT_ADD 28513483,33039810,-23.000000,62 
OBJECT_ADD 28525970,33041400,-23.000000,62 
OBJECT_ADD 28526499,33038148,-23.000000,62 
OBJECT_ADD 28526694,33035309,-23.000000,62 
OBJECT_ADD 28570543,33038261,0.000000,62 
OBJECT_ADD 28553853,33042593,0.000000,62 
OBJECT_ADD 28579659,32951232,0.000000,62 
OBJECT_ADD 28592069,32932594,0.000000,62 
OBJECT_ADD 28587647,32934261,0.000000,62 
OBJECT_ADD 28581530,32928790,0.000000,62 
OBJECT_ADD 28579632,32940344,0.000000,62 
OBJECT_ADD 28575415,32940642,0.000000,62 
OBJECT_ADD 28576078,32961064,-77.000000,63 
OBJECT_ADD 28582136,32923915,0.000000,62 
OBJECT_ADD 28602284,32938735,0.000000,62 
OBJECT_ADD 28598902,32943207,0.000000,62 
OBJECT_ADD 28583769,32944655,0.000000,62 
OBJECT_ADD 28600661,32947778,0.000000,62 
OBJECT_ADD 28597132,32949475,0.000000,62 
OBJECT_ADD 28597521,32953482,0.000000,62 
OBJECT_ADD 28595731,32958033,0.000000,62 
OBJECT_ADD 28592476,32961282,0.000000,62 
OBJECT_ADD 28575483,32993353,0.000000,62 
OBJECT_ADD 28587997,32964214,0.000000,62 
OBJECT_ADD 28602575,32909673,0.000000,62 
OBJECT_ADD 28604207,32915195,0.000000,62 
OBJECT_ADD 28583842,32914006,0.000000,62 
OBJECT_ADD 28593552,32918690,0.000000,62 
OBJECT_ADD 28580224,32915811,0.000000,62 
OBJECT_ADD 28578552,32993608,0.000000,62 
OBJECT_ADD 28574348,32992821,0.000000,62 
OBJECT_ADD 28575917,32960742,0.000000,62 
OBJECT_ADD 28575196,32899077,-23.000000,62 
OBJECT_ADD 28600215,32932469,-23.000000,62 
OBJECT_ADD 28607887,32928159,0.000000,62 
OBJECT_ADD 28599920,32927311,0.000000,62 
OBJECT_ADD 28604492,32925048,0.000000,62 
OBJECT_ADD 28583464,32937925,0.000000,62 
OBJECT_ADD 28593817,32928744,0.000000,62 
OBJECT_ADD 28575313,32913070,0.000000,62 
OBJECT_ADD 28580397,32973564,0.000000,62 
OBJECT_ADD 28579049,32970335,0.000000,62 
OBJECT_ADD 28606497,32934757,0.000000,62 
OBJECT_ADD 28584537,32910012,0.000000,62 
OBJECT_ADD 28590417,32907509,0.000000,62 
OBJECT_ADD 28595270,32909146,0.000000,62 
OBJECT_ADD 28594727,32905331,0.000000,62 
OBJECT_ADD 28598565,32907721,0.000000,62 
OBJECT_ADD 28590137,32909917,0.000000,62 
OBJECT_ADD 28578200,33031342,0.000000,62 
OBJECT_ADD 28598155,32891230,0.000000,62 
OBJECT_ADD 28610909,32894746,0.000000,62 
OBJECT_ADD 28609659,32888686,0.000000,62 
OBJECT_ADD 28605137,32889998,0.000000,62 
OBJECT_ADD 28605989,32882611,0.000000,62 
OBJECT_ADD 28605894,32878354,0.000000,62 
OBJECT_ADD 28611518,32884523,0.000000,62 
OBJECT_ADD 28613443,32881601,0.000000,62 
OBJECT_ADD 28599495,32901351,0.000000,62 
OBJECT_ADD 28625197,32887998,0.000000,62 
OBJECT_ADD 28621010,32888945,0.000000,62 
OBJECT_ADD 28602981,32892039,0.000000,62 
OBJECT_ADD 28599360,32893097,0.000000,62 
OBJECT_ADD 28633999,32996842,-23.000000,62 
OBJECT_ADD 28672120,32988821,-23.000000,62 
OBJECT_ADD 28631011,32985410,-23.000000,62 
OBJECT_ADD 28628465,32981773,-23.000000,62 
OBJECT_ADD 28655821,32946502,-23.000000,62 
OBJECT_ADD 28641256,32978455,-23.000000,62 
OBJECT_ADD 28638333,32977961,-23.000000,62 
OBJECT_ADD 28663996,32974296,-23.000000,62 
OBJECT_ADD 28662344,32969915,-23.000000,62 
OBJECT_ADD 28661747,32965368,-23.000000,62 
OBJECT_ADD 28660978,32961545,-23.000000,62 
OBJECT_ADD 28658448,32949886,-23.000000,62 
OBJECT_ADD 28644066,32956043,-23.000000,62 
OBJECT_ADD 28632554,32971771,-66.000000,63 
OBJECT_ADD 28635646,32968316,-77.000000,63 
OBJECT_ADD 28614456,32978373,0.000000,63 
OBJECT_ADD 28571764,33315008,-166.000000,62 
OBJECT_ADD 28571022,33325036,-166.000000,62 
OBJECT_ADD 28570146,33322684,-166.000000,62 
OBJECT_ADD 28574931,33296853,-209.000000,63 
OBJECT_ADD 28569755,33301360,-143.000000,62 
OBJECT_ADD 28572469,33304650,-143.000000,62 
OBJECT_ADD 28558440,33309046,-143.000000,62 
OBJECT_ADD 28562218,33320156,-166.000000,62 
OBJECT_ADD 28568310,33354084,-166.000000,62 
OBJECT_ADD 28571142,33350048,-166.000000,62 
OBJECT_ADD 28572420,33344415,-166.000000,62 
OBJECT_ADD 28564937,33352688,-166.000000,62 
OBJECT_ADD 28550388,33344967,-166.000000,62 
OBJECT_ADD 28558749,33358648,-166.000000,62 
OBJECT_ADD 28528115,33330157,-220.000000,63 
OBJECT_ADD 28553592,33338811,-143.000000,63 
OBJECT_ADD 28538575,33337310,-143.000000,62 
OBJECT_ADD 28544168,33346772,-143.000000,62 
OBJECT_ADD 28549942,33350514,-143.000000,62 
OBJECT_ADD 28547908,33346664,-143.000000,62 
OBJECT_ADD 28553707,33350788,-143.000000,62 
OBJECT_ADD 28546849,33358151,-143.000000,62 
OBJECT_ADD 28533445,33326576,-143.000000,62 
OBJECT_ADD 28547004,33315245,-143.000000,62 
OBJECT_ADD 28547595,33306953,-143.000000,62 
OBJECT_ADD 28540561,33354335,-143.000000,62 
OBJECT_ADD 28521112,33365451,-143.000000,62 
OBJECT_ADD 28518045,33362981,-143.000000,62 
OBJECT_ADD 28550710,33323990,-143.000000,62 
OBJECT_ADD 28538076,33385783,-143.000000,62 
OBJECT_ADD 28559830,33371326,-143.000000,62 
OBJECT_ADD 28548851,33371655,-143.000000,62 
OBJECT_ADD 28532186,33361134,-143.000000,62 
OBJECT_ADD 28528010,33362684,-143.000000,62 
OBJECT_ADD 28525083,33365766,-143.000000,62 
OBJECT_ADD 28532827,33339472,-143.000000,62 
OBJECT_ADD 28533971,33356487,-143.000000,62 
OBJECT_ADD 28515269,33413278,-143.000000,62 
OBJECT_ADD 28513271,33406518,-143.000000,62 
OBJECT_ADD 28516115,33388275,-143.000000,62 
OBJECT_ADD 28519711,33372482,-143.000000,62 
OBJECT_ADD 28535692,33368752,-143.000000,62 
OBJECT_ADD 28528400,33325049,-143.000000,62 
OBJECT_ADD 28537245,33398505,-143.000000,62 
OBJECT_ADD 28540151,33410766,-143.000000,62 
OBJECT_ADD 28542834,33404569,-143.000000,62 
OBJECT_ADD 28549126,33393745,-143.000000,62 
OBJECT_ADD 28569396,33366525,-143.000000,62 
OBJECT_ADD 28509206,33407264,-143.000000,62 
OBJECT_ADD 28571860,33294057,-143.000000,62 
OBJECT_ADD 28581559,33344547,-166.000000,62 
OBJECT_ADD 28537685,33314947,-166.000000,62 
OBJECT_ADD 28577435,33323768,-166.000000,62 
OBJECT_ADD 28583204,33321222,-143.000000,62 
OBJECT_ADD 28560561,33311878,-143.000000,62 
OBJECT_ADD 28560249,33317235,-143.000000,62 
OBJECT_ADD 28582935,33318403,-143.000000,62 
OBJECT_ADD 28577725,33320687,-143.000000,62 
OBJECT_ADD 28599945,33332205,-143.000000,62 
OBJECT_ADD 28567389,33321301,-143.000000,62 
OBJECT_ADD 28583929,33304509,-143.000000,62 
OBJECT_ADD 28591526,33321195,-143.000000,62 
OBJECT_ADD 28589346,33316895,-143.000000,62 
OBJECT_ADD 28572359,33297967,-143.000000,62 
OBJECT_ADD 28585248,33307508,-143.000000,62 
OBJECT_ADD 28580875,33307064,-143.000000,62 
OBJECT_ADD 28544971,33311740,-143.000000,62 
OBJECT_ADD 28548219,33312423,-143.000000,62 
OBJECT_ADD 28546756,33298339,0.000000,62 
OBJECT_ADD 28543063,33302050,0.000000,62 
OBJECT_ADD 28546269,33302962,0.000000,62 
OBJECT_ADD 28538642,33311322,0.000000,62 
OBJECT_ADD 28557425,33336855,0.000000,62 
OBJECT_ADD 28563629,33368068,0.000000,62 
OBJECT_ADD 28562475,33375466,0.000000,62 
OBJECT_ADD 28549751,33336941,0.000000,62 
OBJECT_ADD 28558982,33352321,0.000000,62 
OBJECT_ADD 28559636,33361793,0.000000,62 
OBJECT_ADD 28568949,33332303,0.000000,62 
OBJECT_ADD 28556913,33363123,0.000000,62 
OBJECT_ADD 28577889,33311688,0.000000,62 
OBJECT_ADD 28567835,33307212,0.000000,62 
OBJECT_ADD 28568544,33312654,0.000000,62 
OBJECT_ADD 28565410,33314939,0.000000,62 
OBJECT_ADD 28562118,33325913,0.000000,62 
OBJECT_ADD 28507772,33414665,0.000000,62 
OBJECT_ADD 28515559,33409091,0.000000,62 
OBJECT_ADD 28500908,33389895,0.000000,62 
OBJECT_ADD 28498278,33383102,0.000000,62 
OBJECT_ADD 28502478,33379000,0.000000,62 
OBJECT_ADD 28504453,33376373,0.000000,62 
OBJECT_ADD 28506011,33372054,0.000000,62 
OBJECT_ADD 28505782,33387343,0.000000,62 
OBJECT_ADD 28505372,33382222,0.000000,62 
OBJECT_ADD 28506431,33377864,0.000000,62 
OBJECT_ADD 28509396,33373093,0.000000,62 
OBJECT_ADD 28514809,33373933,0.000000,62 
OBJECT_ADD 28510296,33417741,0.000000,62 
OBJECT_ADD 28559978,33376555,0.000000,62 
OBJECT_ADD 28525050,33357923,0.000000,62 
OBJECT_ADD 28544293,33387804,0.000000,62 
OBJECT_ADD 28546234,33400075,0.000000,62 
OBJECT_ADD 28551865,33396220,0.000000,62 
OBJECT_ADD 28548735,33402161,0.000000,62 
OBJECT_ADD 28545965,33396903,0.000000,62 
OBJECT_ADD 28537098,33363416,0.000000,62 
OBJECT_ADD 28540490,33359579,0.000000,62 
OBJECT_ADD 28544580,33373751,0.000000,62 
OBJECT_ADD 28555378,33366417,0.000000,62 
OBJECT_ADD 28559588,33381080,0.000000,62 
OBJECT_ADD 28559790,33365206,0.000000,62 
OBJECT_ADD 28543607,33355214,-23.000000,62 
OBJECT_ADD 28542431,33379552,-23.000000,62 
OBJECT_ADD 28505465,33392740,-23.000000,62 
OBJECT_ADD 28523502,33390522,-23.000000,62 
OBJECT_ADD 28516968,33391441,-23.000000,62 
OBJECT_ADD 28521125,33368556,-23.000000,62 
OBJECT_ADD 28517497,33416574,-23.000000,62 
OBJECT_ADD 28511736,33423035,-23.000000,62 
OBJECT_ADD 28543629,33327811,0.000000,62 
OBJECT_ADD 28538185,33331097,0.000000,62 
OBJECT_ADD 28538744,33326635,0.000000,62 
OBJECT_ADD 28544537,33324086,0.000000,62 
OBJECT_ADD 28537334,33324253,0.000000,62 
OBJECT_ADD 28541766,33320514,0.000000,62 
OBJECT_ADD 28541027,33335007,0.000000,62 
OBJECT_ADD 28545111,33330862,0.000000,62 
OBJECT_ADD 28563649,33307060,0.000000,62 
