# Objects added on Sat Nov 17 17:51:21 2018

OBJECT_ADD 30275684,37585638,89.000000,62 
OBJECT_ADD 30271969,37579429,89.000000,62 
OBJECT_ADD 30275682,37601069,89.000000,62 
OBJECT_ADD 30260822,37598835,89.000000,62 
OBJECT_ADD 30251729,37600957,89.000000,62 
OBJECT_ADD 30275408,37597118,89.000000,62 
OBJECT_ADD 30237990,37587180,89.000000,62 
OBJECT_ADD 30246864,37590889,89.000000,62 
OBJECT_ADD 30229257,37590187,89.000000,62 
OBJECT_ADD 30254430,37593211,89.000000,62 
OBJECT_ADD 30116269,37576754,-204.000000,62 
OBJECT_ADD 30120530,37580860,-204.000000,62 
OBJECT_ADD 30096216,37601802,-204.000000,62 
OBJECT_ADD 30094756,37583106,-204.000000,62 
OBJECT_ADD 30095021,37588232,-204.000000,62 
OBJECT_ADD 30109383,37602493,-204.000000,62 
OBJECT_ADD 30107845,37607767,-204.000000,62 
OBJECT_ADD 30106308,37609385,-204.000000,62 
OBJECT_ADD 30132132,37557333,-181.000000,63 
OBJECT_ADD 30134236,37573597,-204.000000,62 
OBJECT_ADD 30120336,37574630,-204.000000,62 
OBJECT_ADD 30106334,37568047,-204.000000,62 
OBJECT_ADD 30119490,37603838,-204.000000,62 
OBJECT_ADD 30118956,37600553,-204.000000,62 
OBJECT_ADD 30095881,37585420,-204.000000,62 
OBJECT_ADD 30099627,37599272,-204.000000,62 
OBJECT_ADD 30098579,37595897,-204.000000,62 
OBJECT_ADD 30097352,37561519,-247.000000,63 
OBJECT_ADD 30116418,37562921,-258.000000,63 
OBJECT_ADD 30107739,37532508,-204.000000,62 
OBJECT_ADD 30102250,37559616,-204.000000,62 
OBJECT_ADD 30094255,37539004,-204.000000,62 
OBJECT_ADD 30096424,37541505,-204.000000,62 
OBJECT_ADD 30100057,37544549,-204.000000,62 
OBJECT_ADD 30099952,37541974,-204.000000,62 
OBJECT_ADD 30100413,37547502,-204.000000,62 
OBJECT_ADD 30104627,37550350,-204.000000,62 
OBJECT_ADD 30107522,37553006,-204.000000,62 
OBJECT_ADD 30110127,37553292,-204.000000,62 
OBJECT_ADD 30125791,37592015,-247.000000,63 
OBJECT_ADD 30129433,37578227,-258.000000,63 
OBJECT_ADD 30144574,37585587,-181.000000,63 
OBJECT_ADD 30148635,37614548,-204.000000,62 
OBJECT_ADD 30122980,37613705,-204.000000,62 
OBJECT_ADD 30129156,37615464,-204.000000,62 
OBJECT_ADD 30133176,37613808,-204.000000,62 
OBJECT_ADD 30138041,37611764,-204.000000,62 
OBJECT_ADD 30125607,37592574,-204.000000,62 
OBJECT_ADD 30113586,37582008,-204.000000,62 
OBJECT_ADD 30117361,37594381,-204.000000,62 
OBJECT_ADD 30143970,37598969,-204.000000,62 
OBJECT_ADD 30139740,37577254,-204.000000,62 
OBJECT_ADD 30143099,37583704,-204.000000,62 
OBJECT_ADD 30144598,37604753,-204.000000,62 
OBJECT_ADD 30142792,37610096,-204.000000,62 
OBJECT_ADD 30128810,37624322,-247.000000,63 
OBJECT_ADD 30170916,37616796,-258.000000,63 
OBJECT_ADD 30161739,37617940,-181.000000,63 
OBJECT_ADD 30116339,37525169,0.000000,62 
OBJECT_ADD 30119797,37523402,0.000000,62 
OBJECT_ADD 30120697,37527484,0.000000,62 
OBJECT_ADD 30112520,37527609,0.000000,62 
OBJECT_ADD 30113928,37521526,0.000000,62 
OBJECT_ADD 30125993,37574384,0.000000,62 
OBJECT_ADD 30128727,37566788,0.000000,62 
OBJECT_ADD 30125094,37562948,0.000000,62 
OBJECT_ADD 30156351,37530623,0.000000,62 
OBJECT_ADD 30154194,37536562,0.000000,62 
OBJECT_ADD 30134106,37566441,0.000000,62 
OBJECT_ADD 30142713,37565142,0.000000,62 
OBJECT_ADD 30140444,37553572,0.000000,62 
OBJECT_ADD 30117824,37578252,0.000000,62 
OBJECT_ADD 30118089,37561264,0.000000,62 
OBJECT_ADD 30131334,37558348,0.000000,62 
OBJECT_ADD 30188121,37640075,-16.000000,62 
OBJECT_ADD 30173246,37631030,-16.000000,62 
OBJECT_ADD 30169138,37634330,-16.000000,62 
OBJECT_ADD 30159503,37649135,-16.000000,62 
OBJECT_ADD 30169208,37652335,-16.000000,62 
OBJECT_ADD 30179435,37694035,7.000000,63 
OBJECT_ADD 30164474,37651706,-16.000000,62 
OBJECT_ADD 30178054,37656606,-16.000000,62 
OBJECT_ADD 30168241,37665347,-16.000000,62 
OBJECT_ADD 30189790,37664689,-16.000000,62 
OBJECT_ADD 30166702,37655420,-16.000000,62 
OBJECT_ADD 30172641,37657950,-16.000000,62 
OBJECT_ADD 30178210,37660299,-16.000000,62 
OBJECT_ADD 30175963,37625742,-16.000000,62 
OBJECT_ADD 30167328,37650276,-70.000000,63 
OBJECT_ADD 30155615,37633814,-16.000000,62 
OBJECT_ADD 30175908,37625823,-16.000000,62 
OBJECT_ADD 30159018,37628088,-70.000000,63 
OBJECT_ADD 30175363,37635097,7.000000,63 
OBJECT_ADD 30142511,37622726,-16.000000,62 
OBJECT_ADD 30148153,37630499,-16.000000,62 
OBJECT_ADD 30158679,37630631,-16.000000,62 
OBJECT_ADD 30166012,37630207,-16.000000,62 
OBJECT_ADD 30192390,37667928,-16.000000,62 
OBJECT_ADD 30156536,37661515,-16.000000,62 
OBJECT_ADD 30155449,37664532,-16.000000,62 
OBJECT_ADD 30183990,37662570,-16.000000,62 
OBJECT_ADD 30154750,37647994,-16.000000,62 
OBJECT_ADD 30183514,37657828,-16.000000,62 
OBJECT_ADD 30147132,37625990,-16.000000,62 
OBJECT_ADD 30147703,37621130,-16.000000,62 
OBJECT_ADD 30161141,37626777,-16.000000,62 
OBJECT_ADD 30186435,37654776,-16.000000,62 
OBJECT_ADD 30183142,37653971,-16.000000,62 
OBJECT_ADD 30191354,37625146,-16.000000,62 
OBJECT_ADD 30190675,37621455,-16.000000,62 
OBJECT_ADD 30160632,37633841,-16.000000,62 
OBJECT_ADD 30182475,37653675,-59.000000,63 
OBJECT_ADD 30183740,37618818,-70.000000,63 
OBJECT_ADD 30118137,37657813,0.000000,62 
OBJECT_ADD 30123331,37656551,0.000000,62 
OBJECT_ADD 30112065,37658594,0.000000,62 
OBJECT_ADD 30122056,37645272,0.000000,62 
OBJECT_ADD 30127898,37651301,0.000000,62 
OBJECT_ADD 30129160,37656747,0.000000,62 
OBJECT_ADD 30132915,37649944,0.000000,62 
OBJECT_ADD 30125042,37639768,0.000000,62 
OBJECT_ADD 30109519,37663435,0.000000,62 
OBJECT_ADD 30135984,37652089,0.000000,62 
OBJECT_ADD 30133071,37645412,0.000000,62 
OBJECT_ADD 30112642,37654876,0.000000,62 
OBJECT_ADD 30125766,37648179,0.000000,62 
OBJECT_ADD 30090414,37655134,0.000000,62 
OBJECT_ADD 30104546,37628850,0.000000,62 
OBJECT_ADD 30082319,37653565,0.000000,62 
OBJECT_ADD 30079730,37639237,0.000000,62 
OBJECT_ADD 30100654,37639916,0.000000,62 
OBJECT_ADD 30098527,37652546,0.000000,62 
OBJECT_ADD 30104885,37625177,0.000000,62 
OBJECT_ADD 30101019,37635170,0.000000,62 
OBJECT_ADD 30080267,37650059,0.000000,62 
OBJECT_ADD 30106071,37647031,0.000000,62 
OBJECT_ADD 30104932,37634526,0.000000,62 
OBJECT_ADD 30078242,37646683,0.000000,62 
OBJECT_ADD 30095509,37636492,0.000000,62 
OBJECT_ADD 30232183,37560918,66.000000,62 
OBJECT_ADD 30229076,37562155,66.000000,62 
OBJECT_ADD 30235909,37568400,66.000000,62 
OBJECT_ADD 30239167,37568729,66.000000,62 
OBJECT_ADD 30219137,37569166,66.000000,62 
OBJECT_ADD 30250324,37575485,66.000000,62 
OBJECT_ADD 30226806,37587870,66.000000,62 
OBJECT_ADD 30217002,37556299,66.000000,62 
OBJECT_ADD 30206473,37556061,66.000000,62 
OBJECT_ADD 30205043,37548072,66.000000,62 
OBJECT_ADD 30212604,37543048,23.000000,63 
OBJECT_ADD 30201209,37534394,12.000000,63 
OBJECT_ADD 30225914,37542086,89.000000,62 
OBJECT_ADD 30225578,37547908,89.000000,62 
OBJECT_ADD 30188759,37560845,89.000000,62 
OBJECT_ADD 30199030,37566694,89.000000,62 
OBJECT_ADD 30202657,37556456,89.000000,62 
OBJECT_ADD 30217687,37593705,89.000000,62 
OBJECT_ADD 30218153,37589810,89.000000,62 
OBJECT_ADD 30198958,37568870,89.000000,62 
OBJECT_ADD 30225892,37584321,89.000000,62 
OBJECT_ADD 30218346,37572675,89.000000,62 
OBJECT_ADD 30215536,37520589,89.000000,62 
OBJECT_ADD 30213282,37515077,89.000000,62 
OBJECT_ADD 30209188,37544837,89.000000,62 
OBJECT_ADD 30181006,37567463,89.000000,62 
OBJECT_ADD 30196654,37566729,89.000000,62 
OBJECT_ADD 30187083,37536161,89.000000,62 
OBJECT_ADD 30188216,37534353,89.000000,62 
OBJECT_ADD 30197157,37544402,89.000000,62 
OBJECT_ADD 30208210,37520200,89.000000,62 
OBJECT_ADD 30219598,37490918,89.000000,62 
OBJECT_ADD 30198407,37537803,89.000000,62 
OBJECT_ADD 30222977,37537682,89.000000,62 
OBJECT_ADD 30226991,37531051,89.000000,62 
OBJECT_ADD 30224296,37531480,89.000000,62 
OBJECT_ADD 30218843,37524012,89.000000,62 
OBJECT_ADD 30197309,37539916,89.000000,62 
OBJECT_ADD 30227001,37550802,89.000000,62 
OBJECT_ADD 30209534,37507335,66.000000,62 
OBJECT_ADD 30216250,37515298,89.000000,62 
OBJECT_ADD 30167489,37488622,89.000000,62 
OBJECT_ADD 30167680,37494454,89.000000,62 
OBJECT_ADD 30172100,37499425,89.000000,62 
OBJECT_ADD 30175660,37495155,89.000000,62 
OBJECT_ADD 30195901,37506399,89.000000,62 
OBJECT_ADD 30198261,37494708,89.000000,62 
OBJECT_ADD 30197736,37498294,89.000000,62 
OBJECT_ADD 30205103,37503991,89.000000,63 
OBJECT_ADD 30219573,37492620,89.000000,62 
OBJECT_ADD 30219905,37498662,89.000000,62 
OBJECT_ADD 30217246,37499588,89.000000,62 
OBJECT_ADD 30215772,37534118,89.000000,62 
OBJECT_ADD 30176023,37489378,89.000000,62 
OBJECT_ADD 30160791,37490668,89.000000,62 
OBJECT_ADD 30184942,37513734,89.000000,62 
OBJECT_ADD 30187973,37511785,89.000000,62 
OBJECT_ADD 30184335,37510107,89.000000,62 
OBJECT_ADD 30175673,37503207,89.000000,62 
OBJECT_ADD 30194744,37479180,89.000000,62 
OBJECT_ADD 30206155,37477463,89.000000,62 
OBJECT_ADD 30204974,37476885,89.000000,62 
OBJECT_ADD 30203601,37467228,89.000000,62 
OBJECT_ADD 30211603,37471844,89.000000,62 
OBJECT_ADD 30222909,37462125,89.000000,62 
OBJECT_ADD 30180990,37456271,89.000000,62 
OBJECT_ADD 30175421,37457262,89.000000,62 
OBJECT_ADD 30186322,37480320,89.000000,62 
OBJECT_ADD 30214949,37469051,89.000000,62 
OBJECT_ADD 30219155,37468028,66.000000,62 
OBJECT_ADD 30227155,37460857,66.000000,62 
OBJECT_ADD 30207813,37482140,66.000000,62 
OBJECT_ADD 30207713,37470551,66.000000,62 
OBJECT_ADD 30206127,37465511,66.000000,62 
OBJECT_ADD 30178623,37461968,66.000000,62 
OBJECT_ADD 30181905,37459766,66.000000,62 
OBJECT_ADD 30186146,37457143,66.000000,62 
OBJECT_ADD 30199327,37463443,66.000000,62 
OBJECT_ADD 30202213,37460897,66.000000,62 
OBJECT_ADD 30201015,37457481,66.000000,62 
OBJECT_ADD 30215950,37477022,23.000000,63 
OBJECT_ADD 30183027,37483062,12.000000,63 
OBJECT_ADD 30212412,37454794,89.000000,62 
OBJECT_ADD 30220242,37482724,89.000000,62 
OBJECT_ADD 30182859,37483645,89.000000,62 
OBJECT_ADD 30215105,37472984,89.000000,62 
OBJECT_ADD 30219491,37472019,89.000000,62 
OBJECT_ADD 30224029,37472519,89.000000,62 
OBJECT_ADD 30227310,37474659,89.000000,62 
OBJECT_ADD 30221943,37475811,89.000000,62 
OBJECT_ADD 30218723,37476699,89.000000,62 
OBJECT_ADD 30216670,37478737,89.000000,62 
OBJECT_ADD 30203661,37484923,89.000000,62 
OBJECT_ADD 30176503,37481602,89.000000,62 
OBJECT_ADD 30169792,37479962,89.000000,62 
OBJECT_ADD 30164303,37481489,89.000000,62 
OBJECT_ADD 30175791,37478089,89.000000,62 
OBJECT_ADD 30155960,37476601,89.000000,62 
OBJECT_ADD 30161622,37473465,89.000000,62 
OBJECT_ADD 30166534,37472886,89.000000,62 
OBJECT_ADD 30172749,37472892,89.000000,62 
OBJECT_ADD 30148301,37477906,89.000000,62 
OBJECT_ADD 30149622,37465620,89.000000,62 
OBJECT_ADD 30154632,37459360,89.000000,62 
OBJECT_ADD 30155837,37483291,89.000000,62 
OBJECT_ADD 30159818,37460031,89.000000,62 
OBJECT_ADD 30232376,37548119,66.000000,62 
OBJECT_ADD 30230621,37551713,66.000000,62 
OBJECT_ADD 30211969,37549200,66.000000,62 
OBJECT_ADD 30232099,37519972,89.000000,63 
OBJECT_ADD 30243142,37546331,89.000000,62 
OBJECT_ADD 30237577,37548439,89.000000,62 
OBJECT_ADD 30235315,37543508,89.000000,62 
OBJECT_ADD 30239836,37540322,89.000000,62 
OBJECT_ADD 30229158,37546138,89.000000,62 
OBJECT_ADD 30267609,37552284,66.000000,62 
OBJECT_ADD 30260743,37530486,66.000000,62 
OBJECT_ADD 30266261,37573784,66.000000,62 
OBJECT_ADD 30259215,37566402,66.000000,62 
OBJECT_ADD 30265223,37562088,66.000000,62 
OBJECT_ADD 30267522,37565592,66.000000,62 
OBJECT_ADD 30261898,37555300,66.000000,62 
OBJECT_ADD 30271591,37554374,66.000000,62 
OBJECT_ADD 30274029,37556329,66.000000,62 
OBJECT_ADD 30245163,37532259,66.000000,62 
OBJECT_ADD 30248142,37530665,66.000000,62 
OBJECT_ADD 30254806,37535938,66.000000,62 
OBJECT_ADD 30255976,37531452,66.000000,62 
OBJECT_ADD 30242048,37568606,23.000000,63 
OBJECT_ADD 30270934,37565759,12.000000,63 
OBJECT_ADD 30210635,37535311,89.000000,63 
OBJECT_ADD 30275941,37607038,89.000000,62 
OBJECT_ADD 30245408,37588166,89.000000,62 
OBJECT_ADD 30245082,37583083,89.000000,62 
OBJECT_ADD 30251827,37606371,89.000000,62 
OBJECT_ADD 30253422,37581393,89.000000,62 
OBJECT_ADD 30251864,37600417,89.000000,62 
OBJECT_ADD 30257459,37593177,89.000000,62 
OBJECT_ADD 30262718,37576209,89.000000,62 
OBJECT_ADD 30270282,37575325,89.000000,62 
OBJECT_ADD 30276947,37601552,89.000000,62 
OBJECT_ADD 30241347,37602099,89.000000,62 
OBJECT_ADD 30240559,37557615,89.000000,62 
OBJECT_ADD 30243486,37560436,89.000000,62 
OBJECT_ADD 30256528,37586602,89.000000,62 
OBJECT_ADD 30273430,37582790,89.000000,62 
OBJECT_ADD 30270640,37518844,89.000000,62 
OBJECT_ADD 30236539,37494043,89.000000,62 
OBJECT_ADD 30235567,37585071,89.000000,62 
OBJECT_ADD 30241828,37568648,89.000000,62 
OBJECT_ADD 30238331,37505415,89.000000,62 
OBJECT_ADD 30241328,37505010,89.000000,62 
OBJECT_ADD 30267976,37528398,89.000000,62 
OBJECT_ADD 30234925,37505263,89.000000,62 
OBJECT_ADD 30275303,37501676,89.000000,62 
OBJECT_ADD 30270940,37496021,89.000000,62 
OBJECT_ADD 30267882,37491647,89.000000,62 
OBJECT_ADD 30266914,37488250,89.000000,62 
OBJECT_ADD 30272984,37513541,89.000000,62 
OBJECT_ADD 30275982,37522622,89.000000,62 
OBJECT_ADD 30243451,37498782,89.000000,62 
OBJECT_ADD 30240240,37497280,89.000000,62 
OBJECT_ADD 30236454,37494996,89.000000,62 
OBJECT_ADD 30256057,37511724,89.000000,62 
OBJECT_ADD 30270819,37503360,89.000000,62 
OBJECT_ADD 30237107,37514301,89.000000,62 
OBJECT_ADD 30228881,37505164,89.000000,62 
OBJECT_ADD 30278657,37527098,89.000000,62 
OBJECT_ADD 30280349,37572673,89.000000,62 
OBJECT_ADD 30289093,37545679,89.000000,62 
OBJECT_ADD 30287152,37535021,89.000000,62 
OBJECT_ADD 30311914,37545528,89.000000,62 
OBJECT_ADD 30301797,37526531,89.000000,62 
OBJECT_ADD 30284757,37517742,89.000000,62 
OBJECT_ADD 30282535,37525740,89.000000,62 
OBJECT_ADD 30299675,37535218,89.000000,62 
OBJECT_ADD 30271336,37548906,89.000000,62 
OBJECT_ADD 30283978,37521591,89.000000,62 
OBJECT_ADD 30277635,37495199,89.000000,62 
OBJECT_ADD 30278875,37476415,89.000000,62 
OBJECT_ADD 30298092,37484363,89.000000,62 
OBJECT_ADD 30288597,37507012,89.000000,62 
OBJECT_ADD 30297404,37493495,89.000000,62 
OBJECT_ADD 30288767,37499866,89.000000,62 
OBJECT_ADD 30283248,37504174,89.000000,62 
OBJECT_ADD 30279306,37483452,89.000000,62 
OBJECT_ADD 30289216,37502004,89.000000,62 
OBJECT_ADD 30299276,37500167,89.000000,62 
OBJECT_ADD 30306880,37512602,89.000000,62 
OBJECT_ADD 30298255,37490435,89.000000,62 
OBJECT_ADD 30298371,37510615,89.000000,62 
OBJECT_ADD 30291004,37502311,89.000000,62 
OBJECT_ADD 30294779,37509350,89.000000,62 
OBJECT_ADD 30301717,37511626,89.000000,62 
OBJECT_ADD 30304455,37530414,89.000000,62 
OBJECT_ADD 30309234,37534245,89.000000,62 
OBJECT_ADD 30318706,37512987,89.000000,62 
OBJECT_ADD 30314508,37514175,89.000000,62 
OBJECT_ADD 30315361,37518398,89.000000,62 
OBJECT_ADD 30299265,37516594,89.000000,62 
OBJECT_ADD 30247188,37475609,89.000000,62 
OBJECT_ADD 30260686,37482817,89.000000,62 
OBJECT_ADD 30229025,37471787,89.000000,62 
OBJECT_ADD 30234516,37469175,89.000000,62 
OBJECT_ADD 30237452,37467528,89.000000,62 
OBJECT_ADD 30234320,37474758,89.000000,62 
OBJECT_ADD 30230928,37475006,89.000000,62 
OBJECT_ADD 30270850,37480857,89.000000,62 
OBJECT_ADD 30088629,37568324,-204.000000,62 
OBJECT_ADD 30087157,37571817,-204.000000,62 
OBJECT_ADD 30091155,37600913,-204.000000,62 
OBJECT_ADD 30088486,37601841,-204.000000,62 
OBJECT_ADD 30089807,37605900,-204.000000,62 
OBJECT_ADD 30072257,37570339,-247.000000,63 
OBJECT_ADD 30079939,37571397,-258.000000,63 
OBJECT_ADD 30079024,37595861,-204.000000,62 
OBJECT_ADD 30086534,37589286,-204.000000,62 
OBJECT_ADD 30086295,37592267,-204.000000,62 
OBJECT_ADD 30070997,37604311,-204.000000,62 
OBJECT_ADD 30070233,37607618,-204.000000,62 
OBJECT_ADD 30091175,37614158,-181.000000,63 
OBJECT_ADD 30090329,37536173,-204.000000,62 
OBJECT_ADD 30082311,37549011,-204.000000,62 
OBJECT_ADD 30085409,37552575,-204.000000,62 
OBJECT_ADD 30124272,37520215,0.000000,62 
OBJECT_ADD 30127863,37516867,0.000000,62 
OBJECT_ADD 30124320,37524866,0.000000,62 
OBJECT_ADD 30131279,37520240,0.000000,62 
OBJECT_ADD 30133711,37514380,0.000000,62 
OBJECT_ADD 30135655,37520978,0.000000,62 
OBJECT_ADD 30126321,37510035,0.000000,62 
OBJECT_ADD 30123968,37515535,0.000000,62 
OBJECT_ADD 30138782,37562834,0.000000,62 
OBJECT_ADD 30139937,37559819,0.000000,62 
OBJECT_ADD 30200103,37636841,-16.000000,62 
OBJECT_ADD 30218019,37665208,-59.000000,63 
OBJECT_ADD 30243194,37657204,-16.000000,62 
OBJECT_ADD 30244645,37653592,-16.000000,62 
OBJECT_ADD 30239579,37661140,-16.000000,62 
OBJECT_ADD 30240073,37655072,-16.000000,62 
OBJECT_ADD 30230565,37662569,-16.000000,62 
OBJECT_ADD 30251547,37646902,-16.000000,62 
OBJECT_ADD 30223842,37674703,-16.000000,62 
OBJECT_ADD 30247583,37652932,-16.000000,62 
OBJECT_ADD 30234689,37643055,-16.000000,62 
OBJECT_ADD 30239754,37649463,-16.000000,62 
OBJECT_ADD 30220503,37654790,-16.000000,62 
OBJECT_ADD 30219031,37641353,-16.000000,62 
OBJECT_ADD 30212885,37649287,-16.000000,62 
OBJECT_ADD 30211586,37672655,-16.000000,62 
OBJECT_ADD 30221597,37670564,-16.000000,62 
OBJECT_ADD 30221569,37661592,-16.000000,62 
OBJECT_ADD 30216772,37665677,-16.000000,62 
OBJECT_ADD 30216825,37653196,-59.000000,63 
OBJECT_ADD 30209329,37660973,-16.000000,62 
OBJECT_ADD 30195781,37622331,-16.000000,62 
OBJECT_ADD 30205582,37658468,-16.000000,62 
OBJECT_ADD 30202384,37678088,-16.000000,62 
OBJECT_ADD 30205442,37662382,-16.000000,62 
OBJECT_ADD 30202252,37660267,-16.000000,62 
OBJECT_ADD 30209404,37656290,-16.000000,62 
OBJECT_ADD 30201186,37646207,-59.000000,63 
OBJECT_ADD 30224152,37667344,-16.000000,62 
OBJECT_ADD 30228524,37675889,-16.000000,62 
OBJECT_ADD 30216412,37670917,-16.000000,62 
OBJECT_ADD 30229226,37649224,-16.000000,62 
OBJECT_ADD 30235932,37628913,-16.000000,62 
OBJECT_ADD 30235587,37623520,-16.000000,62 
OBJECT_ADD 30212605,37652625,-16.000000,62 
OBJECT_ADD 30210583,37649561,-16.000000,62 
OBJECT_ADD 30230019,37639471,-16.000000,62 
OBJECT_ADD 30233416,37637248,-16.000000,62 
OBJECT_ADD 30231161,37634385,-16.000000,62 
OBJECT_ADD 30228922,37647921,-16.000000,62 
OBJECT_ADD 30227521,37636052,-16.000000,62 
OBJECT_ADD 30221630,37606017,-59.000000,63 
OBJECT_ADD 30228833,37617469,-70.000000,63 
OBJECT_ADD 30227931,37636860,7.000000,63 
OBJECT_ADD 30196636,37667083,-16.000000,62 
OBJECT_ADD 30199287,37664597,-16.000000,62 
OBJECT_ADD 30194511,37663796,-16.000000,62 
OBJECT_ADD 30207072,37648035,-16.000000,62 
OBJECT_ADD 30210741,37638356,-16.000000,62 
OBJECT_ADD 30199860,37624279,-16.000000,62 
OBJECT_ADD 30209219,37645634,-16.000000,62 
OBJECT_ADD 30203636,37637555,7.000000,63 
OBJECT_ADD 30166680,37449846,89.000000,62 
OBJECT_ADD 30193948,37452454,89.000000,62 
OBJECT_ADD 30179013,37452535,89.000000,62 
OBJECT_ADD 30186817,37452398,66.000000,62 
OBJECT_ADD 30180036,37447728,89.000000,62 
OBJECT_ADD 30180847,37441461,89.000000,62 
OBJECT_ADD 30190756,37449577,89.000000,62 
OBJECT_ADD 30211622,37451008,89.000000,62 
OBJECT_ADD 30207636,37452665,89.000000,62 
OBJECT_ADD 30208053,37447219,89.000000,62 
OBJECT_ADD 30311808,37502514,65.000000,62 
OBJECT_ADD 30313893,37513705,65.000000,62 
OBJECT_ADD 30306410,37528410,65.000000,62 
OBJECT_ADD 30310515,37531105,65.000000,62 
OBJECT_ADD 30315489,37516044,65.000000,62 
OBJECT_ADD 30313294,37529544,65.000000,62 
OBJECT_ADD 30346010,37534410,65.000000,62 
OBJECT_ADD 30363492,37548130,65.000000,62 
OBJECT_ADD 30344076,37533226,65.000000,62 
OBJECT_ADD 30354243,37527619,65.000000,62 
OBJECT_ADD 30355628,37523725,65.000000,62 
OBJECT_ADD 30357660,37519904,65.000000,62 
OBJECT_ADD 30361351,37512608,65.000000,62 
OBJECT_ADD 30360407,37514738,65.000000,62 
OBJECT_ADD 30348086,37536460,65.000000,62 
OBJECT_ADD 30366504,37508284,65.000000,62 
OBJECT_ADD 30370820,37505802,65.000000,62 
OBJECT_ADD 30341536,37532952,65.000000,62 
OBJECT_ADD 30375282,37503202,65.000000,62 
OBJECT_ADD 30379495,37504348,22.000000,63 
OBJECT_ADD 30326566,37519182,11.000000,63 
OBJECT_ADD 30327108,37517826,88.000000,63 
OBJECT_ADD 30352921,37543021,65.000000,62 
OBJECT_ADD 30343884,37496793,65.000000,62 
OBJECT_ADD 30364119,37499424,65.000000,62 
OBJECT_ADD 30351253,37504897,65.000000,62 
OBJECT_ADD 30354181,37506931,65.000000,62 
OBJECT_ADD 30327912,37477076,65.000000,62 
OBJECT_ADD 30370943,37469987,65.000000,62 
OBJECT_ADD 30362103,37502389,65.000000,62 
OBJECT_ADD 30359240,37505373,65.000000,62 
OBJECT_ADD 30345062,37490190,65.000000,62 
OBJECT_ADD 30345322,37493925,65.000000,62 
OBJECT_ADD 30346450,37498153,65.000000,62 
OBJECT_ADD 30348133,37501620,65.000000,62 
OBJECT_ADD 30356318,37529492,22.000000,63 
OBJECT_ADD 30358334,37528063,11.000000,63 
OBJECT_ADD 30371520,37530693,88.000000,63 
OBJECT_ADD 30333028,37531664,65.000000,62 
OBJECT_ADD 30339443,37532526,65.000000,62 
OBJECT_ADD 30327889,37527761,65.000000,62 
OBJECT_ADD 30330770,37522606,65.000000,62 
OBJECT_ADD 30337983,37532362,65.000000,62 
OBJECT_ADD 30304422,37513304,65.000000,62 
OBJECT_ADD 30332964,37520292,65.000000,62 
OBJECT_ADD 30316490,37532124,65.000000,62 
OBJECT_ADD 30313287,37533365,65.000000,62 
OBJECT_ADD 30320573,37530362,65.000000,62 
OBJECT_ADD 30330066,37535392,65.000000,62 
OBJECT_ADD 30331443,37478817,65.000000,62 
OBJECT_ADD 30324352,37536780,65.000000,62 
OBJECT_ADD 30322972,37550972,22.000000,63 
OBJECT_ADD 30340836,37502829,11.000000,63 
OBJECT_ADD 30333765,37503092,88.000000,63 
OBJECT_ADD 30376454,37523365,65.000000,62 
OBJECT_ADD 30294083,37501305,65.000000,62 
OBJECT_ADD 30348585,37485818,65.000000,62 
OBJECT_ADD 30328115,37532914,65.000000,62 
OBJECT_ADD 30341674,37483321,65.000000,62 
OBJECT_ADD 30371217,37475638,65.000000,62 
OBJECT_ADD 30369505,37494110,65.000000,62 
OBJECT_ADD 30319442,37514275,65.000000,62 
OBJECT_ADD 30326993,37517620,22.000000,63 
OBJECT_ADD 30326312,37519287,11.000000,63 
OBJECT_ADD 30325747,37520738,88.000000,63 
OBJECT_ADD 30349206,37563701,65.000000,62 
OBJECT_ADD 30367494,37486039,65.000000,62 
OBJECT_ADD 30334159,37548352,65.000000,62 
OBJECT_ADD 30306416,37538963,65.000000,62 
OBJECT_ADD 30378047,37521003,65.000000,62 
OBJECT_ADD 30343084,37541782,65.000000,62 
OBJECT_ADD 30368971,37497501,65.000000,62 
OBJECT_ADD 30353727,37525752,65.000000,62 
OBJECT_ADD 30368751,37519117,65.000000,62 
OBJECT_ADD 30370237,37516052,65.000000,62 
OBJECT_ADD 30325452,37535243,65.000000,62 
OBJECT_ADD 30349947,37483324,65.000000,62 
OBJECT_ADD 30321511,37523598,22.000000,63 
OBJECT_ADD 30323805,37503835,11.000000,63 
OBJECT_ADD 30325222,37502693,88.000000,63 
OBJECT_ADD 30347742,37666146,68.000000,62 
OBJECT_ADD 30365918,37678933,68.000000,62 
OBJECT_ADD 30345746,37665063,68.000000,62 
OBJECT_ADD 30355608,37658931,68.000000,62 
OBJECT_ADD 30356785,37654971,68.000000,62 
OBJECT_ADD 30358615,37651048,68.000000,62 
OBJECT_ADD 30361917,37643568,68.000000,62 
OBJECT_ADD 30361088,37645744,68.000000,62 
OBJECT_ADD 30349923,37668084,68.000000,62 
OBJECT_ADD 30366838,37638980,68.000000,62 
OBJECT_ADD 30371164,37637152,68.000000,62 
OBJECT_ADD 30343229,37664956,68.000000,62 
OBJECT_ADD 30376425,37632768,68.000000,62 
OBJECT_ADD 30379607,37634374,25.000000,63 
OBJECT_ADD 30327525,37651973,14.000000,63 
OBJECT_ADD 30327995,37650607,91.000000,63 
OBJECT_ADD 30355090,37674435,68.000000,62 
OBJECT_ADD 30343649,37628689,68.000000,62 
OBJECT_ADD 30365956,37628271,68.000000,62 
OBJECT_ADD 30351431,37636398,68.000000,62 
OBJECT_ADD 30354305,37638303,68.000000,62 
OBJECT_ADD 30356454,37639593,68.000000,62 
OBJECT_ADD 30350200,37634914,68.000000,62 
OBJECT_ADD 30362135,37633326,68.000000,62 
OBJECT_ADD 30359432,37636454,68.000000,62 
OBJECT_ADD 30344478,37622037,68.000000,62 
OBJECT_ADD 30344952,37625629,68.000000,62 
OBJECT_ADD 30344779,37630826,68.000000,62 
OBJECT_ADD 30348145,37633289,68.000000,62 
OBJECT_ADD 30357442,37660783,25.000000,63 
OBJECT_ADD 30358624,37658607,14.000000,63 
OBJECT_ADD 30376336,37662052,91.000000,63 
OBJECT_ADD 30334633,37664083,68.000000,62 
OBJECT_ADD 30341082,37664608,68.000000,62 
OBJECT_ADD 30329663,37659910,68.000000,62 
OBJECT_ADD 30330627,37655521,68.000000,62 
OBJECT_ADD 30338733,37664161,68.000000,62 
OBJECT_ADD 30335045,37663476,68.000000,62 
OBJECT_ADD 30331630,37651882,68.000000,62 
OBJECT_ADD 30306110,37670371,68.000000,62 
OBJECT_ADD 30318478,37663084,68.000000,62 
OBJECT_ADD 30321339,37661608,68.000000,62 
OBJECT_ADD 30331244,37667577,68.000000,62 
OBJECT_ADD 30328196,37667519,68.000000,62 
OBJECT_ADD 30313273,37676822,68.000000,62 
OBJECT_ADD 30325444,37683820,25.000000,63 
OBJECT_ADD 30341814,37634191,14.000000,63 
OBJECT_ADD 30334629,37634787,91.000000,63 
OBJECT_ADD 30313871,37648173,68.000000,62 
OBJECT_ADD 30356035,37684550,68.000000,62 
OBJECT_ADD 30313733,37646018,68.000000,62 
OBJECT_ADD 30357686,37683095,68.000000,62 
OBJECT_ADD 30308596,37662694,68.000000,62 
OBJECT_ADD 30347768,37617486,68.000000,62 
OBJECT_ADD 30311875,37665933,68.000000,62 
OBJECT_ADD 30330400,37665888,68.000000,62 
OBJECT_ADD 30316301,37649399,68.000000,62 
OBJECT_ADD 30380173,37618049,68.000000,62 
OBJECT_ADD 30380258,37617384,68.000000,62 
OBJECT_ADD 30369955,37624565,68.000000,62 
OBJECT_ADD 30320154,37647427,68.000000,62 
OBJECT_ADD 30327871,37650374,25.000000,63 
OBJECT_ADD 30327312,37652072,14.000000,63 
OBJECT_ADD 30326962,37652178,91.000000,63 
OBJECT_ADD 30372516,37682609,68.000000,62 
OBJECT_ADD 30381363,37647710,68.000000,62 
OBJECT_ADD 30377694,37652736,68.000000,62 
OBJECT_ADD 30380987,37654560,68.000000,62 
OBJECT_ADD 30378451,37657878,68.000000,62 
OBJECT_ADD 30364868,37671879,68.000000,62 
OBJECT_ADD 30368739,37628084,68.000000,62 
OBJECT_ADD 30354075,37657322,68.000000,62 
OBJECT_ADD 30369915,37647974,68.000000,62 
OBJECT_ADD 30370971,37646542,68.000000,62 
OBJECT_ADD 30327254,37668052,68.000000,62 
OBJECT_ADD 30348997,37614922,68.000000,62 
OBJECT_ADD 30313794,37662143,68.000000,62 
OBJECT_ADD 30322708,37656629,25.000000,63 
OBJECT_ADD 30323965,37636770,14.000000,63 
OBJECT_ADD 30325292,37635598,91.000000,63 
