OBJECT_ADD 36116344,31312014,0.000000,62 
OBJECT_ADD 36137447,31298045,0.000000,62 
OBJECT_ADD 36165255,31288356,0.000000,62 
OBJECT_ADD 36151853,31270719,0.000000,62 
OBJECT_ADD 36144029,31287733,0.000000,62 
OBJECT_ADD 36146777,31300341,0.000000,62 
OBJECT_ADD 36153824,31296527,0.000000,62 
OBJECT_ADD 36146198,31295512,0.000000,62 
OBJECT_ADD 36140298,31291944,0.000000,62 
OBJECT_ADD 36141614,31297686,0.000000,62 
OBJECT_ADD 36144087,31277654,0.000000,62 
OBJECT_ADD 36116171,31308604,0.000000,62 
OBJECT_ADD 36128307,31291867,0.000000,62 
OBJECT_ADD 36147858,31285280,121.000000,62 
OBJECT_ADD 36159071,31293249,121.000000,62 
OBJECT_ADD 36156768,31319879,98.000000,62 
OBJECT_ADD 36158631,31315811,98.000000,62 
OBJECT_ADD 36165749,31312732,98.000000,62 
OBJECT_ADD 36174780,31325389,55.000000,63 
OBJECT_ADD 36171006,31311087,121.000000,62 
OBJECT_ADD 36171376,31325389,121.000000,62 
OBJECT_ADD 36152456,31323230,121.000000,62 
OBJECT_ADD 36154621,31307745,98.000000,62 
OBJECT_ADD 36158113,31310915,98.000000,62 
OBJECT_ADD 36166408,31301671,98.000000,62 
OBJECT_ADD 36153155,31319471,121.000000,62 
OBJECT_ADD 36143389,31297915,121.000000,62 
OBJECT_ADD 36148880,31320986,121.000000,62 
OBJECT_ADD 36141484,31324069,121.000000,62 
OBJECT_ADD 36165397,31317127,121.000000,62 
OBJECT_ADD 36135288,31358963,-23.000000,62 
OBJECT_ADD 36093092,31363793,-23.000000,62 
OBJECT_ADD 36111814,31381607,-23.000000,62 
OBJECT_ADD 36120674,31382894,-23.000000,62 
OBJECT_ADD 36153737,31390469,-23.000000,62 
OBJECT_ADD 36150174,31387139,-23.000000,62 
OBJECT_ADD 36097704,31418868,-23.000000,62 
OBJECT_ADD 36125399,31378804,-23.000000,62 
OBJECT_ADD 36095609,31373307,-23.000000,62 
OBJECT_ADD 36145377,31394749,-23.000000,62 
OBJECT_ADD 36143567,31374440,-23.000000,62 
OBJECT_ADD 36129546,31369496,-23.000000,62 
OBJECT_ADD 36128777,31372935,-23.000000,62 
OBJECT_ADD 36102226,31416330,-66.000000,63 
OBJECT_ADD 36150902,31343679,-77.000000,63 
OBJECT_ADD 36110792,31343387,0.000000,63 
OBJECT_ADD 36097817,31391378,-23.000000,62 
OBJECT_ADD 36119826,31395606,-23.000000,62 
OBJECT_ADD 36140556,31357055,-23.000000,62 
OBJECT_ADD 36145056,31366101,-23.000000,62 
OBJECT_ADD 36137963,31375464,-23.000000,62 
OBJECT_ADD 36088718,31393309,-23.000000,62 
OBJECT_ADD 36096312,31397304,-23.000000,62 
OBJECT_ADD 36130264,31424783,-23.000000,62 
OBJECT_ADD 36128069,31416296,-23.000000,62 
OBJECT_ADD 36127067,31410204,-23.000000,62 
OBJECT_ADD 36154033,31396956,-23.000000,62 
OBJECT_ADD 36144517,31370712,-23.000000,62 
OBJECT_ADD 36093058,31395779,-23.000000,62 
OBJECT_ADD 36091774,31381177,-66.000000,63 
OBJECT_ADD 36109401,31357922,-77.000000,63 
OBJECT_ADD 36110467,31356367,0.000000,63 
OBJECT_ADD 36140885,31425222,0.000000,62 
OBJECT_ADD 36146607,31426213,0.000000,62 
OBJECT_ADD 36084519,31376654,0.000000,62 
OBJECT_ADD 36143859,31403724,0.000000,62 
OBJECT_ADD 36148547,31362091,0.000000,62 
OBJECT_ADD 36136121,31351603,0.000000,62 
OBJECT_ADD 36140867,31347090,0.000000,62 
OBJECT_ADD 36137327,31350633,0.000000,62 
OBJECT_ADD 36131582,31353941,0.000000,62 
OBJECT_ADD 36127046,31348686,0.000000,62 
OBJECT_ADD 36123120,31345102,0.000000,62 
OBJECT_ADD 36120900,31342776,0.000000,62 
OBJECT_ADD 36145380,31358753,0.000000,62 
OBJECT_ADD 36142089,31422772,0.000000,62 
OBJECT_ADD 36153725,31384384,0.000000,62 
OBJECT_ADD 36152107,31401370,0.000000,62 
OBJECT_ADD 36163275,31420329,0.000000,62 
OBJECT_ADD 36159674,31422874,0.000000,62 
OBJECT_ADD 36156309,31425497,0.000000,62 
OBJECT_ADD 36148952,31419208,0.000000,62 
OBJECT_ADD 36148223,31411207,0.000000,62 
OBJECT_ADD 36141367,31416514,0.000000,62 
OBJECT_ADD 36088728,31384809,0.000000,62 
OBJECT_ADD 36138522,31359657,0.000000,62 
OBJECT_ADD 36134731,31363447,0.000000,62 
OBJECT_ADD 36125371,31369258,0.000000,62 
OBJECT_ADD 36123300,31371449,0.000000,62 
OBJECT_ADD 36119796,31374327,0.000000,62 
OBJECT_ADD 36113135,31373863,0.000000,62 
OBJECT_ADD 36143131,31412612,0.000000,62 
OBJECT_ADD 36140017,31331324,121.000000,62 
OBJECT_ADD 36146394,31338721,121.000000,62 
OBJECT_ADD 36149583,31345282,121.000000,62 
OBJECT_ADD 36149730,31336796,121.000000,62 
OBJECT_ADD 36173012,31362564,121.000000,62 
OBJECT_ADD 36163531,31337526,121.000000,62 
OBJECT_ADD 36152616,31341176,121.000000,62 
OBJECT_ADD 36151896,31348121,121.000000,62 
OBJECT_ADD 36146534,31346178,121.000000,62 
OBJECT_ADD 36145674,31348800,121.000000,62 
OBJECT_ADD 36152758,31351640,121.000000,62 
OBJECT_ADD 36153636,31346286,121.000000,62 
OBJECT_ADD 36167808,31338416,121.000000,62 
OBJECT_ADD 36159590,31335313,121.000000,62 
OBJECT_ADD 36172659,31338501,121.000000,62 
OBJECT_ADD 36168867,31359889,121.000000,62 
OBJECT_ADD 36170217,31341860,121.000000,62 
OBJECT_ADD 36175712,31340932,121.000000,62 
OBJECT_ADD 36174750,31342413,121.000000,62 
OBJECT_ADD 36158998,31328027,121.000000,62 
OBJECT_ADD 36154812,31335351,121.000000,62 
OBJECT_ADD 36144097,31335484,121.000000,62 
OBJECT_ADD 36137769,31328698,121.000000,62 
OBJECT_ADD 36103869,31444684,0.000000,62 
OBJECT_ADD 36153601,31428913,0.000000,62 
OBJECT_ADD 36139895,31427846,0.000000,62 
OBJECT_ADD 36151912,31451855,0.000000,62 
OBJECT_ADD 36145502,31455106,0.000000,62 
OBJECT_ADD 36135949,31455604,0.000000,62 
OBJECT_ADD 36130719,31451925,0.000000,62 
OBJECT_ADD 36136545,31453867,0.000000,62 
OBJECT_ADD 36126093,31447940,-23.000000,62 
OBJECT_ADD 36156430,31437884,-23.000000,62 
OBJECT_ADD 36157417,31445899,-23.000000,62 
OBJECT_ADD 36161274,31448060,-23.000000,62 
OBJECT_ADD 36164928,31443584,-23.000000,62 
OBJECT_ADD 36171341,31442281,-23.000000,62 
OBJECT_ADD 36153988,31453244,-66.000000,63 
OBJECT_ADD 36165100,31442758,-77.000000,63 
OBJECT_ADD 36193121,31315485,98.000000,62 
OBJECT_ADD 36211370,31295344,121.000000,62 
OBJECT_ADD 36212602,31288195,121.000000,62 
OBJECT_ADD 36213592,31283861,121.000000,62 
OBJECT_ADD 36213069,31279894,121.000000,62 
OBJECT_ADD 36246902,31309082,121.000000,62 
OBJECT_ADD 36247248,31313082,121.000000,62 
OBJECT_ADD 36231763,31316081,121.000000,62 
OBJECT_ADD 36224076,31315210,121.000000,62 
OBJECT_ADD 36223477,31321956,121.000000,62 
OBJECT_ADD 36176875,31309930,98.000000,62 
OBJECT_ADD 36192544,31282603,98.000000,62 
OBJECT_ADD 36182554,31295217,98.000000,62 
OBJECT_ADD 36228715,31290416,121.000000,62 
OBJECT_ADD 36198650,31325744,121.000000,62 
OBJECT_ADD 36235716,31314897,121.000000,62 
OBJECT_ADD 36182721,31326418,98.000000,62 
OBJECT_ADD 36218930,31345240,121.000000,62 
OBJECT_ADD 36220759,31347671,121.000000,62 
OBJECT_ADD 36178834,31327394,98.000000,62 
OBJECT_ADD 36190144,31327909,98.000000,62 
OBJECT_ADD 36184365,31326367,44.000000,63 
OBJECT_ADD 36195975,31330157,121.000000,63 
OBJECT_ADD 36194819,31326653,121.000000,62 
OBJECT_ADD 36185973,31335326,121.000000,62 
OBJECT_ADD 36180652,31331535,121.000000,62 
OBJECT_ADD 36201327,31342618,121.000000,62 
OBJECT_ADD 36205457,31352714,121.000000,62 
OBJECT_ADD 36189541,31356507,121.000000,62 
OBJECT_ADD 36218534,31392581,121.000000,62 
OBJECT_ADD 36225186,31371841,121.000000,62 
OBJECT_ADD 36233653,31374839,121.000000,62 
OBJECT_ADD 36242724,31381883,121.000000,62 
OBJECT_ADD 36204298,31349123,121.000000,62 
OBJECT_ADD 36214182,31374182,121.000000,62 
OBJECT_ADD 36216112,31377048,121.000000,62 
OBJECT_ADD 36209634,31371894,121.000000,62 
OBJECT_ADD 36255105,31346893,121.000000,62 
OBJECT_ADD 36252270,31327913,121.000000,62 
OBJECT_ADD 36243805,31361866,121.000000,62 
OBJECT_ADD 36258014,31330241,121.000000,62 
OBJECT_ADD 36175952,31442998,-23.000000,62 
OBJECT_ADD 36140827,31458069,0.000000,62 
OBJECT_ADD 36131157,31458093,0.000000,62 
OBJECT_ADD 36127107,31504489,0.000000,62 
OBJECT_ADD 36120320,31506623,0.000000,62 
OBJECT_ADD 36140609,31486645,0.000000,62 
OBJECT_ADD 36137745,31490639,0.000000,62 
OBJECT_ADD 36127327,31495451,0.000000,62 
OBJECT_ADD 36125782,31498846,0.000000,62 
OBJECT_ADD 36112610,31492261,0.000000,62 
OBJECT_ADD 36133317,31493203,0.000000,62 
OBJECT_ADD 36140507,31463136,0.000000,62 
OBJECT_ADD 36120941,31475406,0.000000,62 
OBJECT_ADD 36127353,31482210,0.000000,62 
OBJECT_ADD 36130564,31486304,0.000000,62 
OBJECT_ADD 36123713,31477321,0.000000,62 
OBJECT_ADD 36152091,31481354,0.000000,62 
OBJECT_ADD 36147458,31477277,0.000000,62 
OBJECT_ADD 36145176,31467904,0.000000,62 
OBJECT_ADD 36149875,31475964,0.000000,62 
OBJECT_ADD 36174144,31470698,0.000000,62 
OBJECT_ADD 36172400,31473304,0.000000,62 
OBJECT_ADD 36156372,31477900,0.000000,62 
OBJECT_ADD 36148150,31493171,0.000000,62 
OBJECT_ADD 36128658,31501812,0.000000,62 
OBJECT_ADD 36141841,31503984,0.000000,62 
OBJECT_ADD 36144651,31496622,0.000000,62 
OBJECT_ADD 36152146,31472882,0.000000,62 
OBJECT_ADD 36158108,31487768,-23.000000,62 
OBJECT_ADD 36125071,31459129,-23.000000,62 
OBJECT_ADD 36168287,31490005,-23.000000,62 
OBJECT_ADD 36155672,31467619,-23.000000,62 
OBJECT_ADD 36163105,31468960,-23.000000,62 
OBJECT_ADD 36169680,31470495,-23.000000,62 
OBJECT_ADD 36160515,31467342,0.000000,63 
OBJECT_ADD 36247965,31440669,-23.000000,62 
OBJECT_ADD 36222744,31452352,-23.000000,62 
OBJECT_ADD 36223723,31448516,-23.000000,62 
OBJECT_ADD 36228557,31417338,-23.000000,62 
OBJECT_ADD 36230266,31421058,-23.000000,62 
OBJECT_ADD 36227215,31413268,-23.000000,62 
OBJECT_ADD 36223406,31396631,-23.000000,62 
OBJECT_ADD 36233726,31416486,-23.000000,62 
OBJECT_ADD 36230645,31398967,-23.000000,62 
OBJECT_ADD 36211525,31427784,-23.000000,62 
OBJECT_ADD 36212099,31417676,-23.000000,62 
OBJECT_ADD 36212951,31410194,-23.000000,62 
OBJECT_ADD 36234169,31446578,-23.000000,62 
OBJECT_ADD 36210106,31424485,-66.000000,63 
OBJECT_ADD 36218678,31400399,-77.000000,63 
OBJECT_ADD 36212505,31407399,0.000000,63 
OBJECT_ADD 36245148,31376621,0.000000,62 
OBJECT_ADD 36242431,31375929,0.000000,62 
OBJECT_ADD 36240121,31381262,0.000000,62 
OBJECT_ADD 36171581,31416464,0.000000,62 
OBJECT_ADD 36192142,31412828,0.000000,62 
OBJECT_ADD 36180866,31425551,0.000000,62 
OBJECT_ADD 36203545,31485789,0.000000,62 
OBJECT_ADD 36210851,31423756,0.000000,62 
OBJECT_ADD 36202860,31481458,0.000000,62 
OBJECT_ADD 36194365,31459763,0.000000,62 
OBJECT_ADD 36212878,31404213,0.000000,62 
OBJECT_ADD 36202246,31432252,0.000000,62 
OBJECT_ADD 36252384,31349869,0.000000,62 
OBJECT_ADD 36084556,31581101,15030.000000,62 
OBJECT_ADD 36082958,31576508,15030.000000,62 
OBJECT_ADD 36081604,31572895,15030.000000,62 
OBJECT_ADD 36075441,31566750,15030.000000,62 
OBJECT_ADD 36073305,31563287,15030.000000,62 
OBJECT_ADD 36014967,31553228,15007.000000,62 
OBJECT_ADD 36006717,31548947,15007.000000,62 
OBJECT_ADD 36010964,31551723,14953.000000,63 
OBJECT_ADD 36003665,31543569,15030.000000,63 
OBJECT_ADD 35999610,31541945,15030.000000,62 
OBJECT_ADD 36015037,31545631,15030.000000,62 
OBJECT_ADD 36021079,31551529,15030.000000,62 
OBJECT_ADD 36018087,31547775,15030.000000,62 
OBJECT_ADD 36041872,31553496,15030.000000,62 
OBJECT_ADD 36039359,31551505,15030.000000,62 
OBJECT_ADD 36036278,31556470,15030.000000,62 
OBJECT_ADD 36041885,31550689,15030.000000,62 
OBJECT_ADD 36025537,31534963,15030.000000,62 
OBJECT_ADD 36021561,31539991,15030.000000,62 
OBJECT_ADD 36032127,31580289,15030.000000,62 
OBJECT_ADD 36062032,31586489,15030.000000,62 
OBJECT_ADD 36058306,31587555,15030.000000,62 
OBJECT_ADD 35991907,31539136,15030.000000,62 
OBJECT_ADD 36060319,31580123,15030.000000,62 
OBJECT_ADD 36058653,31582618,15030.000000,62 
OBJECT_ADD 36058477,31575687,15030.000000,62 
OBJECT_ADD 36055070,31575728,15030.000000,62 
OBJECT_ADD 35947354,31586278,15030.000000,62 
OBJECT_ADD 35948354,31581236,15030.000000,62 
OBJECT_ADD 35944392,31579749,15030.000000,62 
OBJECT_ADD 35942413,31575926,15030.000000,62 
OBJECT_ADD 35938719,31573629,15030.000000,62 
OBJECT_ADD 35968740,31568935,15030.000000,62 
OBJECT_ADD 35964376,31566728,15030.000000,62 
OBJECT_ADD 35954619,31566495,15030.000000,62 
OBJECT_ADD 35962438,31564844,15030.000000,62 
OBJECT_ADD 35962353,31558781,15030.000000,62 
OBJECT_ADD 35953301,31562917,15030.000000,62 
OBJECT_ADD 35956565,31556221,15030.000000,62 
OBJECT_ADD 35945887,31563310,15030.000000,62 
OBJECT_ADD 35948840,31557589,15030.000000,62 
OBJECT_ADD 36055846,31570315,15030.000000,62 
OBJECT_ADD 36027407,31555801,15030.000000,62 
OBJECT_ADD 36043860,31572779,15030.000000,62 
OBJECT_ADD 36041915,31569407,15030.000000,62 
OBJECT_ADD 36017660,31556604,15007.000000,62 
OBJECT_ADD 36006823,31562225,15007.000000,62 
OBJECT_ADD 36027951,31585655,15007.000000,62 
OBJECT_ADD 36014519,31576517,15007.000000,62 
OBJECT_ADD 36003242,31558759,15007.000000,62 
OBJECT_ADD 35989510,31570413,15007.000000,62 
OBJECT_ADD 35996122,31556242,15007.000000,62 
OBJECT_ADD 35994999,31573082,15007.000000,62 
OBJECT_ADD 36011142,31582256,15007.000000,62 
OBJECT_ADD 36020604,31563792,15007.000000,62 
OBJECT_ADD 36023966,31553907,14964.000000,63 
OBJECT_ADD 36016647,31567546,15030.000000,62 
OBJECT_ADD 36029235,31564370,15030.000000,62 
OBJECT_ADD 36023494,31558550,15030.000000,62 
OBJECT_ADD 36026197,31561558,15030.000000,62 
OBJECT_ADD 36038334,31570490,15030.000000,62 
OBJECT_ADD 36034272,31558731,15030.000000,62 
OBJECT_ADD 35986390,31566273,15030.000000,62 
OBJECT_ADD 35982476,31563320,15030.000000,62 
OBJECT_ADD 35978387,31558974,15030.000000,62 
OBJECT_ADD 35972994,31557387,15030.000000,62 
OBJECT_ADD 36031535,31586380,15030.000000,62 
OBJECT_ADD 36034268,31578110,15030.000000,62 
OBJECT_ADD 36033620,31572877,15030.000000,62 
OBJECT_ADD 36035281,31564805,15030.000000,62 
OBJECT_ADD 36022748,31571008,15030.000000,62 
OBJECT_ADD 36025483,31588935,15007.000000,62 
OBJECT_ADD 36031002,31591251,15030.000000,62 
OBJECT_ADD 36044886,31553305,15030.000000,62 
OBJECT_ADD 36045312,31549906,15030.000000,62 
OBJECT_ADD 36120955,31528951,-89.000000,62 
OBJECT_ADD 36125529,31525415,-89.000000,62 
OBJECT_ADD 36126503,31515586,-89.000000,62 
OBJECT_ADD 36125553,31533184,-89.000000,62 
OBJECT_ADD 36159318,31554768,-89.000000,62 
OBJECT_ADD 36149591,31555740,-112.000000,62 
OBJECT_ADD 36138961,31561462,-112.000000,62 
OBJECT_ADD 36143402,31552924,-112.000000,62 
OBJECT_ADD 36134735,31558579,-112.000000,62 
OBJECT_ADD 36128895,31556914,-112.000000,62 
OBJECT_ADD 36138875,31548318,-112.000000,62 
OBJECT_ADD 36156963,31553857,-155.000000,63 
OBJECT_ADD 36143109,31552543,-166.000000,63 
OBJECT_ADD 36133575,31544020,-89.000000,63 
OBJECT_ADD 36131361,31542162,-89.000000,62 
OBJECT_ADD 36146383,31545232,-89.000000,62 
OBJECT_ADD 36154131,31558407,-89.000000,62 
OBJECT_ADD 36157604,31561639,-89.000000,62 
OBJECT_ADD 36152387,31551586,-89.000000,62 
OBJECT_ADD 36148955,31547760,-89.000000,62 
OBJECT_ADD 36173895,31552262,-89.000000,62 
OBJECT_ADD 36169349,31551693,-89.000000,62 
OBJECT_ADD 36171356,31549561,-89.000000,62 
OBJECT_ADD 36173708,31549408,-89.000000,62 
OBJECT_ADD 36157249,31533965,-89.000000,62 
OBJECT_ADD 36154561,31538017,-89.000000,62 
OBJECT_ADD 36150117,31541507,-89.000000,62 
OBJECT_ADD 36164994,31557892,-89.000000,62 
OBJECT_ADD 36114194,31562135,-89.000000,62 
OBJECT_ADD 36136297,31532882,-89.000000,62 
OBJECT_ADD 36119194,31538349,-89.000000,62 
OBJECT_ADD 36123120,31538536,-89.000000,62 
OBJECT_ADD 36123087,31497326,-89.000000,62 
OBJECT_ADD 36137453,31506695,-89.000000,62 
OBJECT_ADD 36134746,31496008,-89.000000,62 
OBJECT_ADD 36137316,31482220,-89.000000,62 
OBJECT_ADD 36129644,31491921,-89.000000,62 
OBJECT_ADD 36139350,31526194,-89.000000,62 
OBJECT_ADD 36124194,31509529,-89.000000,62 
OBJECT_ADD 36131568,31536927,-89.000000,62 
OBJECT_ADD 36126851,31528133,-89.000000,62 
OBJECT_ADD 36120126,31522903,-89.000000,62 
OBJECT_ADD 36051629,31569785,15030.000000,62 
OBJECT_ADD 36054312,31566507,15030.000000,62 
OBJECT_ADD 36050398,31561742,15030.000000,62 
OBJECT_ADD 36048298,31566030,15030.000000,62 
OBJECT_ADD 36046295,31562192,15030.000000,62 
OBJECT_ADD 36048594,31558293,15030.000000,62 
OBJECT_ADD 36101272,31564916,-89.000000,62 
OBJECT_ADD 36109680,31560354,-89.000000,62 
OBJECT_ADD 36106501,31556876,-89.000000,62 
OBJECT_ADD 36096553,31563016,-89.000000,62 
OBJECT_ADD 36095438,31557359,-89.000000,62 
OBJECT_ADD 36090049,31553499,-89.000000,62 
OBJECT_ADD 36082703,31553422,-89.000000,62 
OBJECT_ADD 36085908,31540540,-89.000000,62 
OBJECT_ADD 36096838,31537268,-89.000000,62 
OBJECT_ADD 36104633,31533260,-89.000000,62 
OBJECT_ADD 36071695,31556471,-89.000000,62 
OBJECT_ADD 36074479,31550325,-89.000000,62 
OBJECT_ADD 36174065,31568124,-89.000000,62 
OBJECT_ADD 36160387,31584608,-112.000000,62 
OBJECT_ADD 36157977,31587934,-112.000000,62 
OBJECT_ADD 36146798,31575703,-112.000000,62 
OBJECT_ADD 36121704,31570040,-112.000000,62 
OBJECT_ADD 36127225,31572615,-112.000000,62 
OBJECT_ADD 36141755,31581871,-112.000000,62 
OBJECT_ADD 36153487,31562585,-112.000000,62 
OBJECT_ADD 36151123,31565411,-89.000000,62 
OBJECT_ADD 36159747,31564598,-89.000000,62 
OBJECT_ADD 36169145,31569386,-89.000000,62 
OBJECT_ADD 36117378,31566295,-89.000000,62 
OBJECT_ADD 36162113,31579692,-89.000000,62 
OBJECT_ADD 36166255,31574621,-89.000000,62 
OBJECT_ADD 36165722,31569294,-89.000000,62 
OBJECT_ADD 36165441,31563680,-89.000000,62 
OBJECT_ADD 36154499,31570027,-89.000000,62 
OBJECT_ADD 36224052,31589748,-89.000000,62 
OBJECT_ADD 36182253,31560183,-89.000000,62 
OBJECT_ADD 36178315,31560836,-89.000000,62 
OBJECT_ADD 36178469,31556840,-89.000000,62 
OBJECT_ADD 36176966,31551897,-89.000000,62 
OBJECT_ADD 36177194,31548565,-89.000000,62 
OBJECT_ADD 36174295,31570913,-89.000000,62 
OBJECT_ADD 36183853,31568333,-89.000000,62 
OBJECT_ADD 36186951,31565104,-89.000000,62 
OBJECT_ADD 36180480,31564761,-89.000000,62 
OBJECT_ADD 36090231,31559502,0.000000,62 
OBJECT_ADD 36074873,31555275,0.000000,62 
OBJECT_ADD 36060382,31557475,0.000000,62 
OBJECT_ADD 36084669,31559037,0.000000,62 
OBJECT_ADD 36078785,31558554,0.000000,62 
OBJECT_ADD 36043060,31540119,0.000000,62 
OBJECT_ADD 36044492,31544876,0.000000,62 
OBJECT_ADD 36050782,31542563,0.000000,62 
OBJECT_ADD 36048051,31545126,0.000000,62 
OBJECT_ADD 36064487,31569581,0.000000,62 
OBJECT_ADD 36070518,31579951,0.000000,62 
OBJECT_ADD 36075052,31593073,0.000000,62 
OBJECT_ADD 36068392,31551890,0.000000,62 
OBJECT_ADD 36127512,31625687,-23.000000,62 
OBJECT_ADD 36175001,31608760,-23.000000,62 
OBJECT_ADD 36131798,31623074,-23.000000,62 
OBJECT_ADD 36160596,31600451,-23.000000,62 
OBJECT_ADD 36176480,31613577,-23.000000,62 
OBJECT_ADD 36173370,31612875,-66.000000,63 
OBJECT_ADD 36084885,31690261,86.000000,62 
OBJECT_ADD 36063838,31722693,86.000000,62 
OBJECT_ADD 36058752,31723182,86.000000,62 
OBJECT_ADD 36114390,31694385,86.000000,62 
OBJECT_ADD 36109642,31661694,86.000000,62 
OBJECT_ADD 36121005,31658732,86.000000,62 
OBJECT_ADD 36110531,31690766,86.000000,62 
OBJECT_ADD 36084332,31754469,86.000000,62 
OBJECT_ADD 36127016,31671036,86.000000,62 
OBJECT_ADD 36072147,31713664,86.000000,62 
OBJECT_ADD 36097758,31692099,86.000000,62 
OBJECT_ADD 36050027,31674479,86.000000,62 
OBJECT_ADD 36061813,31682642,32.000000,63 
OBJECT_ADD 36085367,31718792,109.000000,63 
OBJECT_ADD 36123520,31700191,86.000000,62 
OBJECT_ADD 36126781,31686545,86.000000,62 
OBJECT_ADD 36080603,31685030,86.000000,62 
OBJECT_ADD 36095171,31687296,86.000000,62 
OBJECT_ADD 36102509,31684836,86.000000,62 
OBJECT_ADD 36135108,31688772,86.000000,62 
OBJECT_ADD 36119358,31698661,86.000000,62 
OBJECT_ADD 36118490,31664963,86.000000,62 
OBJECT_ADD 36121842,31667909,86.000000,62 
OBJECT_ADD 36135151,31716862,86.000000,62 
OBJECT_ADD 36083740,31740478,43.000000,63 
OBJECT_ADD 36096689,31712459,32.000000,63 
OBJECT_ADD 36089571,31708987,109.000000,63 
OBJECT_ADD 36089483,31734530,109.000000,62 
OBJECT_ADD 36091300,31670012,109.000000,62 
OBJECT_ADD 36079637,31692169,109.000000,62 
OBJECT_ADD 36071603,31686452,109.000000,62 
OBJECT_ADD 36072681,31696134,109.000000,62 
OBJECT_ADD 36077013,31702100,109.000000,62 
OBJECT_ADD 36081657,31705825,109.000000,62 
OBJECT_ADD 36084391,31712617,109.000000,62 
OBJECT_ADD 36068648,31690343,109.000000,62 
OBJECT_ADD 36083784,31672373,109.000000,62 
OBJECT_ADD 36105701,31663925,109.000000,62 
OBJECT_ADD 36120922,31655066,109.000000,62 
OBJECT_ADD 36126851,31724660,109.000000,62 
OBJECT_ADD 36074083,31682293,109.000000,62 
OBJECT_ADD 36090690,31685131,109.000000,62 
OBJECT_ADD 36102442,31696209,109.000000,62 
OBJECT_ADD 36092880,31692987,109.000000,62 
OBJECT_ADD 36106078,31698474,109.000000,62 
OBJECT_ADD 36109621,31703802,109.000000,62 
OBJECT_ADD 36108171,31633585,0.000000,62 
OBJECT_ADD 36086900,31646867,0.000000,62 
OBJECT_ADD 36081355,31641525,0.000000,62 
OBJECT_ADD 36084327,31641258,0.000000,62 
OBJECT_ADD 36104717,31639221,0.000000,62 
OBJECT_ADD 36099692,31629448,0.000000,62 
OBJECT_ADD 36092433,31625977,0.000000,62 
OBJECT_ADD 36089110,31626071,0.000000,62 
OBJECT_ADD 36084153,31625803,0.000000,62 
OBJECT_ADD 36077309,31623721,0.000000,62 
OBJECT_ADD 36070363,31616129,0.000000,62 
OBJECT_ADD 36074893,31627821,0.000000,62 
OBJECT_ADD 36055858,31647621,0.000000,62 
OBJECT_ADD 36060821,31716064,0.000000,62 
OBJECT_ADD 36058712,31711842,0.000000,62 
OBJECT_ADD 36056732,31707858,0.000000,62 
OBJECT_ADD 36053647,31704379,0.000000,62 
OBJECT_ADD 36052928,31699375,0.000000,62 
OBJECT_ADD 36042857,31703781,0.000000,62 
OBJECT_ADD 36040913,31700441,0.000000,62 
OBJECT_ADD 36047499,31687507,0.000000,62 
OBJECT_ADD 36032806,31688770,0.000000,62 
OBJECT_ADD 36045449,31681612,0.000000,62 
OBJECT_ADD 36038302,31683013,0.000000,62 
OBJECT_ADD 36043860,31676464,0.000000,62 
OBJECT_ADD 36059524,31660601,0.000000,62 
OBJECT_ADD 36097688,31627425,0.000000,62 
OBJECT_ADD 36070268,31653325,0.000000,62 
OBJECT_ADD 36062794,31659311,0.000000,62 
OBJECT_ADD 36116484,31713053,0.000000,62 
OBJECT_ADD 36075410,31688200,0.000000,62 
OBJECT_ADD 36061435,31689099,0.000000,62 
OBJECT_ADD 36032685,31696420,0.000000,62 
OBJECT_ADD 36053398,31780698,0.000000,62 
OBJECT_ADD 36076898,31753636,0.000000,62 
OBJECT_ADD 36087945,31756205,0.000000,62 
OBJECT_ADD 36075680,31725399,0.000000,62 
OBJECT_ADD 36056006,31637494,0.000000,62 
OBJECT_ADD 36063477,31671021,0.000000,62 
OBJECT_ADD 36144827,31666925,86.000000,62 
OBJECT_ADD 36151628,31701522,43.000000,63 
OBJECT_ADD 36155672,31663565,86.000000,62 
OBJECT_ADD 36143180,31677097,86.000000,62 
OBJECT_ADD 36137747,31680028,86.000000,62 
OBJECT_ADD 36152610,31668304,109.000000,62 
OBJECT_ADD 36127062,31659330,109.000000,62 
OBJECT_ADD 36126152,31666261,109.000000,62 
OBJECT_ADD 36128636,31641889,109.000000,62 
OBJECT_ADD 36177900,31690739,109.000000,62 
OBJECT_ADD 36123931,31630661,109.000000,62 
OBJECT_ADD 36135117,31638351,109.000000,62 
OBJECT_ADD 36180495,31637918,109.000000,62 
OBJECT_ADD 36147240,31619629,109.000000,62 
OBJECT_ADD 36129183,31638084,109.000000,62 
OBJECT_ADD 36139401,31656878,109.000000,62 
OBJECT_ADD 36126167,31647785,109.000000,62 
OBJECT_ADD 36126330,31680980,109.000000,62 
OBJECT_ADD 36134908,31670472,109.000000,62 
OBJECT_ADD 36133276,31674454,109.000000,62 
OBJECT_ADD 36142813,31682510,109.000000,62 
OBJECT_ADD 36117359,31618991,109.000000,62 
OBJECT_ADD 36131330,31687616,109.000000,62 
OBJECT_ADD 36048671,31695285,109.000000,62 
OBJECT_ADD 36063619,31700743,109.000000,62 
OBJECT_ADD 36185673,31572196,-23.000000,62 
OBJECT_ADD 36176926,31586832,-23.000000,62 
OBJECT_ADD 36188180,31577491,-23.000000,62 
OBJECT_ADD 36190416,31584658,-23.000000,62 
OBJECT_ADD 36187773,31608678,-23.000000,62 
OBJECT_ADD 36193576,31589602,-23.000000,62 
OBJECT_ADD 36189820,31591656,-23.000000,62 
OBJECT_ADD 36152702,31616470,-23.000000,62 
OBJECT_ADD 36129566,31623738,-77.000000,63 
OBJECT_ADD 36125487,31626626,0.000000,63 
OBJECT_ADD 36266961,31166118,-23.000000,62 
OBJECT_ADD 36251029,31182248,-23.000000,62 
OBJECT_ADD 36251043,31179839,-23.000000,62 
OBJECT_ADD 36230556,31160340,-23.000000,62 
OBJECT_ADD 36246642,31172191,-23.000000,62 
OBJECT_ADD 36222116,31162361,-23.000000,62 
OBJECT_ADD 36248424,31149925,-23.000000,62 
OBJECT_ADD 36248907,31146759,-23.000000,62 
OBJECT_ADD 36211735,31165022,-23.000000,62 
OBJECT_ADD 36256795,31166729,-23.000000,62 
OBJECT_ADD 36226878,31144312,-23.000000,62 
OBJECT_ADD 36229479,31147312,-23.000000,62 
OBJECT_ADD 36256161,31162053,-23.000000,62 
OBJECT_ADD 36274005,31159091,-66.000000,63 
OBJECT_ADD 36230215,31160234,-77.000000,63 
OBJECT_ADD 36204802,31151265,0.000000,63 
OBJECT_ADD 36219271,31187106,0.000000,62 
OBJECT_ADD 36231967,31185174,0.000000,62 
OBJECT_ADD 36234507,31188715,0.000000,62 
OBJECT_ADD 36229794,31189650,0.000000,62 
OBJECT_ADD 36276274,31155590,0.000000,62 
OBJECT_ADD 36277618,31152737,0.000000,62 
OBJECT_ADD 36278519,31150505,0.000000,62 
OBJECT_ADD 36265976,31146912,0.000000,62 
OBJECT_ADD 36265095,31143780,0.000000,62 
OBJECT_ADD 36269423,31146577,0.000000,62 
OBJECT_ADD 36215379,31168166,0.000000,62 
OBJECT_ADD 36210199,31170057,0.000000,62 
OBJECT_ADD 36232331,31134196,0.000000,62 
OBJECT_ADD 36236412,31136784,-23.000000,62 
OBJECT_ADD 36234670,31181621,-23.000000,62 
OBJECT_ADD 36270040,31194495,-23.000000,62 
OBJECT_ADD 36277221,31192196,-23.000000,62 
OBJECT_ADD 36281657,31189767,-23.000000,62 
OBJECT_ADD 36281784,31159363,-23.000000,62 
OBJECT_ADD 36280718,31155777,-23.000000,62 
OBJECT_ADD 36285751,31164532,-23.000000,62 
OBJECT_ADD 36259891,31177849,-23.000000,62 
OBJECT_ADD 36267510,31187931,-23.000000,62 
OBJECT_ADD 36269237,31185330,-23.000000,62 
OBJECT_ADD 36269988,31180463,-23.000000,62 
OBJECT_ADD 36280758,31179972,-23.000000,62 
OBJECT_ADD 36275274,31146976,0.000000,63 
OBJECT_ADD 36203958,31125870,-23.000000,62 
OBJECT_ADD 36205866,31106855,-23.000000,62 
OBJECT_ADD 36209105,31102021,-23.000000,62 
OBJECT_ADD 36213982,31104509,-23.000000,62 
OBJECT_ADD 36202867,31136605,-23.000000,62 
OBJECT_ADD 36211050,31133822,-23.000000,62 
OBJECT_ADD 36218297,31137932,-23.000000,62 
OBJECT_ADD 36184895,31121983,-23.000000,62 
OBJECT_ADD 36191116,31124336,-23.000000,62 
OBJECT_ADD 36225498,31122554,-23.000000,62 
OBJECT_ADD 36225703,31126905,-23.000000,62 
OBJECT_ADD 36183094,31117316,-23.000000,62 
OBJECT_ADD 36194297,31127704,-23.000000,62 
OBJECT_ADD 36207400,31113309,-66.000000,63 
OBJECT_ADD 36213281,31081677,-77.000000,63 
OBJECT_ADD 36219386,31084761,0.000000,63 
OBJECT_ADD 36226749,31115832,0.000000,62 
OBJECT_ADD 36224479,31112185,0.000000,62 
OBJECT_ADD 36223787,31119753,0.000000,62 
OBJECT_ADD 36211097,31103612,0.000000,62 
OBJECT_ADD 36199230,31104617,0.000000,62 
OBJECT_ADD 36210267,31108636,0.000000,62 
OBJECT_ADD 36218316,31112828,0.000000,62 
OBJECT_ADD 36222033,31110875,0.000000,62 
OBJECT_ADD 36201635,31129888,0.000000,62 
OBJECT_ADD 36227266,31113025,0.000000,62 
OBJECT_ADD 36221544,31118380,0.000000,62 
OBJECT_ADD 36210810,31110070,0.000000,62 
OBJECT_ADD 36191621,31115246,0.000000,62 
OBJECT_ADD 36217317,31218422,-17.000000,62 
OBJECT_ADD 36202603,31209119,-17.000000,62 
OBJECT_ADD 36228110,31215936,-17.000000,62 
OBJECT_ADD 36198436,31212347,-17.000000,62 
OBJECT_ADD 36188545,31226980,-17.000000,62 
OBJECT_ADD 36198194,31230349,-17.000000,62 
OBJECT_ADD 36247329,31243951,-60.000000,63 
OBJECT_ADD 36207691,31272223,6.000000,63 
OBJECT_ADD 36193472,31229638,-17.000000,62 
OBJECT_ADD 36272083,31236508,-17.000000,62 
OBJECT_ADD 36273137,31232669,-17.000000,62 
OBJECT_ADD 36268399,31240382,-17.000000,62 
OBJECT_ADD 36268955,31234040,-17.000000,62 
OBJECT_ADD 36206964,31234775,-17.000000,62 
OBJECT_ADD 36259094,31240007,-17.000000,62 
OBJECT_ADD 36196998,31243343,-17.000000,62 
OBJECT_ADD 36218556,31243061,-17.000000,62 
OBJECT_ADD 36195634,31233392,-17.000000,62 
OBJECT_ADD 36201528,31236023,-17.000000,62 
OBJECT_ADD 36207054,31238471,-17.000000,62 
OBJECT_ADD 36266193,31236889,-17.000000,62 
OBJECT_ADD 36264038,31233609,-17.000000,62 
OBJECT_ADD 36265650,31224713,-17.000000,62 
OBJECT_ADD 36263478,31221450,-17.000000,62 
OBJECT_ADD 36205411,31203879,-17.000000,62 
OBJECT_ADD 36257817,31232854,-17.000000,62 
OBJECT_ADD 36250604,31232539,-17.000000,62 
OBJECT_ADD 36246229,31218764,-17.000000,62 
OBJECT_ADD 36242397,31227870,-17.000000,62 
OBJECT_ADD 36238518,31250097,-17.000000,62 
OBJECT_ADD 36249708,31244889,-17.000000,62 
OBJECT_ADD 36249856,31240669,-17.000000,62 
OBJECT_ADD 36245350,31242675,-17.000000,62 
OBJECT_ADD 36245789,31232043,-60.000000,63 
OBJECT_ADD 36196349,31228258,-71.000000,63 
OBJECT_ADD 36184925,31211595,-17.000000,62 
OBJECT_ADD 36239465,31238974,-17.000000,62 
OBJECT_ADD 36225027,31201353,-17.000000,62 
OBJECT_ADD 36235757,31236571,-17.000000,62 
OBJECT_ADD 36236439,31245381,-17.000000,62 
OBJECT_ADD 36205354,31203959,-17.000000,62 
OBJECT_ADD 36234245,31241028,-17.000000,62 
OBJECT_ADD 36232172,31237891,-17.000000,62 
OBJECT_ADD 36238311,31234988,-17.000000,62 
OBJECT_ADD 36230235,31224643,-60.000000,63 
OBJECT_ADD 36188429,31205930,-71.000000,63 
OBJECT_ADD 36204648,31213221,6.000000,63 
OBJECT_ADD 36254267,31248882,-17.000000,62 
OBJECT_ADD 36258358,31252675,-17.000000,62 
OBJECT_ADD 36248150,31255993,-17.000000,62 
OBJECT_ADD 36258257,31228286,-17.000000,62 
OBJECT_ADD 36265316,31208096,-17.000000,62 
OBJECT_ADD 36265066,31202697,-17.000000,62 
OBJECT_ADD 36241579,31231398,-17.000000,62 
OBJECT_ADD 36239611,31228300,-17.000000,62 
OBJECT_ADD 36259219,31218550,-17.000000,62 
OBJECT_ADD 36262654,31216386,-17.000000,62 
OBJECT_ADD 36260450,31213484,-17.000000,62 
OBJECT_ADD 36257975,31226979,-17.000000,62 
OBJECT_ADD 36256781,31215087,-17.000000,62 
OBJECT_ADD 36251416,31184955,-60.000000,63 
OBJECT_ADD 36258418,31196530,-71.000000,63 
OBJECT_ADD 36257177,31215903,6.000000,63 
OBJECT_ADD 36172017,31200279,-17.000000,62 
OBJECT_ADD 36177523,31208149,-17.000000,62 
OBJECT_ADD 36188044,31208466,-17.000000,62 
OBJECT_ADD 36195382,31208168,-17.000000,62 
OBJECT_ADD 36221100,31246346,-17.000000,62 
OBJECT_ADD 36228164,31247720,-17.000000,62 
OBJECT_ADD 36228053,31243135,-17.000000,62 
OBJECT_ADD 36185362,31239308,-17.000000,62 
OBJECT_ADD 36184223,31242304,-17.000000,62 
OBJECT_ADD 36223292,31242251,-17.000000,62 
OBJECT_ADD 36212795,31240842,-17.000000,62 
OBJECT_ADD 36183812,31225758,-17.000000,62 
OBJECT_ADD 36236127,31226711,-17.000000,62 
OBJECT_ADD 36212401,31236092,-17.000000,62 
OBJECT_ADD 36176580,31203624,-17.000000,62 
OBJECT_ADD 36177235,31198775,-17.000000,62 
OBJECT_ADD 36190574,31204654,-17.000000,62 
OBJECT_ADD 36215374,31233091,-17.000000,62 
OBJECT_ADD 36212095,31232229,-17.000000,62 
OBJECT_ADD 36239964,31217098,-17.000000,62 
OBJECT_ADD 36229330,31202834,-17.000000,62 
OBJECT_ADD 36220811,31203556,-17.000000,62 
OBJECT_ADD 36220196,31199849,-17.000000,62 
OBJECT_ADD 36238314,31224350,-17.000000,62 
OBJECT_ADD 36189942,31211709,-17.000000,62 
OBJECT_ADD 36211434,31231922,-60.000000,63 
OBJECT_ADD 36213307,31197091,-71.000000,63 
OBJECT_ADD 36232874,31216173,6.000000,63 
OBJECT_ADD 35836103,31266881,-23.000000,62 
OBJECT_ADD 35836574,31264030,-23.000000,62 
OBJECT_ADD 35831641,31260906,-23.000000,62 
OBJECT_ADD 35843770,31260606,-23.000000,62 
OBJECT_ADD 35827254,31263277,-23.000000,62 
OBJECT_ADD 35825451,31242704,-23.000000,62 
OBJECT_ADD 35829936,31201859,-23.000000,62 
OBJECT_ADD 35845031,31209412,-23.000000,62 
OBJECT_ADD 35843525,31212963,-23.000000,62 
OBJECT_ADD 35839588,31218206,-23.000000,62 
OBJECT_ADD 35838513,31239124,-23.000000,62 
OBJECT_ADD 35840946,31241880,-23.000000,62 
OBJECT_ADD 35839900,31224965,-23.000000,62 
OBJECT_ADD 35849800,31201658,-66.000000,63 
OBJECT_ADD 35811674,31237021,-77.000000,63 
OBJECT_ADD 35848499,31250040,0.000000,63 
OBJECT_ADD 35834510,31223946,0.000000,62 
OBJECT_ADD 35837380,31224915,0.000000,62 
OBJECT_ADD 35841067,31237983,0.000000,62 
OBJECT_ADD 35844569,31242009,0.000000,62 
OBJECT_ADD 35846066,31251129,0.000000,62 
OBJECT_ADD 35848607,31250319,0.000000,62 
OBJECT_ADD 35813779,31253807,0.000000,62 
OBJECT_ADD 35804752,31221019,0.000000,62 
OBJECT_ADD 35832944,31239807,0.000000,62 
OBJECT_ADD 35828340,31217278,0.000000,62 
OBJECT_ADD 35832349,31218232,0.000000,62 
OBJECT_ADD 35834464,31220152,0.000000,62 
OBJECT_ADD 35821353,31209900,0.000000,62 
