OBJECT_ADD 24487001,27915881,0.000000,62 
OBJECT_ADD 24482273,27962649,0.000000,62 
OBJECT_ADD 24477625,27955190,0.000000,62 
OBJECT_ADD 24474026,27958674,0.000000,62 
OBJECT_ADD 24472439,27964827,0.000000,62 
OBJECT_ADD 24469448,27955986,0.000000,62 
OBJECT_ADD 24480967,27958082,0.000000,62 
OBJECT_ADD 24486068,27956656,0.000000,62 
OBJECT_ADD 24491567,27948130,0.000000,62 
OBJECT_ADD 24523902,27955039,0.000000,62 
OBJECT_ADD 24469141,27945546,0.000000,62 
OBJECT_ADD 24502857,27959328,0.000000,62 
OBJECT_ADD 24508738,27956330,0.000000,62 
OBJECT_ADD 24504966,27944591,0.000000,62 
OBJECT_ADD 24491195,27952457,0.000000,62 
OBJECT_ADD 24501323,27953309,0.000000,62 
OBJECT_ADD 24498015,27932527,0.000000,62 
OBJECT_ADD 24502976,27939274,0.000000,62 
OBJECT_ADD 24472851,27982785,0.000000,62 
OBJECT_ADD 24467754,27980164,0.000000,62 
OBJECT_ADD 24475520,27989672,0.000000,62 
OBJECT_ADD 24480070,27991698,0.000000,62 
OBJECT_ADD 24486524,27993844,0.000000,62 
OBJECT_ADD 24505358,27980376,0.000000,62 
OBJECT_ADD 24506566,27997711,0.000000,62 
OBJECT_ADD 24494251,27998181,0.000000,62 
OBJECT_ADD 24501357,27997677,0.000000,62 
OBJECT_ADD 24496767,27952478,0.000000,62 
OBJECT_ADD 24491193,27957494,0.000000,62 
OBJECT_ADD 24496772,27956929,0.000000,62 
OBJECT_ADD 24495321,27945965,0.000000,62 
OBJECT_ADD 24487425,27944446,0.000000,62 
OBJECT_ADD 24490425,27941741,0.000000,62 
OBJECT_ADD 24498893,27948843,0.000000,62 
OBJECT_ADD 24486822,27948764,0.000000,62 
OBJECT_ADD 24496425,27924395,0.000000,62 
OBJECT_ADD 24489428,27923090,0.000000,62 
OBJECT_ADD 24483434,27926698,0.000000,62 
OBJECT_ADD 24494308,27926900,0.000000,62 
OBJECT_ADD 24503557,27925429,0.000000,62 
OBJECT_ADD 24509818,27932468,0.000000,62 
OBJECT_ADD 24485351,27918408,0.000000,62 
OBJECT_ADD 24483244,27972670,0.000000,62 
OBJECT_ADD 24504622,27962474,0.000000,62 
OBJECT_ADD 24609057,28007063,0.000000,62 
OBJECT_ADD 24607446,27989652,0.000000,62 
OBJECT_ADD 24607231,28028260,0.000000,62 
OBJECT_ADD 24585508,28030289,0.000000,62 
OBJECT_ADD 24603043,28019810,0.000000,62 
OBJECT_ADD 24592674,28031199,0.000000,62 
OBJECT_ADD 24605943,28013275,0.000000,62 
OBJECT_ADD 24566361,27979840,0.000000,62 
OBJECT_ADD 24578292,28016363,0.000000,62 
OBJECT_ADD 24568808,27987132,0.000000,62 
OBJECT_ADD 24566792,28039303,0.000000,62 
OBJECT_ADD 24570897,28017094,0.000000,62 
OBJECT_ADD 24570941,28038333,0.000000,62 
OBJECT_ADD 24574742,28035803,0.000000,62 
OBJECT_ADD 24579698,28029470,0.000000,62 
OBJECT_ADD 24566931,28015525,0.000000,62 
OBJECT_ADD 24574395,28017094,0.000000,62 
OBJECT_ADD 24573465,28011179,0.000000,62 
OBJECT_ADD 24570269,28009117,0.000000,62 
OBJECT_ADD 24582455,27996398,0.000000,62 
OBJECT_ADD 24593583,28009262,0.000000,62 
OBJECT_ADD 24517399,27975098,0.000000,62 
OBJECT_ADD 24522679,27977460,0.000000,62 
OBJECT_ADD 24525768,27979194,0.000000,62 
OBJECT_ADD 24543556,27962655,0.000000,62 
OBJECT_ADD 24540508,27964536,0.000000,62 
OBJECT_ADD 24537181,27961389,0.000000,62 
OBJECT_ADD 24535245,27965171,0.000000,62 
OBJECT_ADD 24532759,27967267,0.000000,62 
OBJECT_ADD 24520886,27960621,0.000000,62 
OBJECT_ADD 24554975,28016117,0.000000,62 
OBJECT_ADD 24568343,27964822,0.000000,62 
OBJECT_ADD 24526942,27973700,0.000000,62 
OBJECT_ADD 24537508,27991900,0.000000,62 
OBJECT_ADD 24548578,28019822,0.000000,62 
OBJECT_ADD 24546276,28018609,0.000000,62 
OBJECT_ADD 24522722,27950871,0.000000,62 
OBJECT_ADD 24523561,27983207,0.000000,62 
OBJECT_ADD 24527387,27955468,0.000000,62 
OBJECT_ADD 24549765,27987776,0.000000,62 
OBJECT_ADD 24535953,27957526,0.000000,62 
OBJECT_ADD 24544312,27967430,0.000000,62 
OBJECT_ADD 24552490,27987577,0.000000,62 
OBJECT_ADD 24539529,27971331,0.000000,62 
OBJECT_ADD 24547104,27998751,0.000000,62 
OBJECT_ADD 24513863,27991721,0.000000,62 
OBJECT_ADD 24510583,27990699,0.000000,62 
OBJECT_ADD 24558147,28000276,0.000000,62 
OBJECT_ADD 24547508,27995272,0.000000,62 
OBJECT_ADD 24518326,27970382,0.000000,62 
OBJECT_ADD 24515635,27965380,0.000000,62 
OBJECT_ADD 24546461,27977849,0.000000,62 
OBJECT_ADD 24557028,27988346,0.000000,62 
OBJECT_ADD 24551038,27979714,0.000000,62 
OBJECT_ADD 24545939,28015191,0.000000,62 
OBJECT_ADD 24547758,28011690,0.000000,62 
OBJECT_ADD 24521018,27966715,0.000000,62 
OBJECT_ADD 24550173,27998781,0.000000,62 
OBJECT_ADD 24549196,28008325,0.000000,62 
OBJECT_ADD 24541789,28007566,0.000000,62 
OBJECT_ADD 24538235,28006052,0.000000,62 
OBJECT_ADD 24517624,27993015,0.000000,62 
OBJECT_ADD 24552605,27962648,0.000000,62 
OBJECT_ADD 24556406,27993604,0.000000,62 
OBJECT_ADD 24550601,27990260,0.000000,62 
OBJECT_ADD 24563565,27967872,0.000000,62 
OBJECT_ADD 24560766,27968226,0.000000,62 
OBJECT_ADD 24564013,27964732,0.000000,62 
OBJECT_ADD 24547353,27963494,0.000000,62 
OBJECT_ADD 24518982,27948863,0.000000,62 
OBJECT_ADD 24510838,27938357,0.000000,62 
OBJECT_ADD 24513313,27945782,0.000000,62 
OBJECT_ADD 24528206,27963822,0.000000,62 
OBJECT_ADD 24517399,27956289,0.000000,62 
OBJECT_ADD 24511363,27947318,0.000000,62 
OBJECT_ADD 24574616,28047263,69.000000,62 
OBJECT_ADD 24580690,28021634,69.000000,62 
OBJECT_ADD 24582267,28025476,69.000000,62 
OBJECT_ADD 24577710,28032946,69.000000,62 
OBJECT_ADD 24581618,28046371,69.000000,62 
OBJECT_ADD 24612762,28010636,0.000000,62 
OBJECT_ADD 24616096,28005478,0.000000,62 
OBJECT_ADD 24606657,28020472,0.000000,62 
OBJECT_ADD 24626171,27985233,0.000000,62 
OBJECT_ADD 24583653,27971358,0.000000,62 
OBJECT_ADD 24589300,27983856,0.000000,62 
OBJECT_ADD 24610107,27997510,0.000000,62 
OBJECT_ADD 24586787,27974722,0.000000,62 
OBJECT_ADD 24593544,27993138,0.000000,62 
OBJECT_ADD 24612052,27985190,0.000000,62 
OBJECT_ADD 24632498,28010037,0.000000,62 
OBJECT_ADD 24632892,28020747,0.000000,62 
OBJECT_ADD 24594198,27978221,0.000000,62 
OBJECT_ADD 24622931,27971301,0.000000,62 
OBJECT_ADD 24617111,27979790,0.000000,62 
OBJECT_ADD 24620558,28030281,0.000000,62 
OBJECT_ADD 24632359,28024354,0.000000,62 
OBJECT_ADD 24629117,28009787,0.000000,62 
OBJECT_ADD 24618956,28017065,0.000000,62 
OBJECT_ADD 24612000,28016820,0.000000,62 
OBJECT_ADD 24609710,28023108,0.000000,62 
OBJECT_ADD 24620968,28019622,0.000000,62 
OBJECT_ADD 24625643,28015627,0.000000,62 
OBJECT_ADD 24623286,28032302,0.000000,62 
OBJECT_ADD 24640695,28007542,0.000000,62 
OBJECT_ADD 24615022,27997560,0.000000,62 
OBJECT_ADD 24634488,28034513,0.000000,62 
OBJECT_ADD 24629066,28035822,0.000000,62 
OBJECT_ADD 24641335,28031662,0.000000,62 
OBJECT_ADD 24625755,28039231,0.000000,62 
OBJECT_ADD 24618606,28043246,0.000000,62 
OBJECT_ADD 24616931,28046847,0.000000,62 
OBJECT_ADD 24610435,28044853,0.000000,62 
OBJECT_ADD 24620898,28039328,0.000000,62 
OBJECT_ADD 24630700,28004431,0.000000,62 
OBJECT_ADD 24621564,27988637,0.000000,62 
OBJECT_ADD 24636501,27994785,0.000000,62 
OBJECT_ADD 24637873,28065184,0.000000,62 
OBJECT_ADD 24580255,28103604,69.000000,62 
OBJECT_ADD 24599656,28110076,69.000000,62 
OBJECT_ADD 24579425,28096185,69.000000,62 
OBJECT_ADD 24587369,28088807,69.000000,62 
OBJECT_ADD 24588923,28086321,69.000000,62 
OBJECT_ADD 24591423,28082790,69.000000,62 
OBJECT_ADD 24595331,28074431,69.000000,62 
OBJECT_ADD 24593431,28078397,69.000000,62 
OBJECT_ADD 24583039,28100115,69.000000,62 
OBJECT_ADD 24599876,28070120,69.000000,62 
OBJECT_ADD 24604177,28068172,69.000000,62 
OBJECT_ADD 24575098,28095668,69.000000,62 
OBJECT_ADD 24608108,28065458,69.000000,62 
OBJECT_ADD 24610746,28067029,26.000000,63 
OBJECT_ADD 24560799,28083775,15.000000,63 
OBJECT_ADD 24561245,28082385,92.000000,63 
OBJECT_ADD 24570119,28144282,69.000000,62 
OBJECT_ADD 24576581,28058668,69.000000,62 
OBJECT_ADD 24596885,28061487,69.000000,62 
OBJECT_ADD 24584425,28067800,69.000000,62 
OBJECT_ADD 24587471,28069831,69.000000,62 
OBJECT_ADD 24591745,28073981,69.000000,62 
OBJECT_ADD 24600478,28059982,69.000000,62 
OBJECT_ADD 24596027,28064719,69.000000,62 
OBJECT_ADD 24593472,28067828,69.000000,62 
OBJECT_ADD 24577898,28052844,69.000000,62 
OBJECT_ADD 24578559,28055982,69.000000,62 
OBJECT_ADD 24578887,28061644,69.000000,62 
OBJECT_ADD 24581086,28064748,69.000000,62 
OBJECT_ADD 24591192,28091987,26.000000,63 
OBJECT_ADD 24592034,28090988,15.000000,63 
OBJECT_ADD 24604472,28092287,92.000000,63 
OBJECT_ADD 24567226,28095516,69.000000,62 
OBJECT_ADD 24584520,28102816,69.000000,62 
OBJECT_ADD 24561928,28092531,69.000000,62 
OBJECT_ADD 24563013,28087442,69.000000,62 
OBJECT_ADD 24571457,28096061,69.000000,62 
OBJECT_ADD 24564691,28094780,69.000000,62 
OBJECT_ADD 24564772,28083857,69.000000,62 
OBJECT_ADD 24591991,28108814,69.000000,62 
OBJECT_ADD 24586241,28104886,69.000000,62 
OBJECT_ADD 24572895,28141224,69.000000,62 
OBJECT_ADD 24570410,28139215,69.000000,62 
OBJECT_ADD 24610738,28126231,69.000000,62 
OBJECT_ADD 24576684,28137340,26.000000,63 
OBJECT_ADD 24574944,28065533,15.000000,63 
OBJECT_ADD 24567887,28066077,92.000000,63 
OBJECT_ADD 24577921,28133805,69.000000,62 
OBJECT_ADD 24588381,28116266,69.000000,62 
OBJECT_ADD 24550197,28077897,69.000000,62 
OBJECT_ADD 24570897,28126350,69.000000,62 
OBJECT_ADD 24568915,28120174,69.000000,62 
OBJECT_ADD 24581282,28050082,69.000000,62 
OBJECT_ADD 24568052,28117720,69.000000,62 
OBJECT_ADD 24562943,28098211,69.000000,62 
OBJECT_ADD 24602496,28056030,69.000000,62 
OBJECT_ADD 24557362,28080705,69.000000,62 
OBJECT_ADD 24561114,28082186,26.000000,63 
OBJECT_ADD 24560554,28083881,15.000000,63 
OBJECT_ADD 24560843,28083322,92.000000,63 
OBJECT_ADD 24602963,28113080,69.000000,62 
OBJECT_ADD 24575717,28105100,69.000000,62 
OBJECT_ADD 24609095,28085474,69.000000,62 
OBJECT_ADD 24613331,28085545,69.000000,62 
OBJECT_ADD 24610138,28088234,69.000000,62 
OBJECT_ADD 24596102,28105626,69.000000,62 
OBJECT_ADD 24604414,28058877,69.000000,62 
OBJECT_ADD 24585369,28091236,69.000000,62 
OBJECT_ADD 24603876,28081377,69.000000,62 
OBJECT_ADD 24601136,28078361,69.000000,62 
OBJECT_ADD 24593634,28124257,69.000000,62 
OBJECT_ADD 24582003,28126988,69.000000,62 
OBJECT_ADD 24556061,28088536,26.000000,63 
OBJECT_ADD 24556972,28068658,15.000000,63 
OBJECT_ADD 24558308,28067414,92.000000,63 
OBJECT_ADD 24628691,28079307,0.000000,62 
OBJECT_ADD 24622740,28101455,0.000000,62 
OBJECT_ADD 24625826,28097933,0.000000,62 
OBJECT_ADD 24620418,28104905,0.000000,62 
OBJECT_ADD 24617238,28113450,0.000000,62 
OBJECT_ADD 24576826,28148136,0.000000,62 
OBJECT_ADD 24619902,28142460,0.000000,62 
OBJECT_ADD 24609922,28145550,0.000000,62 
OBJECT_ADD 24591351,28151474,0.000000,62 
OBJECT_ADD 24603295,28146397,0.000000,62 
OBJECT_ADD 24573140,28147361,0.000000,62 
OBJECT_ADD 24563817,28148223,0.000000,62 
OBJECT_ADD 24623582,28079557,0.000000,62 
OBJECT_ADD 24623226,28058570,0.000000,62 
OBJECT_ADD 24627207,28060509,0.000000,62 
OBJECT_ADD 24622815,28056153,0.000000,62 
OBJECT_ADD 24621163,28049847,0.000000,62 
OBJECT_ADD 24624095,28051459,0.000000,62 
OBJECT_ADD 24643217,27995922,0.000000,62 
OBJECT_ADD 24642622,28037547,0.000000,62 
OBJECT_ADD 24646492,28018032,0.000000,62 
OBJECT_ADD 24644972,27998592,0.000000,62 
OBJECT_ADD 24644163,28034030,0.000000,62 
OBJECT_ADD 24652884,28002026,0.000000,62 
OBJECT_ADD 24655893,28006735,0.000000,62 
OBJECT_ADD 24662737,28049777,0.000000,62 
OBJECT_ADD 24606778,27877764,-41.000000,62 
OBJECT_ADD 24613855,27882929,-41.000000,62 
OBJECT_ADD 24617319,27884753,-41.000000,62 
OBJECT_ADD 24607359,27871182,-41.000000,62 
OBJECT_ADD 24610046,27877077,-41.000000,62 
OBJECT_ADD 24609688,27868019,-41.000000,62 
OBJECT_ADD 24603406,27857484,-41.000000,62 
OBJECT_ADD 24599444,27871665,-41.000000,62 
OBJECT_ADD 24602601,27872136,-41.000000,62 
OBJECT_ADD 24627335,27879554,-41.000000,62 
OBJECT_ADD 24618391,27874536,-41.000000,62 
OBJECT_ADD 24604355,27882399,-41.000000,62 
OBJECT_ADD 24610176,27889021,-64.000000,62 
OBJECT_ADD 24605791,27897143,-64.000000,62 
OBJECT_ADD 24608963,27883577,-64.000000,62 
OBJECT_ADD 24614131,27894068,-64.000000,62 
OBJECT_ADD 24592208,27885238,-64.000000,62 
OBJECT_ADD 24638587,27899106,-64.000000,62 
OBJECT_ADD 24636387,27888256,-64.000000,62 
OBJECT_ADD 24588114,27875577,-64.000000,62 
OBJECT_ADD 24601591,27886623,-64.000000,62 
OBJECT_ADD 24605523,27887005,-107.000000,63 
OBJECT_ADD 24571901,27882292,-118.000000,63 
OBJECT_ADD 24567361,27868616,-41.000000,63 
OBJECT_ADD 24596432,27885510,-41.000000,62 
OBJECT_ADD 24557721,27876906,-41.000000,62 
OBJECT_ADD 24578498,27879878,-41.000000,62 
OBJECT_ADD 24578921,27852819,-41.000000,62 
OBJECT_ADD 24584202,27863202,-41.000000,62 
OBJECT_ADD 24629453,27884203,-41.000000,62 
OBJECT_ADD 24655303,27896645,-41.000000,62 
OBJECT_ADD 24596902,27848446,-41.000000,62 
OBJECT_ADD 24600820,27856501,-41.000000,62 
OBJECT_ADD 24606607,27899509,-41.000000,62 
OBJECT_ADD 24634455,27899102,-41.000000,62 
OBJECT_ADD 24651662,27901700,-41.000000,62 
OBJECT_ADD 24646380,27904703,-41.000000,62 
OBJECT_ADD 24592333,27853104,-41.000000,62 
OBJECT_ADD 24629367,27901817,-41.000000,62 
OBJECT_ADD 24592745,27846449,-41.000000,62 
OBJECT_ADD 24588621,27838380,-41.000000,62 
OBJECT_ADD 24592987,27894530,-41.000000,62 
OBJECT_ADD 24585815,27884100,-64.000000,62 
OBJECT_ADD 24569077,27887991,-41.000000,62 
OBJECT_ADD 24583314,27896931,-41.000000,62 
OBJECT_ADD 24633497,27891967,-64.000000,62 
OBJECT_ADD 24628346,27891329,-64.000000,62 
OBJECT_ADD 24629231,27896623,-64.000000,62 
OBJECT_ADD 24636484,27878109,-41.000000,62 
OBJECT_ADD 24642378,27906043,-41.000000,62 
OBJECT_ADD 24637685,27893173,-41.000000,62 
OBJECT_ADD 24638760,27884259,-41.000000,62 
OBJECT_ADD 24648340,27888552,-41.000000,62 
OBJECT_ADD 24615496,27907008,-41.000000,62 
OBJECT_ADD 24626635,27902217,-41.000000,62 
OBJECT_ADD 24637123,27906593,-41.000000,62 
OBJECT_ADD 24638354,27912226,-41.000000,62 
OBJECT_ADD 24629991,27917324,-41.000000,62 
OBJECT_ADD 24633347,27909529,-41.000000,62 
OBJECT_ADD 24631396,27904217,-41.000000,62 
OBJECT_ADD 24636132,27915775,-41.000000,62 
OBJECT_ADD 24639470,27916293,-41.000000,62 
OBJECT_ADD 24604424,27915438,-41.000000,62 
OBJECT_ADD 24630449,27911494,-41.000000,62 
OBJECT_ADD 24618229,27901908,-41.000000,62 
OBJECT_ADD 24657543,27889301,-41.000000,62 
OBJECT_ADD 24652708,27894142,-41.000000,62 
OBJECT_ADD 24644794,27890831,-41.000000,62 
OBJECT_ADD 24233375,28433630,-77.000000,63 
OBJECT_ADD 24232137,28437252,0.000000,63 
OBJECT_ADD 24244815,28446447,-23.000000,62 
OBJECT_ADD 24264466,28436328,-66.000000,63 
OBJECT_ADD 24272677,28415355,0.000000,62 
OBJECT_ADD 24295207,28420154,0.000000,62 
OBJECT_ADD 24295297,28415759,0.000000,62 
OBJECT_ADD 24288783,28413864,0.000000,62 
OBJECT_ADD 24284396,28427768,0.000000,62 
OBJECT_ADD 24287436,28426915,0.000000,62 
OBJECT_ADD 24273459,28409649,0.000000,62 
OBJECT_ADD 24291807,28422850,0.000000,62 
OBJECT_ADD 24290175,28430022,0.000000,62 
OBJECT_ADD 24293411,28425549,0.000000,62 
OBJECT_ADD 24275805,28431525,0.000000,62 
OBJECT_ADD 24297561,28424281,0.000000,62 
OBJECT_ADD 24275422,28434638,0.000000,62 
OBJECT_ADD 24274142,28456646,-23.000000,62 
OBJECT_ADD 24274734,28459922,-23.000000,62 
OBJECT_ADD 24270480,28446842,-23.000000,62 
OBJECT_ADD 24264275,28445191,-23.000000,62 
OBJECT_ADD 24260284,28446917,-23.000000,62 
OBJECT_ADD 24255456,28449046,-23.000000,62 
OBJECT_ADD 24249751,28461942,-23.000000,62 
OBJECT_ADD 24249023,28456170,-23.000000,62 
OBJECT_ADD 24250735,28450796,-23.000000,62 
OBJECT_ADD 24273504,28479640,-23.000000,62 
OBJECT_ADD 24262314,28503365,0.000000,63 
OBJECT_ADD 24259927,28487141,-23.000000,62 
OBJECT_ADD 24273806,28485866,-23.000000,62 
OBJECT_ADD 24268049,28468578,-66.000000,63 
OBJECT_ADD 24264648,28482427,-77.000000,63 
OBJECT_ADD 24249381,28475333,0.000000,63 
OBJECT_ADD 24268223,28468016,-23.000000,62 
OBJECT_ADD 24254360,28483580,-23.000000,62 
OBJECT_ADD 24250888,28477189,-23.000000,62 
OBJECT_ADD 24297448,28458277,-23.000000,62 
OBJECT_ADD 24302524,28459077,-23.000000,62 
OBJECT_ADD 24284271,28457815,-23.000000,62 
OBJECT_ADD 24285717,28452515,-23.000000,62 
OBJECT_ADD 24287226,28450871,-23.000000,62 
OBJECT_ADD 24305176,28458102,-23.000000,62 
OBJECT_ADD 24303785,28454067,-23.000000,62 
OBJECT_ADD 24314741,28463916,-23.000000,62 
OBJECT_ADD 24322619,28455327,-23.000000,62 
OBJECT_ADD 24323326,28452008,-23.000000,62 
OBJECT_ADD 24294082,28460865,-23.000000,62 
OBJECT_ADD 24295189,28464222,-23.000000,62 
OBJECT_ADD 24302273,28445834,0.000000,63 
OBJECT_ADD 24276436,28466065,-23.000000,62 
OBJECT_ADD 24277836,28483670,-23.000000,62 
OBJECT_ADD 24305617,28491617,-23.000000,62 
OBJECT_ADD 24307028,28488099,-23.000000,62 
OBJECT_ADD 24299235,28476944,-23.000000,62 
OBJECT_ADD 24298880,28471823,-23.000000,62 
OBJECT_ADD 24321953,28489317,-66.000000,63 
OBJECT_ADD 24314254,28488392,-77.000000,63 
OBJECT_ADD 24307347,28470622,-23.000000,62 
OBJECT_ADD 24287922,28492202,-23.000000,62 
OBJECT_ADD 24307534,28467637,-23.000000,62 
OBJECT_ADD 24298068,28474649,-23.000000,62 
OBJECT_ADD 24297015,28498573,-66.000000,63 
OBJECT_ADD 24277929,28497503,-77.000000,63 
OBJECT_ADD 24287137,28527761,-23.000000,62 
OBJECT_ADD 24292151,28500561,-23.000000,62 
OBJECT_ADD 24304480,28523792,-23.000000,62 
OBJECT_ADD 24300504,28521030,-23.000000,62 
OBJECT_ADD 24312271,28510816,-23.000000,62 
OBJECT_ADD 24309112,28507307,-23.000000,62 
OBJECT_ADD 24298293,28518567,-23.000000,62 
OBJECT_ADD 24294607,28515587,-23.000000,62 
OBJECT_ADD 24294758,28518160,-23.000000,62 
OBJECT_ADD 24294239,28512824,-23.000000,62 
OBJECT_ADD 24289937,28509867,-23.000000,62 
OBJECT_ADD 24286996,28507262,-23.000000,62 
OBJECT_ADD 24284386,28507022,-23.000000,62 
OBJECT_ADD 24280427,28478371,-23.000000,62 
OBJECT_ADD 24266446,28410464,0.000000,62 
OBJECT_ADD 24269852,28413082,0.000000,62 
OBJECT_ADD 24267674,28405203,0.000000,62 
OBJECT_ADD 24272929,28404990,0.000000,62 
OBJECT_ADD 24289121,28403658,0.000000,62 
OBJECT_ADD 24282935,28403160,0.000000,62 
OBJECT_ADD 24268126,28417585,0.000000,62 
OBJECT_ADD 24279546,28405034,0.000000,62 
OBJECT_ADD 24261434,28415192,0.000000,62 
OBJECT_ADD 24284931,28406328,0.000000,62 
OBJECT_ADD 24286385,28399461,0.000000,62 
OBJECT_ADD 24258979,28408671,0.000000,62 
OBJECT_ADD 24277698,28402081,0.000000,62 
OBJECT_ADD 24234190,28430025,0.000000,62 
OBJECT_ADD 24262527,28430960,0.000000,62 
OBJECT_ADD 24267870,28429350,0.000000,62 
OBJECT_ADD 24255118,28421696,0.000000,62 
OBJECT_ADD 24252823,28435117,0.000000,62 
OBJECT_ADD 24240108,28427078,0.000000,62 
OBJECT_ADD 24257542,28438339,0.000000,62 
OBJECT_ADD 24239638,28401744,0.000000,62 
OBJECT_ADD 24251165,28440712,0.000000,62 
OBJECT_ADD 24262924,28437139,0.000000,62 
OBJECT_ADD 24248724,28437942,0.000000,62 
OBJECT_ADD 24248951,28432087,0.000000,62 
OBJECT_ADD 24236839,28412740,0.000000,62 
OBJECT_ADD 24248827,28423348,0.000000,62 
OBJECT_ADD 24247273,28415206,0.000000,62 
OBJECT_ADD 24240105,28412533,0.000000,62 
OBJECT_ADD 24262983,28404819,0.000000,62 
OBJECT_ADD 24237847,28444770,0.000000,62 
OBJECT_ADD 24235177,28434286,0.000000,62 
OBJECT_ADD 24234992,28407908,0.000000,62 
OBJECT_ADD 24252195,28405720,0.000000,62 
OBJECT_ADD 24254932,28399011,0.000000,62 
OBJECT_ADD 24243553,28395824,0.000000,62 
OBJECT_ADD 24238151,28395851,0.000000,62 
OBJECT_ADD 24230123,28408326,0.000000,62 
OBJECT_ADD 24248414,28409158,0.000000,62 
OBJECT_ADD 24334425,28475219,0.000000,62 
OBJECT_ADD 24325983,28494968,0.000000,62 
OBJECT_ADD 24322104,28488775,0.000000,62 
OBJECT_ADD 24326389,28491132,0.000000,62 
OBJECT_ADD 24329167,28493980,0.000000,62 
OBJECT_ADD 24342985,28468755,0.000000,62 
OBJECT_ADD 24342258,28473600,0.000000,62 
OBJECT_ADD 24332132,28476414,0.000000,62 
OBJECT_ADD 24324650,28476806,0.000000,62 
OBJECT_ADD 24342095,28479795,0.000000,62 
OBJECT_ADD 24340240,28482615,0.000000,62 
OBJECT_ADD 24319787,28502655,0.000000,62 
OBJECT_ADD 24329705,28466715,0.000000,62 
