OBJECT_ADD 30670608,35542499,0.000000,62 
OBJECT_ADD 30632594,35598040,0.000000,62 
OBJECT_ADD 30663825,35598689,0.000000,62 
OBJECT_ADD 30666822,35601168,0.000000,62 
OBJECT_ADD 30635144,35576224,0.000000,62 
OBJECT_ADD 30663010,35591864,0.000000,62 
OBJECT_ADD 30647791,35582739,0.000000,62 
OBJECT_ADD 30654467,35590391,0.000000,62 
OBJECT_ADD 30651936,35586004,0.000000,62 
OBJECT_ADD 30626071,35571275,0.000000,62 
OBJECT_ADD 30638891,35629561,0.000000,62 
OBJECT_ADD 30640829,35628570,0.000000,62 
OBJECT_ADD 30763235,35517767,0.000000,62 
OBJECT_ADD 30794178,35512760,0.000000,62 
OBJECT_ADD 30795236,35504409,0.000000,62 
OBJECT_ADD 30798753,35502379,0.000000,62 
OBJECT_ADD 30801398,35497803,0.000000,62 
OBJECT_ADD 30674606,35541846,0.000000,62 
OBJECT_ADD 30674120,35599100,0.000000,62 
OBJECT_ADD 30675573,35596361,0.000000,62 
OBJECT_ADD 30687552,35647164,0.000000,62 
OBJECT_ADD 30690952,35646207,0.000000,62 
OBJECT_ADD 30703478,35605572,0.000000,62 
OBJECT_ADD 30700149,35615430,0.000000,62 
OBJECT_ADD 30678394,35621508,0.000000,62 
OBJECT_ADD 30725055,35626999,0.000000,62 
OBJECT_ADD 30718168,35610238,0.000000,62 
OBJECT_ADD 30714922,35598433,0.000000,62 
OBJECT_ADD 30716617,35613505,0.000000,62 
OBJECT_ADD 30710121,35621162,0.000000,62 
OBJECT_ADD 30710045,35625991,0.000000,62 
OBJECT_ADD 30675813,35621177,0.000000,62 
OBJECT_ADD 30743548,35624892,0.000000,62 
OBJECT_ADD 30741621,35614578,0.000000,62 
OBJECT_ADD 30733184,35613641,0.000000,62 
OBJECT_ADD 30731539,35617924,0.000000,62 
OBJECT_ADD 30736548,35619400,0.000000,62 
OBJECT_ADD 30800456,35601050,0.000000,62 
OBJECT_ADD 30795822,35614753,0.000000,62 
OBJECT_ADD 30800090,35606897,0.000000,62 
OBJECT_ADD 30795960,35600737,0.000000,62 
OBJECT_ADD 30787009,35546579,0.000000,62 
OBJECT_ADD 30777352,35533171,0.000000,62 
OBJECT_ADD 30786001,35540526,0.000000,62 
OBJECT_ADD 30795230,35598212,-23.000000,62 
OBJECT_ADD 30778312,35616877,0.000000,62 
OBJECT_ADD 30791883,35596254,0.000000,62 
OBJECT_ADD 30788509,35593953,0.000000,62 
OBJECT_ADD 30788493,35563883,0.000000,62 
OBJECT_ADD 30792167,35563801,0.000000,62 
OBJECT_ADD 30791452,35607786,0.000000,62 
OBJECT_ADD 30794586,35594033,0.000000,62 
OBJECT_ADD 30793971,35610630,0.000000,62 
OBJECT_ADD 30823022,35520440,0.000000,62 
OBJECT_ADD 30822976,35516115,0.000000,62 
OBJECT_ADD 30810998,35509295,0.000000,62 
OBJECT_ADD 31026954,35513295,69965.000000,62 
OBJECT_ADD 31030062,35516746,69965.000000,62 
OBJECT_ADD 31024505,35517092,69965.000000,62 
OBJECT_ADD 31019503,35517461,69965.000000,62 
OBJECT_ADD 30988513,35488036,69965.000000,62 
OBJECT_ADD 30802241,35579258,0.000000,62 
OBJECT_ADD 30808156,35529213,0.000000,62 
OBJECT_ADD 30810587,35525050,0.000000,62 
OBJECT_ADD 30908604,35537000,69942.000000,62 
OBJECT_ADD 30913279,35564474,69942.000000,62 
OBJECT_ADD 30927134,35554536,69942.000000,62 
OBJECT_ADD 30904504,35613319,69942.000000,62 
OBJECT_ADD 30883269,35543364,69942.000000,62 
OBJECT_ADD 30841001,35572230,69942.000000,62 
OBJECT_ADD 30886735,35567357,69942.000000,62 
OBJECT_ADD 30900831,35600396,69942.000000,62 
OBJECT_ADD 30905848,35542713,69942.000000,62 
OBJECT_ADD 30908323,35544984,69942.000000,62 
OBJECT_ADD 30877410,35569711,69942.000000,62 
OBJECT_ADD 30880977,35564461,69942.000000,62 
OBJECT_ADD 30844631,35571458,69888.000000,63 
OBJECT_ADD 30870889,35586527,69965.000000,63 
OBJECT_ADD 30909690,35554831,69942.000000,62 
OBJECT_ADD 30902754,35560264,69942.000000,62 
OBJECT_ADD 30859277,35568442,69942.000000,62 
OBJECT_ADD 30866323,35551730,69942.000000,62 
OBJECT_ADD 30896614,35552187,69942.000000,62 
OBJECT_ADD 30907422,35599979,69942.000000,62 
OBJECT_ADD 30916169,35568235,69942.000000,62 
OBJECT_ADD 30893598,35545855,69942.000000,62 
OBJECT_ADD 30913714,35573063,69942.000000,62 
OBJECT_ADD 30911609,35578150,69942.000000,62 
OBJECT_ADD 30908644,35593957,69899.000000,63 
OBJECT_ADD 30879483,35592855,69888.000000,63 
OBJECT_ADD 30877597,35592870,69965.000000,63 
OBJECT_ADD 30906226,35607291,69965.000000,62 
OBJECT_ADD 30902323,35603703,69965.000000,62 
OBJECT_ADD 30900697,35610399,69965.000000,62 
OBJECT_ADD 30903085,35540493,69965.000000,62 
OBJECT_ADD 30892648,35557715,69965.000000,62 
OBJECT_ADD 30871041,35592349,69965.000000,62 
OBJECT_ADD 30852694,35585559,69965.000000,62 
OBJECT_ADD 30875645,35591035,69965.000000,62 
OBJECT_ADD 30858369,35594237,69965.000000,62 
OBJECT_ADD 30852099,35568021,69965.000000,62 
OBJECT_ADD 30886752,35548158,69965.000000,62 
OBJECT_ADD 30902650,35533685,69965.000000,62 
OBJECT_ADD 30912769,35589860,69965.000000,62 
OBJECT_ADD 30855412,35588615,69965.000000,62 
OBJECT_ADD 30870154,35569729,69965.000000,62 
OBJECT_ADD 30877636,35576577,69965.000000,62 
OBJECT_ADD 30882274,35572990,69965.000000,62 
OBJECT_ADD 30899650,35568433,69965.000000,62 
OBJECT_ADD 30905038,35596868,69965.000000,62 
OBJECT_ADD 30828053,35563160,0.000000,62 
OBJECT_ADD 30826137,35545162,0.000000,62 
OBJECT_ADD 30822614,35543949,0.000000,62 
OBJECT_ADD 30829399,35543635,0.000000,62 
OBJECT_ADD 30832884,35562101,0.000000,62 
OBJECT_ADD 30834040,35545739,0.000000,62 
OBJECT_ADD 30834869,35540268,0.000000,62 
OBJECT_ADD 30835685,35533658,0.000000,62 
OBJECT_ADD 30839609,35551388,0.000000,62 
OBJECT_ADD 30840297,35543394,0.000000,62 
OBJECT_ADD 30839742,35535286,0.000000,62 
OBJECT_ADD 30827007,35537736,0.000000,62 
OBJECT_ADD 30830759,35536361,0.000000,62 
OBJECT_ADD 30849262,35590841,0.000000,62 
OBJECT_ADD 30830034,35589890,0.000000,62 
OBJECT_ADD 30839479,35589269,0.000000,62 
OBJECT_ADD 30823690,35588760,0.000000,62 
OBJECT_ADD 30851373,35592211,0.000000,62 
OBJECT_ADD 30841721,35597347,0.000000,62 
OBJECT_ADD 30845162,35588680,0.000000,62 
OBJECT_ADD 30821208,35569856,0.000000,62 
OBJECT_ADD 30820061,35565898,0.000000,62 
OBJECT_ADD 30824173,35565644,0.000000,62 
OBJECT_ADD 30835308,35570158,0.000000,62 
OBJECT_ADD 30818718,35562476,0.000000,62 
OBJECT_ADD 30826469,35568789,0.000000,62 
OBJECT_ADD 30845322,35554462,-23.000000,62 
OBJECT_ADD 30821014,35597811,-23.000000,62 
OBJECT_ADD 30806501,35603833,-23.000000,62 
OBJECT_ADD 30807366,35601638,-23.000000,62 
OBJECT_ADD 30808836,35576939,-23.000000,62 
OBJECT_ADD 30809042,35598119,-23.000000,62 
OBJECT_ADD 30815138,35563015,-23.000000,62 
OBJECT_ADD 30838558,35523123,-23.000000,62 
OBJECT_ADD 30869650,35575986,-23.000000,62 
OBJECT_ADD 30842672,35575848,-23.000000,62 
OBJECT_ADD 30820079,35585567,-23.000000,62 
OBJECT_ADD 30832372,35586782,-23.000000,62 
OBJECT_ADD 30824556,35558070,-66.000000,63 
OBJECT_ADD 30870290,35555613,-77.000000,63 
OBJECT_ADD 30861334,35586470,0.000000,63 
OBJECT_ADD 30840837,35625386,-23.000000,62 
OBJECT_ADD 30847778,35649916,-23.000000,62 
OBJECT_ADD 30894956,35632392,-23.000000,62 
OBJECT_ADD 30855655,35626663,-23.000000,62 
OBJECT_ADD 30887397,35634477,-23.000000,62 
OBJECT_ADD 30837448,35618231,0.000000,62 
OBJECT_ADD 30818228,35605692,0.000000,62 
OBJECT_ADD 30819856,35647041,0.000000,62 
OBJECT_ADD 30822808,35646261,0.000000,62 
OBJECT_ADD 30810333,35621275,0.000000,62 
OBJECT_ADD 30801056,35617896,0.000000,62 
OBJECT_ADD 30828215,35603670,0.000000,62 
OBJECT_ADD 30834175,35642946,0.000000,62 
OBJECT_ADD 30831824,35592592,0.000000,62 
OBJECT_ADD 30856901,35623883,0.000000,62 
OBJECT_ADD 30840697,35620820,0.000000,62 
OBJECT_ADD 30831619,35616067,0.000000,62 
OBJECT_ADD 30845764,35604626,0.000000,62 
OBJECT_ADD 30931583,35565248,69899.000000,63 
OBJECT_ADD 30991658,35492738,69942.000000,62 
OBJECT_ADD 30907985,35540065,69942.000000,62 
OBJECT_ADD 30912200,35548686,69942.000000,62 
OBJECT_ADD 31017495,35533299,69965.000000,62 
OBJECT_ADD 30878217,35538881,69965.000000,62 
OBJECT_ADD 30899005,35538729,69965.000000,62 
OBJECT_ADD 30977924,35503093,69965.000000,62 
OBJECT_ADD 30972398,35508942,69965.000000,62 
OBJECT_ADD 30903637,35530731,69965.000000,62 
OBJECT_ADD 30900221,35529814,69965.000000,62 
OBJECT_ADD 30908543,35530763,69965.000000,62 
OBJECT_ADD 30911200,35531606,69965.000000,62 
OBJECT_ADD 30974807,35601789,69965.000000,62 
OBJECT_ADD 31021702,35581900,69965.000000,62 
OBJECT_ADD 31025324,35584850,69965.000000,62 
OBJECT_ADD 31001962,35580280,69965.000000,62 
OBJECT_ADD 30935070,35567509,69942.000000,62 
OBJECT_ADD 30952822,35545699,69965.000000,62 
OBJECT_ADD 31012216,35519082,69965.000000,62 
OBJECT_ADD 30672439,35654126,0.000000,62 
OBJECT_ADD 30693552,35667486,0.000000,62 
OBJECT_ADD 30695357,35671160,0.000000,62 
OBJECT_ADD 30727411,35652169,0.000000,62 
OBJECT_ADD 30685662,35662014,0.000000,62 
OBJECT_ADD 30689572,35664619,0.000000,62 
OBJECT_ADD 30721454,35667547,0.000000,62 
OBJECT_ADD 30877238,35682746,-23.000000,62 
OBJECT_ADD 30850655,35666010,-23.000000,62 
OBJECT_ADD 30853313,35666230,-23.000000,62 
OBJECT_ADD 30882257,35658229,-23.000000,62 
OBJECT_ADD 30858763,35652584,-23.000000,62 
OBJECT_ADD 30862847,35654465,-23.000000,62 
OBJECT_ADD 30865513,35652838,-23.000000,62 
OBJECT_ADD 30869832,35652005,-23.000000,62 
OBJECT_ADD 30872027,35684332,-66.000000,63 
OBJECT_ADD 30873446,35683193,-77.000000,63 
OBJECT_ADD 30876577,35663458,0.000000,63 
OBJECT_ADD 30985285,35516707,0.000000,62 
OBJECT_ADD 31042224,35506715,0.000000,62 
OBJECT_ADD 31036608,35504905,0.000000,62 
OBJECT_ADD 31041729,35512477,0.000000,62 
OBJECT_ADD 31036348,35511287,0.000000,62 
OBJECT_ADD 31020171,35480842,0.000000,62 
OBJECT_ADD 31016427,35485419,0.000000,62 
OBJECT_ADD 31025157,35508771,0.000000,62 
OBJECT_ADD 30983805,35486672,0.000000,62 
OBJECT_ADD 31011852,35487939,0.000000,62 
OBJECT_ADD 31006973,35492904,0.000000,62 
OBJECT_ADD 30995792,35492929,0.000000,62 
OBJECT_ADD 31050917,35522290,0.000000,62 
OBJECT_ADD 31049453,35493789,0.000000,62 
OBJECT_ADD 31049931,35490376,0.000000,62 
OBJECT_ADD 31047673,35486404,0.000000,62 
OBJECT_ADD 31009126,35463742,0.000000,62 
OBJECT_ADD 31008460,35459383,0.000000,62 
OBJECT_ADD 31002146,35458264,0.000000,62 
OBJECT_ADD 31007510,35454672,0.000000,62 
OBJECT_ADD 31012445,35452134,0.000000,62 
OBJECT_ADD 31008608,35543606,0.000000,62 
OBJECT_ADD 30980146,35484981,0.000000,62 
OBJECT_ADD 31002650,35482375,0.000000,62 
OBJECT_ADD 31006105,35486216,0.000000,62 
OBJECT_ADD 30998034,35500344,0.000000,62 
OBJECT_ADD 30944710,35568045,45.000000,62 
OBJECT_ADD 30948035,35568522,45.000000,62 
OBJECT_ADD 30949473,35564865,45.000000,62 
OBJECT_ADD 30983625,35595179,45.000000,62 
OBJECT_ADD 31007725,35569131,45.000000,62 
OBJECT_ADD 30991891,35579832,45.000000,62 
OBJECT_ADD 30926060,35579459,45.000000,62 
OBJECT_ADD 30933953,35563734,45.000000,62 
OBJECT_ADD 30914030,35541716,45.000000,62 
OBJECT_ADD 30922792,35551352,45.000000,62 
OBJECT_ADD 30962401,35591377,45.000000,62 
OBJECT_ADD 30929485,35557359,45.000000,62 
OBJECT_ADD 30962948,35553430,45.000000,62 
OBJECT_ADD 30969115,35559462,45.000000,62 
OBJECT_ADD 30967467,35554951,45.000000,62 
OBJECT_ADD 30968697,35552314,45.000000,62 
OBJECT_ADD 30965295,35556872,45.000000,62 
OBJECT_ADD 30965962,35561360,45.000000,62 
OBJECT_ADD 30972628,35562042,45.000000,62 
OBJECT_ADD 30959078,35561619,45.000000,62 
OBJECT_ADD 30957129,35566197,45.000000,62 
OBJECT_ADD 30944550,35594975,45.000000,62 
OBJECT_ADD 30947008,35592813,45.000000,62 
OBJECT_ADD 30958102,35572288,45.000000,62 
OBJECT_ADD 30956078,35602264,45.000000,62 
OBJECT_ADD 30971683,35554360,45.000000,62 
OBJECT_ADD 30966542,35541306,45.000000,62 
OBJECT_ADD 31011532,35582559,45.000000,62 
OBJECT_ADD 30948714,35596139,45.000000,62 
OBJECT_ADD 30965591,35549753,45.000000,62 
OBJECT_ADD 30979306,35564684,45.000000,62 
OBJECT_ADD 30943453,35589711,45.000000,62 
OBJECT_ADD 30948828,35587759,45.000000,62 
OBJECT_ADD 30956631,35590925,45.000000,62 
OBJECT_ADD 30976521,35568119,45.000000,62 
OBJECT_ADD 30975065,35560054,45.000000,62 
OBJECT_ADD 30956871,35593747,45.000000,62 
OBJECT_ADD 30952092,35593111,45.000000,62 
OBJECT_ADD 30994705,35530446,45.000000,62 
OBJECT_ADD 31003292,35585929,45.000000,62 
OBJECT_ADD 31007550,35583230,45.000000,62 
OBJECT_ADD 30980553,35572187,45.000000,62 
OBJECT_ADD 30983506,35574479,45.000000,62 
OBJECT_ADD 30977610,35585088,45.000000,62 
OBJECT_ADD 30985186,35576821,45.000000,62 
OBJECT_ADD 30975531,35543686,45.000000,62 
OBJECT_ADD 30981297,35569101,45.000000,62 
OBJECT_ADD 30979313,35574491,45.000000,62 
OBJECT_ADD 30975081,35579310,45.000000,62 
OBJECT_ADD 30971291,35583600,45.000000,62 
OBJECT_ADD 30966599,35590414,45.000000,62 
OBJECT_ADD 30978848,35578137,45.000000,62 
OBJECT_ADD 30994288,35580945,45.000000,62 
OBJECT_ADD 31002632,35557507,45.000000,62 
OBJECT_ADD 30996505,35577224,45.000000,62 
OBJECT_ADD 30972975,35534038,45.000000,62 
OBJECT_ADD 30965899,35533705,45.000000,62 
OBJECT_ADD 30962059,35524760,45.000000,62 
OBJECT_ADD 30980523,35535094,45.000000,62 
OBJECT_ADD 30988907,35618374,-23.000000,62 
OBJECT_ADD 30992406,35622250,-23.000000,62 
OBJECT_ADD 31008541,35589197,-23.000000,62 
OBJECT_ADD 31009937,35592307,-23.000000,62 
OBJECT_ADD 31002904,35611223,-23.000000,62 
OBJECT_ADD 31005822,35615048,-23.000000,62 
OBJECT_ADD 31032634,35607193,-23.000000,62 
OBJECT_ADD 31027599,35591894,-23.000000,62 
OBJECT_ADD 30997691,35621977,-23.000000,62 
OBJECT_ADD 31026689,35608504,-23.000000,62 
OBJECT_ADD 31021660,35611093,-23.000000,62 
OBJECT_ADD 31004953,35622907,-23.000000,62 
OBJECT_ADD 31014831,35614499,-23.000000,62 
OBJECT_ADD 30986925,35612871,-66.000000,63 
OBJECT_ADD 31006325,35572718,-77.000000,63 
OBJECT_ADD 31005298,35574189,0.000000,63 
OBJECT_ADD 31033583,35594146,0.000000,62 
OBJECT_ADD 31031571,35516596,0.000000,62 
OBJECT_ADD 31025178,35516243,0.000000,62 
OBJECT_ADD 31017583,35517827,0.000000,62 
OBJECT_ADD 31020000,35536116,0.000000,62 
OBJECT_ADD 30958430,35610856,0.000000,62 
OBJECT_ADD 30961931,35610150,0.000000,62 
OBJECT_ADD 30972050,35598529,0.000000,62 
OBJECT_ADD 30984481,35616363,0.000000,62 
OBJECT_ADD 31028879,35537877,0.000000,62 
OBJECT_ADD 31022534,35548762,0.000000,62 
OBJECT_ADD 31023469,35538297,0.000000,62 
OBJECT_ADD 31036586,35575480,0.000000,62 
OBJECT_ADD 30948437,35663106,0.000000,62 
OBJECT_ADD 30953690,35700171,0.000000,62 
OBJECT_ADD 30964021,35709911,0.000000,62 
OBJECT_ADD 30957071,35703182,0.000000,62 
OBJECT_ADD 30931158,35687704,0.000000,62 
OBJECT_ADD 30952458,35665759,0.000000,62 
OBJECT_ADD 31002089,35652240,0.000000,62 
OBJECT_ADD 30996345,35652400,0.000000,62 
OBJECT_ADD 30994278,35655359,0.000000,62 
OBJECT_ADD 30983906,35667205,0.000000,62 
OBJECT_ADD 30955876,35667597,0.000000,62 
OBJECT_ADD 30958719,35671820,0.000000,62 
OBJECT_ADD 30933684,35657122,0.000000,62 
OBJECT_ADD 30939170,35653472,0.000000,62 
OBJECT_ADD 30935086,35653385,0.000000,62 
OBJECT_ADD 30944860,35688951,0.000000,62 
OBJECT_ADD 30969703,35644479,0.000000,62 
OBJECT_ADD 31014591,35658196,0.000000,62 
OBJECT_ADD 30966931,35707681,0.000000,62 
OBJECT_ADD 30925013,35721153,0.000000,62 
OBJECT_ADD 30918808,35722106,0.000000,62 
OBJECT_ADD 30916671,35719399,0.000000,62 
OBJECT_ADD 30918021,35684569,0.000000,62 
OBJECT_ADD 30972295,35626530,0.000000,62 
OBJECT_ADD 30950952,35647881,0.000000,62 
OBJECT_ADD 30953658,35646220,0.000000,62 
OBJECT_ADD 30919103,35756284,-77.000000,63 
OBJECT_ADD 30928258,35754980,0.000000,63 
OBJECT_ADD 31028083,35689078,-90.000000,62 
OBJECT_ADD 31031191,35689783,-90.000000,62 
OBJECT_ADD 31031154,35750464,0.000000,62 
OBJECT_ADD 31034612,35748697,0.000000,62 
OBJECT_ADD 31030721,35745556,0.000000,62 
OBJECT_ADD 31034647,35742625,0.000000,62 
OBJECT_ADD 31039898,35749034,0.000000,62 
OBJECT_ADD 31035854,35751898,0.000000,62 
OBJECT_ADD 31038167,35724685,0.000000,62 
OBJECT_ADD 31026435,35747885,0.000000,62 
OBJECT_ADD 31037563,35728943,0.000000,62 
OBJECT_ADD 31041069,35736661,0.000000,62 
OBJECT_ADD 31036943,35757997,0.000000,62 
OBJECT_ADD 31029043,35740253,0.000000,62 
OBJECT_ADD 31029791,35734092,0.000000,62 
OBJECT_ADD 31036637,35707795,0.000000,62 
OBJECT_ADD 31040014,35705317,0.000000,62 
OBJECT_ADD 31044942,35708020,0.000000,62 
OBJECT_ADD 31028332,35704160,0.000000,62 
OBJECT_ADD 31025202,35707040,0.000000,62 
OBJECT_ADD 31025969,35711836,0.000000,62 
OBJECT_ADD 31029208,35713399,0.000000,62 
OBJECT_ADD 31028621,35718057,0.000000,62 
OBJECT_ADD 31031267,35717904,0.000000,62 
OBJECT_ADD 31032611,35720514,0.000000,62 
OBJECT_ADD 31024981,35721475,0.000000,62 
OBJECT_ADD 31029252,35721809,0.000000,62 
OBJECT_ADD 31033126,35697735,0.000000,62 
OBJECT_ADD 30997725,35769793,-23.000000,62 
OBJECT_ADD 31012903,35808723,-23.000000,62 
OBJECT_ADD 30980875,35769511,-23.000000,62 
OBJECT_ADD 31019964,35794309,-23.000000,62 
OBJECT_ADD 30973146,35753546,-23.000000,62 
OBJECT_ADD 31012120,35792324,-23.000000,62 
OBJECT_ADD 30994467,35764394,-23.000000,62 
OBJECT_ADD 31010524,35776256,-23.000000,62 
OBJECT_ADD 30970575,35770165,-23.000000,62 
OBJECT_ADD 30984366,35775881,-23.000000,62 
OBJECT_ADD 31011813,35786988,-23.000000,62 
OBJECT_ADD 30980714,35773912,-23.000000,62 
OBJECT_ADD 31006593,35776663,-23.000000,62 
OBJECT_ADD 30989583,35775921,-23.000000,62 
OBJECT_ADD 30996992,35773121,-23.000000,62 
OBJECT_ADD 30998674,35757532,0.000000,63 
OBJECT_ADD 30964736,35778854,-66.000000,63 
OBJECT_ADD 30943443,35753910,-23.000000,62 
OBJECT_ADD 30972591,35757412,-23.000000,62 
OBJECT_ADD 30968651,35760837,-23.000000,62 
OBJECT_ADD 30971469,35763692,-23.000000,62 
OBJECT_ADD 30967450,35764788,-23.000000,62 
OBJECT_ADD 30965840,35768580,-23.000000,62 
OBJECT_ADD 30963417,35772616,-23.000000,62 
OBJECT_ADD 30945875,35771869,-23.000000,62 
OBJECT_ADD 30942291,35768723,-23.000000,62 
OBJECT_ADD 30950102,35764686,-23.000000,62 
OBJECT_ADD 30954384,35761859,-66.000000,63 
OBJECT_ADD 31036219,35788730,0.000000,62 
OBJECT_ADD 31038952,35784559,0.000000,62 
OBJECT_ADD 31046314,35766849,0.000000,62 
OBJECT_ADD 31033292,35773099,0.000000,62 
OBJECT_ADD 31052475,35773241,0.000000,62 
OBJECT_ADD 31036433,35776797,0.000000,62 
OBJECT_ADD 31047425,35779114,0.000000,62 
OBJECT_ADD 31054543,35778408,0.000000,62 
OBJECT_ADD 31033080,35791483,0.000000,62 
OBJECT_ADD 31038686,35795341,0.000000,62 
OBJECT_ADD 31035392,35797792,0.000000,62 
OBJECT_ADD 31029799,35798832,0.000000,62 
OBJECT_ADD 31043442,35778007,0.000000,62 
OBJECT_ADD 30973608,35790045,-23.000000,62 
OBJECT_ADD 30969909,35791643,-23.000000,62 
OBJECT_ADD 30986243,35791087,-23.000000,62 
OBJECT_ADD 30989273,35790853,-23.000000,62 
OBJECT_ADD 30992394,35789086,-23.000000,62 
OBJECT_ADD 30993519,35784504,-23.000000,62 
OBJECT_ADD 31018922,35802174,-66.000000,63 
OBJECT_ADD 31007517,35800939,-77.000000,63 
OBJECT_ADD 30957999,35810761,0.000000,63 
OBJECT_ADD 30961972,35799831,-23.000000,62 
OBJECT_ADD 31005603,35780827,-23.000000,62 
OBJECT_ADD 30970860,35797100,-23.000000,62 
OBJECT_ADD 30976591,35799586,-23.000000,62 
OBJECT_ADD 30995293,35787451,-23.000000,62 
OBJECT_ADD 30989852,35809404,-66.000000,63 
OBJECT_ADD 30967284,35803766,-77.000000,63 
OBJECT_ADD 30983741,35839457,-23.000000,62 
OBJECT_ADD 30992056,35809022,-23.000000,62 
OBJECT_ADD 31001939,35834838,-23.000000,62 
OBJECT_ADD 30999985,35830708,-23.000000,62 
OBJECT_ADD 31008225,35820481,-23.000000,62 
OBJECT_ADD 31007928,35816226,-23.000000,62 
OBJECT_ADD 30992731,35833451,-23.000000,62 
OBJECT_ADD 30985632,35827653,-23.000000,62 
OBJECT_ADD 30985335,35832006,-23.000000,62 
OBJECT_ADD 30983188,35834944,-23.000000,62 
OBJECT_ADD 30987963,35820123,-23.000000,62 
OBJECT_ADD 30971153,35813916,-23.000000,62 
OBJECT_ADD 30966946,35811117,-23.000000,62 
OBJECT_ADD 30961252,35794123,-77.000000,63 
OBJECT_ADD 30945822,35789067,0.000000,63 
OBJECT_ADD 30955335,35794419,-23.000000,62 
OBJECT_ADD 30949325,35791472,-23.000000,62 
OBJECT_ADD 30944527,35784652,-23.000000,62 
OBJECT_ADD 31063010,35829136,0.000000,62 
OBJECT_ADD 30973934,35816775,0.000000,62 
OBJECT_ADD 30992646,35804539,0.000000,62 
OBJECT_ADD 30983339,35801662,0.000000,62 
OBJECT_ADD 31017725,35804501,0.000000,62 
OBJECT_ADD 30999134,35806172,0.000000,62 
OBJECT_ADD 31020942,35844437,0.000000,62 
OBJECT_ADD 31016444,35833653,0.000000,62 
OBJECT_ADD 31015440,35829595,0.000000,62 
OBJECT_ADD 31018071,35817549,0.000000,62 
OBJECT_ADD 31027080,35821933,0.000000,62 
OBJECT_ADD 31021359,35808145,0.000000,62 
OBJECT_ADD 31064481,35824616,0.000000,62 
OBJECT_ADD 31034388,35687796,0.000000,62 
OBJECT_ADD 31050486,35702271,0.000000,62 
OBJECT_ADD 31046102,35693063,0.000000,62 
OBJECT_ADD 31047918,35695801,0.000000,62 
OBJECT_ADD 31052698,35699114,0.000000,62 
OBJECT_ADD 31053138,35694665,0.000000,62 
OBJECT_ADD 31037353,35701697,0.000000,62 
OBJECT_ADD 31053968,35681024,0.000000,62 
OBJECT_ADD 31051171,35693610,0.000000,62 
OBJECT_ADD 31059216,35682472,0.000000,62 
OBJECT_ADD 31066817,35685042,0.000000,62 
OBJECT_ADD 31100824,35711474,-113.000000,62 
OBJECT_ADD 31076002,35731013,-113.000000,62 
OBJECT_ADD 31092769,35715000,-113.000000,62 
OBJECT_ADD 31089856,35740479,-113.000000,62 
OBJECT_ADD 31087000,35712032,-113.000000,62 
OBJECT_ADD 31097705,35712507,-113.000000,62 
OBJECT_ADD 31092107,35739500,-113.000000,62 
OBJECT_ADD 31085831,35746795,-113.000000,62 
OBJECT_ADD 31081913,35693387,-113.000000,62 
OBJECT_ADD 31058315,35738598,-113.000000,62 
OBJECT_ADD 31084193,35750443,-113.000000,62 
OBJECT_ADD 31076288,35708884,-113.000000,62 
OBJECT_ADD 31075089,35757917,-113.000000,62 
OBJECT_ADD 31060412,35709216,-113.000000,62 
OBJECT_ADD 31068895,35718357,-156.000000,63 
OBJECT_ADD 31083637,35705239,-90.000000,62 
OBJECT_ADD 31058447,35754460,-90.000000,62 
OBJECT_ADD 31078937,35755981,-90.000000,62 
OBJECT_ADD 31093400,35743980,-90.000000,62 
OBJECT_ADD 31087654,35742772,-90.000000,62 
OBJECT_ADD 31098520,35721111,-90.000000,62 
OBJECT_ADD 31094001,35724087,-90.000000,62 
OBJECT_ADD 31088212,35716345,-113.000000,62 
OBJECT_ADD 31082567,35723875,-156.000000,63 
OBJECT_ADD 31084930,35733966,-113.000000,62 
OBJECT_ADD 31056874,35734518,-113.000000,62 
OBJECT_ADD 31063149,35731453,-90.000000,62 
OBJECT_ADD 31061565,35748174,-90.000000,62 
OBJECT_ADD 31060577,35743627,-90.000000,62 
OBJECT_ADD 31051140,35754306,-90.000000,62 
OBJECT_ADD 31084802,35720237,-90.000000,62 
OBJECT_ADD 31071022,35736964,-90.000000,62 
OBJECT_ADD 31074205,35731837,-90.000000,62 
OBJECT_ADD 31084274,35699071,0.000000,62 
OBJECT_ADD 31061639,35721868,0.000000,62 
OBJECT_ADD 31068780,35755187,0.000000,62 
OBJECT_ADD 31119358,35703635,0.000000,62 
OBJECT_ADD 31126679,35690204,0.000000,62 
OBJECT_ADD 31120576,35692675,0.000000,62 
OBJECT_ADD 31070704,35751594,0.000000,62 
OBJECT_ADD 31047341,35713908,0.000000,62 
OBJECT_ADD 31117113,35688368,0.000000,62 
OBJECT_ADD 31072592,35689986,0.000000,62 
OBJECT_ADD 31048134,35723439,0.000000,62 
OBJECT_ADD 31045319,35726178,0.000000,62 
OBJECT_ADD 31124830,35707804,0.000000,62 
OBJECT_ADD 31049744,35709913,0.000000,62 
OBJECT_ADD 31126830,35687379,0.000000,62 
OBJECT_ADD 31053762,35705493,0.000000,62 
OBJECT_ADD 31050835,35714164,0.000000,62 
OBJECT_ADD 31049609,35720638,0.000000,62 
OBJECT_ADD 31045910,35725420,0.000000,62 
OBJECT_ADD 31107592,35679340,0.000000,62 
OBJECT_ADD 31053914,35710235,0.000000,62 
OBJECT_ADD 31108651,35701675,0.000000,62 
OBJECT_ADD 31102845,35719045,0.000000,62 
OBJECT_ADD 31132685,35717256,0.000000,62 
OBJECT_ADD 31139304,35704724,0.000000,62 
OBJECT_ADD 31135719,35699995,0.000000,62 
OBJECT_ADD 31057870,35712472,0.000000,62 
OBJECT_ADD 31120430,35700396,0.000000,62 
OBJECT_ADD 31067210,35708730,0.000000,62 
OBJECT_ADD 31057670,35723137,0.000000,62 
OBJECT_ADD 31053552,35722164,0.000000,62 
OBJECT_ADD 31070158,35708845,0.000000,62 
OBJECT_ADD 31109915,35684060,0.000000,62 
OBJECT_ADD 31083741,35700336,0.000000,62 
OBJECT_ADD 31077103,35683847,0.000000,62 
OBJECT_ADD 31082143,35685333,0.000000,62 
OBJECT_ADD 31123587,35697326,0.000000,62 
OBJECT_ADD 31140148,35711505,0.000000,62 
OBJECT_ADD 31127648,35696659,0.000000,62 
OBJECT_ADD 31075009,35687785,0.000000,62 
OBJECT_ADD 31073732,35692273,0.000000,62 
OBJECT_ADD 31081236,35753484,0.000000,62 
OBJECT_ADD 31123122,35740071,0.000000,62 
OBJECT_ADD 31124304,35701740,0.000000,62 
OBJECT_ADD 31082279,35689676,0.000000,62 
OBJECT_ADD 31077494,35711318,0.000000,62 
OBJECT_ADD 31062604,35723353,0.000000,62 
OBJECT_ADD 31063162,35726537,0.000000,62 
OBJECT_ADD 31095202,35715444,0.000000,62 
OBJECT_ADD 31138801,35685413,0.000000,62 
OBJECT_ADD 31128759,35702820,0.000000,62 
OBJECT_ADD 31042437,35728264,0.000000,62 
OBJECT_ADD 31074265,35689528,0.000000,62 
OBJECT_ADD 31075420,35686513,0.000000,62 
OBJECT_ADD 31110315,35724766,-90.000000,63 
OBJECT_ADD 31055420,35757911,-113.000000,62 
OBJECT_ADD 31063329,35731285,-167.000000,63 
OBJECT_ADD 31086954,35732447,-90.000000,63 
OBJECT_ADD 31139656,35748721,-90.000000,62 
OBJECT_ADD 31081379,35752628,-90.000000,62 
OBJECT_ADD 31130260,35744584,-90.000000,62 
OBJECT_ADD 31108489,35701843,-90.000000,62 
OBJECT_ADD 31163922,35753934,0.000000,62 
OBJECT_ADD 31166961,35758449,0.000000,62 
OBJECT_ADD 31169412,35751499,0.000000,62 
OBJECT_ADD 31159697,35718945,0.000000,62 
OBJECT_ADD 31161711,35723409,0.000000,62 
OBJECT_ADD 31165162,35719328,0.000000,62 
OBJECT_ADD 31171346,35729324,0.000000,62 
OBJECT_ADD 31189728,35742828,0.000000,62 
OBJECT_ADD 31171653,35738233,0.000000,62 
OBJECT_ADD 31161730,35733691,0.000000,62 
OBJECT_ADD 31158480,35748667,0.000000,62 
OBJECT_ADD 31165370,35745985,0.000000,62 
OBJECT_ADD 31184653,35755946,0.000000,62 
OBJECT_ADD 31198431,35744993,0.000000,62 
OBJECT_ADD 31147489,35749930,0.000000,62 
OBJECT_ADD 31151650,35750179,0.000000,62 
OBJECT_ADD 31159215,35742038,0.000000,62 
OBJECT_ADD 31192108,35743142,0.000000,62 
OBJECT_ADD 31065391,35772514,-113.000000,62 
OBJECT_ADD 31072005,35766604,-113.000000,62 
OBJECT_ADD 31065242,35762575,-113.000000,62 
OBJECT_ADD 31080963,35759778,-113.000000,62 
OBJECT_ADD 31059709,35768831,-113.000000,62 
OBJECT_ADD 31096394,35766331,-90.000000,62 
OBJECT_ADD 31076776,35762934,-90.000000,62 
OBJECT_ADD 31056468,35770459,-90.000000,62 
OBJECT_ADD 31052739,35767256,-90.000000,62 
OBJECT_ADD 31090051,35775803,-90.000000,62 
OBJECT_ADD 31078108,35775171,-90.000000,62 
OBJECT_ADD 31066563,35779835,-90.000000,62 
OBJECT_ADD 31051812,35762204,0.000000,62 
OBJECT_ADD 31057046,35762530,0.000000,62 
OBJECT_ADD 31104627,35765348,-113.000000,62 
OBJECT_ADD 31105820,35760968,-167.000000,63 
OBJECT_ADD 31077257,35768047,-113.000000,62 
OBJECT_ADD 31061189,35759063,-113.000000,62 
OBJECT_ADD 31058118,35762650,-90.000000,62 
OBJECT_ADD 31101533,35769477,-90.000000,62 
OBJECT_ADD 31089651,35784708,-90.000000,62 
OBJECT_ADD 31095116,35773952,-90.000000,62 
OBJECT_ADD 31096760,35761801,-90.000000,62 
OBJECT_ADD 31112156,35772741,-90.000000,62 
OBJECT_ADD 31122407,35771423,-90.000000,62 
OBJECT_ADD 31099474,35782766,-90.000000,62 
OBJECT_ADD 31113368,35773812,-90.000000,62 
OBJECT_ADD 31099977,35774575,-90.000000,62 
OBJECT_ADD 31100064,35776059,-90.000000,62 
OBJECT_ADD 31065667,35820376,-528.000000,62 
OBJECT_ADD 31075322,35817809,-528.000000,62 
OBJECT_ADD 31095993,35916575,-551.000000,62 
OBJECT_ADD 31132143,35902124,-551.000000,62 
OBJECT_ADD 31108350,35890257,-551.000000,62 
OBJECT_ADD 31101987,35886657,-551.000000,62 
OBJECT_ADD 31143709,35899467,-551.000000,62 
OBJECT_ADD 31120832,35887265,-551.000000,62 
OBJECT_ADD 31135438,35897110,-551.000000,62 
OBJECT_ADD 31074800,35881704,-551.000000,62 
OBJECT_ADD 31080482,35899810,-551.000000,62 
OBJECT_ADD 31100266,35911663,-551.000000,62 
OBJECT_ADD 31099398,35902003,-551.000000,62 
OBJECT_ADD 31145102,35888030,-551.000000,62 
OBJECT_ADD 31100263,35877502,-551.000000,62 
OBJECT_ADD 31079310,35918204,-551.000000,62 
OBJECT_ADD 31079344,35908539,-551.000000,62 
OBJECT_ADD 31089159,35900415,-551.000000,62 
OBJECT_ADD 31133271,35878498,-551.000000,62 
OBJECT_ADD 31084575,35904196,-551.000000,62 
OBJECT_ADD 31135758,35874692,-551.000000,62 
OBJECT_ADD 31123353,35881149,-594.000000,63 
OBJECT_ADD 31118964,35904392,-605.000000,63 
OBJECT_ADD 31114746,35913421,-528.000000,63 
OBJECT_ADD 31130740,35881805,-528.000000,62 
OBJECT_ADD 31072810,35873618,-528.000000,62 
OBJECT_ADD 31073244,35914780,-528.000000,62 
OBJECT_ADD 31092892,35920143,-528.000000,62 
OBJECT_ADD 31136685,35926538,-528.000000,62 
OBJECT_ADD 31103447,35937877,-528.000000,62 
OBJECT_ADD 31084564,35917142,-528.000000,62 
OBJECT_ADD 31064382,35868200,-528.000000,62 
OBJECT_ADD 31075408,35887301,-528.000000,62 
OBJECT_ADD 31130740,35898741,-528.000000,62 
OBJECT_ADD 31087986,35926462,-528.000000,62 
OBJECT_ADD 31089101,35916873,-528.000000,62 
OBJECT_ADD 31094099,35908067,-528.000000,62 
OBJECT_ADD 31097310,35886992,-528.000000,62 
OBJECT_ADD 31105435,35899504,-528.000000,62 
OBJECT_ADD 31111663,35896673,-528.000000,62 
OBJECT_ADD 31121767,35895774,-551.000000,62 
OBJECT_ADD 31108397,35920565,-594.000000,63 
OBJECT_ADD 31088226,35908257,-551.000000,62 
OBJECT_ADD 31112092,35880135,-551.000000,62 
OBJECT_ADD 31107928,35878823,-528.000000,62 
OBJECT_ADD 31097677,35871837,-528.000000,62 
OBJECT_ADD 31100865,35883402,-528.000000,62 
OBJECT_ADD 31097915,35866484,-528.000000,62 
OBJECT_ADD 31117386,35889637,-528.000000,62 
OBJECT_ADD 31104907,35881595,-528.000000,62 
OBJECT_ADD 31080791,35890739,-528.000000,62 
OBJECT_ADD 31095144,35838351,-23.000000,62 
OBJECT_ADD 31101536,35852085,-23.000000,62 
OBJECT_ADD 31107390,35850672,-23.000000,62 
OBJECT_ADD 31120456,35856135,-23.000000,62 
OBJECT_ADD 31136471,35865343,-23.000000,62 
OBJECT_ADD 31126043,35874918,-23.000000,62 
OBJECT_ADD 31098633,35858944,-23.000000,62 
OBJECT_ADD 31058806,35843172,-23.000000,62 
OBJECT_ADD 31077856,35831014,-23.000000,62 
OBJECT_ADD 31077192,35813276,-23.000000,62 
OBJECT_ADD 31092444,35808849,-23.000000,62 
OBJECT_ADD 31116674,35848678,-23.000000,62 
OBJECT_ADD 31112489,35853759,-23.000000,62 
OBJECT_ADD 31078230,35833168,-66.000000,63 
OBJECT_ADD 31123364,35848676,-77.000000,63 
OBJECT_ADD 31105383,35856808,0.000000,63 
OBJECT_ADD 31190169,35767975,0.000000,62 
OBJECT_ADD 31191079,35759455,0.000000,62 
OBJECT_ADD 31154536,35791434,0.000000,62 
OBJECT_ADD 31156009,35800926,0.000000,62 
OBJECT_ADD 31159943,35800255,0.000000,62 
OBJECT_ADD 31191927,35772288,0.000000,62 
OBJECT_ADD 31176280,35759295,0.000000,62 
OBJECT_ADD 31178300,35772401,0.000000,62 
OBJECT_ADD 31158800,35792876,0.000000,62 
OBJECT_ADD 31162838,35776617,0.000000,62 
OBJECT_ADD 31169653,35762931,0.000000,62 
OBJECT_ADD 31166640,35766632,0.000000,62 
OBJECT_ADD 31183640,35775522,0.000000,62 
OBJECT_ADD 31194205,35768817,0.000000,62 
OBJECT_ADD 31192920,35756829,0.000000,62 
OBJECT_ADD 31192808,35778011,0.000000,62 
OBJECT_ADD 31165802,35786402,0.000000,62 
OBJECT_ADD 31159548,35761684,0.000000,62 
OBJECT_ADD 31200882,35777855,0.000000,62 
OBJECT_ADD 31187665,35776868,0.000000,62 
OBJECT_ADD 31193645,35784420,0.000000,62 
OBJECT_ADD 31189117,35788633,0.000000,62 
OBJECT_ADD 31174192,35806395,0.000000,62 
OBJECT_ADD 31186722,35790486,0.000000,62 
OBJECT_ADD 31192601,35791168,0.000000,62 
OBJECT_ADD 31188748,35798903,0.000000,62 
OBJECT_ADD 31172795,35794389,0.000000,62 
OBJECT_ADD 31166573,35796555,0.000000,62 
OBJECT_ADD 31163780,35793612,0.000000,62 
OBJECT_ADD 31172838,35769422,0.000000,62 
OBJECT_ADD 31052734,35879241,-551.000000,62 
OBJECT_ADD 31095670,35883228,-551.000000,62 
OBJECT_ADD 31069166,35893035,-528.000000,62 
OBJECT_ADD 31081875,35925944,-528.000000,62 
OBJECT_ADD 31066583,35904190,-528.000000,62 
OBJECT_ADD 31066179,35900622,-528.000000,62 
OBJECT_ADD 31077304,35922838,-528.000000,62 
OBJECT_ADD 31067249,35924857,-528.000000,62 
OBJECT_ADD 31054950,35890026,-528.000000,62 
OBJECT_ADD 31142355,35739350,0.000000,62 
OBJECT_ADD 31142039,35702155,0.000000,62 
OBJECT_ADD 31146382,35717358,0.000000,62 
OBJECT_ADD 31147014,35709428,0.000000,62 
OBJECT_ADD 31151212,35712389,0.000000,62 
OBJECT_ADD 31142585,35748832,-90.000000,62 
OBJECT_ADD 31198910,35752589,0.000000,62 
OBJECT_ADD 31202515,35758000,0.000000,62 
OBJECT_ADD 31205755,35755423,0.000000,62 
OBJECT_ADD 31209569,35758964,0.000000,62 
OBJECT_ADD 31210301,35752881,0.000000,62 
OBJECT_ADD 31203824,35745727,0.000000,62 
OBJECT_ADD 31208833,35743590,0.000000,62 
OBJECT_ADD 31271960,35637915,0.000000,62 
OBJECT_ADD 31276990,35639913,0.000000,62 
OBJECT_ADD 31261487,35625949,0.000000,62 
OBJECT_ADD 31247110,35677051,0.000000,62 
OBJECT_ADD 31251833,35668582,0.000000,62 
OBJECT_ADD 31256527,35669620,0.000000,62 
OBJECT_ADD 31252125,35649914,0.000000,62 
OBJECT_ADD 31263301,35637770,0.000000,62 
OBJECT_ADD 31242265,35666940,0.000000,62 
OBJECT_ADD 31213993,35647272,0.000000,62 
OBJECT_ADD 31249632,35626699,0.000000,62 
OBJECT_ADD 31268449,35635020,0.000000,62 
OBJECT_ADD 31270120,35641680,0.000000,62 
OBJECT_ADD 31265184,35643800,0.000000,62 
OBJECT_ADD 31268492,35647090,0.000000,62 
OBJECT_ADD 31251263,35674121,0.000000,62 
OBJECT_ADD 31253788,35687778,0.000000,62 
OBJECT_ADD 31279368,35639634,0.000000,62 
OBJECT_ADD 31256380,35648096,0.000000,62 
OBJECT_ADD 31244074,35674736,0.000000,62 
OBJECT_ADD 31245649,35688817,0.000000,62 
OBJECT_ADD 31214388,35646402,0.000000,62 
OBJECT_ADD 31218582,35716607,0.000000,62 
OBJECT_ADD 31196337,35655409,0.000000,62 
OBJECT_ADD 31212362,35694455,0.000000,62 
OBJECT_ADD 31209772,35662750,0.000000,62 
OBJECT_ADD 31267851,35677629,0.000000,62 
OBJECT_ADD 31264113,35672249,0.000000,62 
OBJECT_ADD 31263850,35692158,0.000000,62 
OBJECT_ADD 31261121,35688534,0.000000,62 
OBJECT_ADD 31217200,35669499,0.000000,62 
OBJECT_ADD 31204453,35689823,0.000000,62 
OBJECT_ADD 31223822,35693355,0.000000,62 
OBJECT_ADD 31221554,35692763,0.000000,62 
OBJECT_ADD 31261737,35696375,0.000000,62 
OBJECT_ADD 31246662,35691754,0.000000,62 
OBJECT_ADD 31215696,35665432,0.000000,62 
OBJECT_ADD 31220153,35672702,0.000000,62 
OBJECT_ADD 31275219,35638319,0.000000,62 
OBJECT_ADD 31282297,35638875,0.000000,62 
OBJECT_ADD 31255706,35677447,0.000000,62 
OBJECT_ADD 31260571,35723336,0.000000,62 
OBJECT_ADD 31213345,35691290,0.000000,62 
OBJECT_ADD 31227508,35732425,0.000000,62 
OBJECT_ADD 31249053,35716402,0.000000,62 
OBJECT_ADD 31254505,35672563,0.000000,62 
OBJECT_ADD 31265094,35711549,0.000000,62 
OBJECT_ADD 31248883,35715320,0.000000,62 
OBJECT_ADD 31260297,35723484,0.000000,62 
OBJECT_ADD 31231016,35724741,0.000000,62 
OBJECT_ADD 31234468,35722413,0.000000,62 
OBJECT_ADD 31225471,35713846,0.000000,62 
OBJECT_ADD 31273676,35677587,0.000000,62 
OBJECT_ADD 31267706,35664424,0.000000,62 
OBJECT_ADD 31271659,35681407,0.000000,62 
OBJECT_ADD 31283472,35638735,0.000000,62 
OBJECT_ADD 31268230,35695407,0.000000,62 
OBJECT_ADD 31269501,35663367,0.000000,62 
OBJECT_ADD 31258263,35667105,0.000000,62 
OBJECT_ADD 31080009,35933929,-605.000000,63 
OBJECT_ADD 31119756,35924818,-528.000000,63 
OBJECT_ADD 31090871,35946667,-551.000000,62 
OBJECT_ADD 31087462,35951968,-551.000000,62 
OBJECT_ADD 31088884,35928392,-528.000000,62 
OBJECT_ADD 31082519,35951218,-528.000000,62 
OBJECT_ADD 31223405,35771608,0.000000,62 
OBJECT_ADD 31200117,35761197,0.000000,62 
OBJECT_ADD 31200905,35769849,0.000000,62 
OBJECT_ADD 31207964,35762255,0.000000,62 
OBJECT_ADD 31249890,35796412,0.000000,62 
OBJECT_ADD 31219357,35816392,0.000000,62 
OBJECT_ADD 31226668,35808137,0.000000,62 
OBJECT_ADD 31206881,35822600,0.000000,62 
OBJECT_ADD 31229059,35827809,0.000000,62 
OBJECT_ADD 31214300,35827618,0.000000,62 
OBJECT_ADD 31233860,35809877,0.000000,62 
OBJECT_ADD 31229057,35809379,0.000000,62 
OBJECT_ADD 31217544,35826164,0.000000,62 
OBJECT_ADD 31231729,35831738,0.000000,62 
OBJECT_ADD 31232023,35811658,0.000000,62 
OBJECT_ADD 31213413,35812002,0.000000,62 
OBJECT_ADD 31241457,35791632,0.000000,62 
OBJECT_ADD 31236493,35812483,0.000000,62 
OBJECT_ADD 31245813,35820675,0.000000,62 
OBJECT_ADD 31245566,35824762,0.000000,62 
OBJECT_ADD 31229349,35835716,0.000000,62 
OBJECT_ADD 31230772,35855290,0.000000,62 
OBJECT_ADD 31212265,35831832,0.000000,62 
OBJECT_ADD 31218902,35837525,0.000000,62 
OBJECT_ADD 31223979,35844152,0.000000,62 
OBJECT_ADD 31223420,35857382,0.000000,62 
OBJECT_ADD 31226529,35839433,0.000000,62 
OBJECT_ADD 31235052,35853261,0.000000,62 
OBJECT_ADD 31228247,35862002,0.000000,62 
OBJECT_ADD 31218093,35845043,0.000000,62 
OBJECT_ADD 31079325,35949003,-528.000000,62 
OBJECT_ADD 31075981,35947923,-528.000000,62 
OBJECT_ADD 31076763,35932757,-528.000000,62 
OBJECT_ADD 31076819,35937195,-528.000000,62 
OBJECT_ADD 31073435,35932371,-528.000000,62 
