# Objects added on Wed Nov 28 09:57:53 2018

OBJECT_ADD 25531312,28304046,89.000000,62 
OBJECT_ADD 25537263,28306956,89.000000,62 
OBJECT_ADD 25532690,28301012,89.000000,62 
OBJECT_ADD 25550881,28298904,66.000000,62 
OBJECT_ADD 25560712,28308728,12.000000,63 
OBJECT_ADD 25551418,28317728,89.000000,63 
OBJECT_ADD 25555683,28310609,89.000000,62 
OBJECT_ADD 25554440,28303704,89.000000,62 
OBJECT_ADD 25551293,28309557,89.000000,62 
OBJECT_ADD 25545313,28309032,89.000000,62 
OBJECT_ADD 25518406,28302675,89.000000,62 
OBJECT_ADD 25526225,28301332,89.000000,62 
OBJECT_ADD 25564905,28305327,89.000000,62 
OBJECT_ADD 25528287,28309286,89.000000,62 
OBJECT_ADD 25525223,28309994,89.000000,62 
OBJECT_ADD 25570751,28231409,0.000000,62 
OBJECT_ADD 25619176,28277942,0.000000,62 
OBJECT_ADD 25624791,28271051,0.000000,62 
OBJECT_ADD 25523571,28206984,0.000000,62 
OBJECT_ADD 25630657,28226916,0.000000,62 
OBJECT_ADD 25511903,28199957,0.000000,62 
OBJECT_ADD 25521054,28198650,0.000000,62 
OBJECT_ADD 25585207,28268066,0.000000,62 
OBJECT_ADD 25526847,28193891,0.000000,62 
OBJECT_ADD 25559102,28249161,0.000000,62 
OBJECT_ADD 25521448,28190865,0.000000,62 
OBJECT_ADD 25591265,28296238,0.000000,62 
OBJECT_ADD 25591026,28289741,0.000000,62 
OBJECT_ADD 25571783,28212541,0.000000,62 
OBJECT_ADD 25577843,28213204,0.000000,62 
OBJECT_ADD 25535657,28266897,0.000000,62 
OBJECT_ADD 25565320,28265053,0.000000,62 
OBJECT_ADD 25629285,28239022,0.000000,62 
OBJECT_ADD 25530603,28286144,89.000000,62 
OBJECT_ADD 25529903,28278753,89.000000,62 
OBJECT_ADD 25535912,28280183,89.000000,62 
OBJECT_ADD 25524755,28279095,89.000000,62 
OBJECT_ADD 25519267,28279187,89.000000,62 
OBJECT_ADD 25534270,28294917,89.000000,62 
OBJECT_ADD 25531853,28291200,89.000000,62 
OBJECT_ADD 25525975,28274819,89.000000,62 
OBJECT_ADD 25529509,28273938,89.000000,62 
OBJECT_ADD 25562123,28284730,89.000000,62 
OBJECT_ADD 25562080,28296414,66.000000,62 
OBJECT_ADD 25549335,28294280,66.000000,62 
OBJECT_ADD 25553958,28271891,66.000000,62 
OBJECT_ADD 25543447,28294554,66.000000,62 
OBJECT_ADD 25545326,28284595,66.000000,62 
OBJECT_ADD 25551584,28288892,66.000000,62 
OBJECT_ADD 25521535,28273997,66.000000,62 
OBJECT_ADD 25524586,28269665,66.000000,62 
OBJECT_ADD 25522873,28231516,66.000000,62 
OBJECT_ADD 25534416,28258370,66.000000,62 
OBJECT_ADD 25520207,28235546,66.000000,62 
OBJECT_ADD 25554623,28282832,66.000000,62 
OBJECT_ADD 25546981,28276944,23.000000,63 
OBJECT_ADD 25519467,28242286,89.000000,62 
OBJECT_ADD 25517817,28265600,89.000000,62 
OBJECT_ADD 25507640,28242929,89.000000,62 
OBJECT_ADD 25510738,28240854,89.000000,62 
OBJECT_ADD 25518141,28252060,89.000000,62 
OBJECT_ADD 25524318,28254129,89.000000,62 
OBJECT_ADD 25524349,28264752,89.000000,62 
OBJECT_ADD 25553093,28283271,89.000000,62 
OBJECT_ADD 25529136,28282672,89.000000,62 
OBJECT_ADD 25513558,28241809,89.000000,62 
OBJECT_ADD 25516652,28277473,89.000000,62 
OBJECT_ADD 25567597,28261021,89.000000,62 
OBJECT_ADD 25531284,28223680,89.000000,62 
OBJECT_ADD 25569480,28239615,89.000000,62 
OBJECT_ADD 25535444,28230644,89.000000,62 
OBJECT_ADD 25568414,28230066,89.000000,62 
OBJECT_ADD 25528295,28243337,89.000000,62 
OBJECT_ADD 25544477,28251847,89.000000,62 
OBJECT_ADD 25556682,28216061,89.000000,62 
OBJECT_ADD 25540363,28225027,89.000000,62 
OBJECT_ADD 25548866,28252520,89.000000,62 
OBJECT_ADD 25553145,28243672,89.000000,62 
OBJECT_ADD 25554517,28247383,89.000000,62 
OBJECT_ADD 25557005,28277294,89.000000,62 
OBJECT_ADD 25531427,28297097,89.000000,62 
OBJECT_ADD 25507660,28246919,89.000000,62 
OBJECT_ADD 25562628,28289357,89.000000,62 
OBJECT_ADD 25525410,28292776,89.000000,62 
OBJECT_ADD 25510379,28251959,89.000000,62 
OBJECT_ADD 25523537,28290220,89.000000,62 
OBJECT_ADD 25576434,28241346,0.000000,62 
OBJECT_ADD 25540850,28205279,0.000000,62 
OBJECT_ADD 25557066,28191952,0.000000,62 
OBJECT_ADD 25553941,28188938,0.000000,62 
OBJECT_ADD 25550382,28183174,0.000000,62 
OBJECT_ADD 25567349,28195265,0.000000,62 
OBJECT_ADD 25567228,28212118,0.000000,62 
OBJECT_ADD 25599341,28210988,0.000000,62 
OBJECT_ADD 25630183,28215226,0.000000,62 
OBJECT_ADD 25627053,28209565,0.000000,62 
OBJECT_ADD 25623702,28247888,0.000000,62 
OBJECT_ADD 25581433,28253475,0.000000,62 
OBJECT_ADD 25570337,28297751,0.000000,62 
OBJECT_ADD 25620826,28246796,0.000000,62 
OBJECT_ADD 25569344,28229458,0.000000,62 
OBJECT_ADD 25590893,28200030,0.000000,62 
OBJECT_ADD 25593087,28240136,0.000000,62 
OBJECT_ADD 25589221,28235206,0.000000,62 
OBJECT_ADD 25621729,28214183,0.000000,62 
OBJECT_ADD 25600586,28204997,0.000000,62 
OBJECT_ADD 25595944,28299030,0.000000,62 
OBJECT_ADD 25601742,28239680,0.000000,62 
OBJECT_ADD 25626816,28250746,0.000000,62 
OBJECT_ADD 25617861,28210856,0.000000,62 
OBJECT_ADD 25639495,28244334,0.000000,62 
OBJECT_ADD 25598000,28204492,0.000000,62 
OBJECT_ADD 25586735,28272233,0.000000,62 
OBJECT_ADD 25581932,28270560,0.000000,62 
OBJECT_ADD 25563508,28281633,0.000000,62 
OBJECT_ADD 25579626,28276427,0.000000,62 
OBJECT_ADD 25594062,28251466,0.000000,62 
OBJECT_ADD 25572838,28285757,0.000000,62 
OBJECT_ADD 25576259,28280243,0.000000,62 
OBJECT_ADD 25569024,28290240,0.000000,62 
OBJECT_ADD 25560786,28220114,0.000000,62 
OBJECT_ADD 25638539,28249724,0.000000,62 
OBJECT_ADD 25598730,28246427,0.000000,62 
OBJECT_ADD 25566898,28215939,0.000000,62 
OBJECT_ADD 25573112,28218245,0.000000,62 
OBJECT_ADD 25597618,28210337,0.000000,62 
OBJECT_ADD 25585893,28228848,0.000000,62 
OBJECT_ADD 25623610,28258593,338.000000,62 
OBJECT_ADD 25669981,28250508,338.000000,62 
OBJECT_ADD 25649352,28264678,338.000000,62 
OBJECT_ADD 25655952,28271031,338.000000,62 
OBJECT_ADD 25649566,28277613,338.000000,62 
OBJECT_ADD 25684318,28251563,338.000000,62 
OBJECT_ADD 25673491,28250920,338.000000,62 
OBJECT_ADD 25678702,28249346,338.000000,62 
OBJECT_ADD 25655182,28275664,338.000000,62 
OBJECT_ADD 25665305,28277276,338.000000,62 
OBJECT_ADD 25660660,28272382,338.000000,62 
OBJECT_ADD 25655027,28252079,338.000000,62 
OBJECT_ADD 25652108,28250432,338.000000,62 
OBJECT_ADD 25699314,28259690,315.000000,62 
OBJECT_ADD 25632282,28289712,315.000000,62 
OBJECT_ADD 25684094,28249839,315.000000,62 
OBJECT_ADD 25636484,28277423,315.000000,62 
OBJECT_ADD 25646712,28278638,315.000000,62 
OBJECT_ADD 25680084,28249788,315.000000,62 
OBJECT_ADD 25663012,28255773,315.000000,62 
OBJECT_ADD 25665895,28267594,315.000000,62 
OBJECT_ADD 25633125,28276301,315.000000,62 
OBJECT_ADD 25682367,28262437,315.000000,62 
OBJECT_ADD 25682655,28266923,272.000000,63 
OBJECT_ADD 25631518,28289776,261.000000,63 
OBJECT_ADD 25612093,28277156,338.000000,63 
OBJECT_ADD 25674397,28270601,338.000000,62 
OBJECT_ADD 25668116,28265633,338.000000,62 
OBJECT_ADD 25641945,28287224,338.000000,62 
OBJECT_ADD 25620245,28294141,338.000000,62 
OBJECT_ADD 25652940,28290704,338.000000,62 
OBJECT_ADD 25618644,28277717,338.000000,62 
OBJECT_ADD 25653697,28279227,338.000000,62 
OBJECT_ADD 25657497,28280463,338.000000,62 
OBJECT_ADD 25666894,28258538,338.000000,62 
OBJECT_ADD 25642595,28251495,338.000000,62 
OBJECT_ADD 25622546,28265669,338.000000,62 
OBJECT_ADD 25651598,28301921,338.000000,62 
OBJECT_ADD 25637630,28268187,338.000000,62 
OBJECT_ADD 25665724,28254002,338.000000,62 
OBJECT_ADD 25617203,28299411,338.000000,62 
OBJECT_ADD 25632662,28297724,338.000000,62 
OBJECT_ADD 25649025,28265474,338.000000,62 
OBJECT_ADD 25624174,28272962,338.000000,62 
OBJECT_ADD 25658659,28248864,338.000000,62 
OBJECT_ADD 25656734,28262367,338.000000,62 
OBJECT_ADD 25643701,28245916,338.000000,62 
OBJECT_ADD 25664194,28234757,0.000000,62 
OBJECT_ADD 25641851,28237474,0.000000,62 
OBJECT_ADD 25644488,28241119,0.000000,62 
OBJECT_ADD 25658644,28225492,0.000000,62 
OBJECT_ADD 25664400,28235456,0.000000,62 
OBJECT_ADD 25658048,28237981,0.000000,62 
OBJECT_ADD 25682785,28251230,0.000000,62 
OBJECT_ADD 25682115,28221188,0.000000,62 
OBJECT_ADD 25653614,28241303,0.000000,62 
OBJECT_ADD 25683053,28241326,0.000000,62 
OBJECT_ADD 25672449,28223887,0.000000,62 
OBJECT_ADD 25663101,28223477,0.000000,62 
OBJECT_ADD 25673830,28226241,0.000000,62 
OBJECT_ADD 25700601,28085472,0.000000,62 
OBJECT_ADD 25717199,28110231,0.000000,62 
OBJECT_ADD 25702565,28090680,0.000000,62 
OBJECT_ADD 25675798,28099198,0.000000,62 
OBJECT_ADD 25678282,28096082,0.000000,62 
OBJECT_ADD 25708947,28099671,0.000000,62 
OBJECT_ADD 25711392,28093387,0.000000,62 
OBJECT_ADD 25721073,28107941,0.000000,62 
OBJECT_ADD 25723824,28101854,0.000000,62 
OBJECT_ADD 25725419,28097227,0.000000,62 
OBJECT_ADD 25723365,28095005,0.000000,62 
OBJECT_ADD 25685391,28096586,0.000000,62 
OBJECT_ADD 25706663,28093871,0.000000,62 
OBJECT_ADD 25652812,28009571,0.000000,62 
OBJECT_ADD 25652900,28014924,0.000000,62 
OBJECT_ADD 25679229,28061044,0.000000,62 
OBJECT_ADD 25677332,28083569,0.000000,62 
OBJECT_ADD 25657757,28084716,0.000000,62 
OBJECT_ADD 25715807,28105453,0.000000,62 
OBJECT_ADD 25701274,28086766,0.000000,62 
OBJECT_ADD 25666513,28093335,0.000000,62 
OBJECT_ADD 25654684,28087230,0.000000,62 
OBJECT_ADD 25688535,28079933,0.000000,62 
OBJECT_ADD 25688367,28084526,0.000000,62 
OBJECT_ADD 25660416,28082252,0.000000,62 
OBJECT_ADD 25705989,28094862,0.000000,62 
OBJECT_ADD 25677547,28284372,315.000000,62 
OBJECT_ADD 25683370,28285501,315.000000,62 
OBJECT_ADD 25679773,28299744,315.000000,62 
OBJECT_ADD 25691544,28281441,338.000000,62 
OBJECT_ADD 25677643,28275523,338.000000,62 
OBJECT_ADD 25685445,28271952,338.000000,62 
OBJECT_ADD 25684649,28281319,338.000000,62 
OBJECT_ADD 25687328,28276118,338.000000,62 
OBJECT_ADD 25695932,28266038,338.000000,62 
OBJECT_ADD 25660141,28301736,338.000000,62 
OBJECT_ADD 25675415,28295748,338.000000,62 
OBJECT_ADD 25684172,28291246,338.000000,62 
OBJECT_ADD 25692534,28297672,338.000000,62 
OBJECT_ADD 25697416,28296563,338.000000,62 
OBJECT_ADD 25685229,28296625,338.000000,62 
OBJECT_ADD 25677201,28293857,338.000000,62 
OBJECT_ADD 25665880,28292518,338.000000,62 
OBJECT_ADD 25663062,28299401,338.000000,62 
OBJECT_ADD 25662055,28283383,338.000000,62 
OBJECT_ADD 25686677,28302689,338.000000,62 
OBJECT_ADD 25665406,28304557,338.000000,62 
OBJECT_ADD 25861794,28088659,0.000000,62 
OBJECT_ADD 25864174,28074603,0.000000,62 
OBJECT_ADD 25876329,28095811,0.000000,62 
OBJECT_ADD 25880115,28096924,0.000000,62 
OBJECT_ADD 25881005,28093813,0.000000,62 
OBJECT_ADD 25879545,28079229,0.000000,62 
OBJECT_ADD 25881150,28075270,0.000000,62 
OBJECT_ADD 25851252,28070832,0.000000,62 
OBJECT_ADD 25855066,28071708,0.000000,62 
OBJECT_ADD 25864508,28076651,0.000000,62 
OBJECT_ADD 25840507,28069256,0.000000,62 
OBJECT_ADD 25849142,28067495,0.000000,62 
OBJECT_ADD 25866060,28064491,0.000000,62 
OBJECT_ADD 25846217,28020247,-23.000000,62 
OBJECT_ADD 25850875,28029141,-23.000000,62 
OBJECT_ADD 25877135,28023261,-23.000000,62 
OBJECT_ADD 25862655,28019748,-23.000000,62 
OBJECT_ADD 25845622,28027631,-23.000000,62 
OBJECT_ADD 25867248,28054820,-23.000000,62 
OBJECT_ADD 25870340,28057409,-23.000000,62 
OBJECT_ADD 25874804,28057018,-23.000000,62 
OBJECT_ADD 25871024,28068226,-23.000000,62 
OBJECT_ADD 25836305,28078181,-23.000000,62 
OBJECT_ADD 25841651,28074657,-23.000000,62 
OBJECT_ADD 25842521,28071400,-23.000000,62 
OBJECT_ADD 25878855,28018781,-23.000000,62 
OBJECT_ADD 25848649,28020240,-66.000000,63 
OBJECT_ADD 25871100,28036282,-77.000000,63 
OBJECT_ADD 25894644,28056233,0.000000,63 
OBJECT_ADD 25891445,28126790,-33.000000,62 
OBJECT_ADD 25971517,28136752,-33.000000,62 
OBJECT_ADD 25937402,28147790,-33.000000,62 
OBJECT_ADD 25890243,28144417,-33.000000,62 
OBJECT_ADD 25888611,28137261,-33.000000,62 
OBJECT_ADD 25894894,28152600,-33.000000,62 
OBJECT_ADD 25971666,28201436,-33.000000,62 
OBJECT_ADD 25992451,28155174,-33.000000,62 
OBJECT_ADD 25885775,28155671,-33.000000,62 
OBJECT_ADD 25854773,28156667,-33.000000,62 
OBJECT_ADD 25973748,28130428,-33.000000,62 
OBJECT_ADD 25864933,28144586,-33.000000,62 
OBJECT_ADD 25965131,28180881,-33.000000,62 
OBJECT_ADD 25859065,28152297,-33.000000,62 
OBJECT_ADD 25878092,28152314,-33.000000,62 
OBJECT_ADD 25786109,28176948,-123.000000,62 
OBJECT_ADD 25796893,28161372,-123.000000,62 
OBJECT_ADD 25892218,28193003,-146.000000,62 
OBJECT_ADD 25829600,28282146,-146.000000,62 
OBJECT_ADD 25914763,28233688,-146.000000,62 
OBJECT_ADD 25820286,28265711,-146.000000,62 
OBJECT_ADD 25837164,28220018,-146.000000,62 
OBJECT_ADD 25863500,28205492,-146.000000,62 
OBJECT_ADD 25916934,28253497,-146.000000,62 
OBJECT_ADD 25833795,28216722,-146.000000,62 
OBJECT_ADD 25921160,28224787,-146.000000,62 
OBJECT_ADD 25901030,28169245,-146.000000,62 
OBJECT_ADD 25858048,28216382,-146.000000,62 
OBJECT_ADD 25886297,28167231,-146.000000,62 
OBJECT_ADD 25841794,28192599,-146.000000,62 
OBJECT_ADD 25894561,28160216,-146.000000,62 
OBJECT_ADD 25882204,28165581,-146.000000,62 
OBJECT_ADD 25876838,28178084,-146.000000,62 
OBJECT_ADD 25826497,28218714,-146.000000,62 
OBJECT_ADD 25865229,28156788,-146.000000,62 
OBJECT_ADD 25856218,28167663,-146.000000,62 
OBJECT_ADD 25896005,28182876,-189.000000,63 
OBJECT_ADD 25880985,28177444,-123.000000,62 
OBJECT_ADD 25835726,28202286,-123.000000,62 
OBJECT_ADD 25855389,28239155,-123.000000,62 
OBJECT_ADD 25844023,28223064,-123.000000,62 
OBJECT_ADD 25822892,28218314,-123.000000,62 
OBJECT_ADD 25820017,28213786,-123.000000,62 
OBJECT_ADD 25894235,28262537,-123.000000,62 
OBJECT_ADD 25842527,28274798,-123.000000,62 
OBJECT_ADD 25856757,28272682,-123.000000,62 
OBJECT_ADD 25886329,28203033,-123.000000,62 
OBJECT_ADD 25898662,28256403,-123.000000,62 
OBJECT_ADD 25901507,28243589,-146.000000,62 
OBJECT_ADD 25867715,28186141,-189.000000,63 
OBJECT_ADD 25891613,28213493,-146.000000,62 
OBJECT_ADD 25843446,28188324,-146.000000,62 
OBJECT_ADD 25846969,28192867,-123.000000,62 
OBJECT_ADD 25841019,28212323,-123.000000,62 
OBJECT_ADD 25886736,28262145,-123.000000,62 
OBJECT_ADD 25883111,28213212,-123.000000,62 
OBJECT_ADD 25880313,28208526,-123.000000,62 
OBJECT_ADD 25832668,28237541,-123.000000,62 
OBJECT_ADD 25870315,28199642,-123.000000,62 
OBJECT_ADD 25850034,28198087,-123.000000,62 
OBJECT_ADD 25906576,28166803,-123.000000,62 
OBJECT_ADD 25826252,28231677,-123.000000,62 
OBJECT_ADD 25896447,28169364,-33.000000,62 
OBJECT_ADD 25853801,28181539,-33.000000,62 
OBJECT_ADD 25839479,28212820,-33.000000,62 
OBJECT_ADD 25891598,28254919,-33.000000,62 
OBJECT_ADD 25896479,28143331,-33.000000,62 
OBJECT_ADD 25841085,28174730,-33.000000,62 
OBJECT_ADD 25883729,28144112,-33.000000,62 
OBJECT_ADD 25885457,28148575,-33.000000,62 
OBJECT_ADD 25880305,28146298,-33.000000,62 
OBJECT_ADD 25847644,28168298,-33.000000,62 
OBJECT_ADD 25846651,28172995,-33.000000,62 
OBJECT_ADD 25856882,28201325,-33.000000,62 
OBJECT_ADD 25870166,28146824,-33.000000,62 
OBJECT_ADD 25815157,28241621,-33.000000,62 
OBJECT_ADD 25828862,28210329,-33.000000,62 
OBJECT_ADD 25911061,28162308,-33.000000,62 
OBJECT_ADD 25890791,28206943,-33.000000,62 
OBJECT_ADD 25850585,28170997,-33.000000,62 
OBJECT_ADD 25862888,28149188,-33.000000,62 
OBJECT_ADD 25849933,28174555,-33.000000,62 
OBJECT_ADD 25839160,28181221,-33.000000,62 
OBJECT_ADD 25860708,28175495,-33.000000,62 
OBJECT_ADD 25893710,28176064,-33.000000,62 
OBJECT_ADD 25901451,28165402,-33.000000,62 
OBJECT_ADD 25878203,28160408,-33.000000,62 
OBJECT_ADD 25890580,28164441,-33.000000,62 
OBJECT_ADD 25859870,28204544,-33.000000,62 
OBJECT_ADD 25894488,28164386,-33.000000,62 
OBJECT_ADD 25872925,28188902,-33.000000,62 
OBJECT_ADD 25850237,28184019,-33.000000,62 
OBJECT_ADD 25830537,28192005,-33.000000,62 
OBJECT_ADD 25894472,28187601,-33.000000,62 
OBJECT_ADD 25837075,28187279,-33.000000,62 
OBJECT_ADD 25875126,28156399,-33.000000,62 
OBJECT_ADD 25899567,28155821,-33.000000,62 
OBJECT_ADD 25863494,28239891,-146.000000,62 
OBJECT_ADD 25875470,28239971,-200.000000,63 
OBJECT_ADD 25896645,28207615,-123.000000,63 
OBJECT_ADD 25832033,28229268,-146.000000,62 
OBJECT_ADD 25820489,28206256,-146.000000,62 
OBJECT_ADD 25828108,28205859,-146.000000,62 
OBJECT_ADD 25859089,28183585,-200.000000,63 
OBJECT_ADD 25833379,28197412,-123.000000,63 
OBJECT_ADD 25829136,28214419,-123.000000,62 
OBJECT_ADD 25853557,28273623,-123.000000,62 
OBJECT_ADD 25860109,28209517,-123.000000,62 
OBJECT_ADD 25818616,28247660,-123.000000,62 
OBJECT_ADD 25854660,28267198,-123.000000,62 
OBJECT_ADD 25913423,28188526,-123.000000,62 
OBJECT_ADD 25840226,28242206,-123.000000,62 
OBJECT_ADD 25868353,28250558,-123.000000,62 
OBJECT_ADD 25855343,28256702,-123.000000,62 
OBJECT_ADD 25859022,28249158,-123.000000,62 
OBJECT_ADD 25856406,28246757,-123.000000,62 
OBJECT_ADD 26048373,28148851,0.000000,62 
OBJECT_ADD 26050371,28151173,0.000000,62 
OBJECT_ADD 26051837,28148893,0.000000,62 
OBJECT_ADD 26064693,28147160,0.000000,62 
OBJECT_ADD 26069975,28135436,0.000000,62 
OBJECT_ADD 26068895,28137418,0.000000,62 
OBJECT_ADD 26066742,28135201,0.000000,62 
OBJECT_ADD 26064965,28136089,0.000000,62 
OBJECT_ADD 26063254,28137878,0.000000,62 
OBJECT_ADD 26051006,28132321,0.000000,62 
OBJECT_ADD 26050259,28130071,0.000000,62 
OBJECT_ADD 26046762,28131440,0.000000,62 
OBJECT_ADD 26070820,28154048,0.000000,62 
OBJECT_ADD 26073878,28161406,0.000000,62 
OBJECT_ADD 26075404,28158351,0.000000,62 
OBJECT_ADD 26075959,28155554,0.000000,62 
OBJECT_ADD 26073771,28155762,0.000000,62 
OBJECT_ADD 26071357,28161200,0.000000,62 
OBJECT_ADD 26070440,28164110,0.000000,62 
OBJECT_ADD 26063120,28155129,0.000000,62 
OBJECT_ADD 26059588,28157016,0.000000,62 
OBJECT_ADD 26053208,28159822,0.000000,62 
OBJECT_ADD 26050349,28160063,0.000000,62 
OBJECT_ADD 26038946,28153381,0.000000,62 
OBJECT_ADD 26043088,28161244,0.000000,62 
OBJECT_ADD 26040150,28161753,0.000000,62 
OBJECT_ADD 26041483,28136860,0.000000,62 
OBJECT_ADD 26033529,28141967,0.000000,62 
OBJECT_ADD 26075817,28136573,0.000000,62 
OBJECT_ADD 25974239,28133753,-33.000000,62 
OBJECT_ADD 25994771,28206051,-33.000000,62 
OBJECT_ADD 25989335,28142998,-33.000000,62 
OBJECT_ADD 25994520,28185290,-33.000000,62 
OBJECT_ADD 26000858,28186692,-33.000000,62 
OBJECT_ADD 26006880,28183872,-33.000000,62 
OBJECT_ADD 25995825,28180517,-33.000000,62 
OBJECT_ADD 25987636,28151689,-33.000000,62 
OBJECT_ADD 25995581,28147470,-33.000000,62 
OBJECT_ADD 25910408,28168822,-33.000000,62 
OBJECT_ADD 25917359,28190916,-33.000000,62 
OBJECT_ADD 25910899,28244699,-33.000000,62 
OBJECT_ADD 25990916,28188878,-33.000000,62 
OBJECT_ADD 25895344,28229131,-33.000000,62 
OBJECT_ADD 26002272,28182496,-33.000000,62 
OBJECT_ADD 25916395,28243053,-33.000000,62 
OBJECT_ADD 26038329,28134252,-33.000000,62 
OBJECT_ADD 25924794,28222872,-33.000000,62 
OBJECT_ADD 25966963,28249371,-33.000000,62 
OBJECT_ADD 25971838,28252634,-33.000000,62 
OBJECT_ADD 25952220,28180067,-33.000000,62 
OBJECT_ADD 25955040,28184748,-33.000000,62 
OBJECT_ADD 25905977,28241963,-123.000000,62 
OBJECT_ADD 25903880,28251562,-123.000000,62 
OBJECT_ADD 25898872,28236804,-123.000000,62 
OBJECT_ADD 25877668,28255036,-123.000000,62 
OBJECT_ADD 25868786,28252116,-123.000000,62 
OBJECT_ADD 26045736,28172995,0.000000,62 
OBJECT_ADD 26046547,28170048,0.000000,62 
OBJECT_ADD 26075297,28168123,0.000000,62 
OBJECT_ADD 26075580,28179854,0.000000,62 
OBJECT_ADD 26072855,28181745,0.000000,62 
OBJECT_ADD 26059764,28186664,0.000000,62 
OBJECT_ADD 26069699,28183202,0.000000,62 
OBJECT_ADD 26066813,28185131,0.000000,62 
OBJECT_ADD 26056330,28184745,0.000000,62 
OBJECT_ADD 26053382,28184670,0.000000,62 
OBJECT_ADD 26049981,28184304,0.000000,62 
OBJECT_ADD 26055294,28169523,0.000000,62 
OBJECT_ADD 26076832,28160523,0.000000,62 
OBJECT_ADD 26082619,28146020,0.000000,62 
OBJECT_ADD 26079145,28142931,0.000000,62 
OBJECT_ADD 26080055,28160477,0.000000,62 
OBJECT_ADD 26078675,28158002,0.000000,62 
OBJECT_ADD 26078890,28166509,0.000000,62 
OBJECT_ADD 26083450,28148581,0.000000,62 
OBJECT_ADD 26082482,28156708,0.000000,62 
OBJECT_ADD 26083826,28154628,0.000000,62 
OBJECT_ADD 26083986,28159191,0.000000,62 
OBJECT_ADD 26086836,28145494,0.000000,62 
OBJECT_ADD 26091355,28156044,0.000000,62 
OBJECT_ADD 26089614,28153216,0.000000,62 
OBJECT_ADD 26092200,28143814,0.000000,62 
OBJECT_ADD 26086363,28143415,0.000000,62 
OBJECT_ADD 26091754,28141785,0.000000,62 
OBJECT_ADD 26076387,28171781,0.000000,62 
OBJECT_ADD 26079066,28174326,0.000000,62 
OBJECT_ADD 25654194,28338138,0.000000,62 
OBJECT_ADD 25627907,28311997,0.000000,62 
OBJECT_ADD 25625630,28313992,0.000000,62 
OBJECT_ADD 25624864,28318356,0.000000,62 
OBJECT_ADD 25631255,28321351,0.000000,62 
OBJECT_ADD 25630840,28325688,0.000000,62 
OBJECT_ADD 25650376,28324840,0.000000,62 
OBJECT_ADD 25629811,28352718,0.000000,62 
OBJECT_ADD 25631828,28344897,0.000000,62 
OBJECT_ADD 25652088,28333394,0.000000,62 
OBJECT_ADD 25655697,28343018,0.000000,62 
OBJECT_ADD 25626502,28326296,0.000000,62 
OBJECT_ADD 25647322,28316760,0.000000,62 
OBJECT_ADD 25592507,28357658,0.000000,62 
OBJECT_ADD 25612815,28363398,0.000000,62 
OBJECT_ADD 25644872,28312369,0.000000,62 
OBJECT_ADD 25568531,28347077,0.000000,62 
OBJECT_ADD 25660486,28335171,0.000000,62 
OBJECT_ADD 25597019,28342009,0.000000,62 
OBJECT_ADD 25571696,28351045,0.000000,62 
OBJECT_ADD 25595847,28359032,0.000000,62 
OBJECT_ADD 25610023,28351096,0.000000,62 
OBJECT_ADD 25578231,28355686,0.000000,62 
OBJECT_ADD 25660677,28327142,0.000000,62 
OBJECT_ADD 25656497,28326356,0.000000,62 
OBJECT_ADD 25602118,28341270,0.000000,62 
OBJECT_ADD 25815872,28307417,15014.000000,62 
OBJECT_ADD 25812131,28254432,0.000000,62 
OBJECT_ADD 25804232,28281012,0.000000,62 
OBJECT_ADD 25809007,28278442,0.000000,62 
OBJECT_ADD 25850609,28298281,0.000000,62 
OBJECT_ADD 25847112,28299650,0.000000,62 
OBJECT_ADD 25860312,28309867,0.000000,62 
OBJECT_ADD 25881197,28310753,0.000000,62 
OBJECT_ADD 25823675,28282121,0.000000,62 
OBJECT_ADD 25830265,28283133,0.000000,62 
OBJECT_ADD 25827451,28308731,0.000000,62 
OBJECT_ADD 25840597,28301325,0.000000,62 
OBJECT_ADD 25862522,28302045,0.000000,62 
OBJECT_ADD 25857306,28305780,0.000000,62 
OBJECT_ADD 25904414,28309605,0.000000,62 
OBJECT_ADD 25884964,28306833,0.000000,62 
OBJECT_ADD 25876167,28304783,0.000000,62 
OBJECT_ADD 26042542,28042656,0.000000,62 
OBJECT_ADD 26064389,28049391,0.000000,62 
OBJECT_ADD 26068657,28049017,0.000000,62 
OBJECT_ADD 26067661,28042347,0.000000,62 
OBJECT_ADD 26072288,28039715,0.000000,62 
OBJECT_ADD 26045448,28048613,0.000000,62 
OBJECT_ADD 26048249,28044655,0.000000,62 
OBJECT_ADD 26051312,28040900,0.000000,62 
OBJECT_ADD 26053325,28037498,0.000000,62 
OBJECT_ADD 26070212,28045296,0.000000,62 
OBJECT_ADD 26038430,28085057,-23.000000,62 
OBJECT_ADD 26064050,28066754,-23.000000,62 
OBJECT_ADD 26081943,28069695,-23.000000,62 
OBJECT_ADD 26072584,28080784,-23.000000,62 
OBJECT_ADD 26051001,28114104,-23.000000,62 
OBJECT_ADD 26053971,28116036,-23.000000,62 
OBJECT_ADD 26081145,28084153,-23.000000,62 
OBJECT_ADD 26050405,28080977,-23.000000,62 
OBJECT_ADD 26057035,28078606,-23.000000,62 
OBJECT_ADD 26060226,28078614,-23.000000,62 
OBJECT_ADD 26042380,28089363,-23.000000,62 
OBJECT_ADD 26065617,28115011,-66.000000,63 
OBJECT_ADD 26072534,28075044,-77.000000,63 
OBJECT_ADD 26049517,28056984,0.000000,63 
OBJECT_ADD 26039181,28050977,0.000000,62 
OBJECT_ADD 26066003,28074929,0.000000,62 
OBJECT_ADD 26079978,28059450,0.000000,62 
OBJECT_ADD 26036695,28108109,0.000000,62 
OBJECT_ADD 26033501,28106823,0.000000,62 
OBJECT_ADD 26031918,28090265,0.000000,62 
OBJECT_ADD 26045744,28095911,0.000000,62 
OBJECT_ADD 26060558,28095483,0.000000,62 
OBJECT_ADD 26062908,28090789,0.000000,62 
OBJECT_ADD 26032922,28100647,0.000000,62 
OBJECT_ADD 26037382,28097941,0.000000,62 
OBJECT_ADD 26013361,28099166,0.000000,62 
OBJECT_ADD 26014354,28094373,0.000000,62 
OBJECT_ADD 26016766,28092467,0.000000,62 
OBJECT_ADD 26051962,28062186,0.000000,62 
OBJECT_ADD 26035171,28087337,0.000000,62 
OBJECT_ADD 25985995,28173912,-23.000000,62 
OBJECT_ADD 25990877,28165023,-23.000000,62 
OBJECT_ADD 25978185,28143969,-23.000000,62 
OBJECT_ADD 25984139,28150142,-23.000000,62 
OBJECT_ADD 25970455,28135195,-23.000000,62 
OBJECT_ADD 25979214,28135486,-23.000000,62 
OBJECT_ADD 25974921,28129456,-23.000000,62 
OBJECT_ADD 25992234,28146244,-23.000000,62 
OBJECT_ADD 25997004,28167847,-23.000000,62 
OBJECT_ADD 25982471,28167110,-23.000000,62 
OBJECT_ADD 25972679,28139806,-23.000000,62 
OBJECT_ADD 25982365,28139456,-77.000000,63 
OBJECT_ADD 25982182,28146700,0.000000,63 
OBJECT_ADD 26064401,28204413,0.000000,62 
OBJECT_ADD 25973110,28201563,-23.000000,62 
OBJECT_ADD 25959395,28181347,-23.000000,62 
OBJECT_ADD 25960777,28213731,-66.000000,63 
OBJECT_ADD 26027005,28213985,-23.000000,62 
OBJECT_ADD 26022222,28236610,-23.000000,62 
OBJECT_ADD 26026005,28231054,-23.000000,62 
OBJECT_ADD 26025899,28236437,-23.000000,62 
OBJECT_ADD 26030697,28234432,-23.000000,62 
OBJECT_ADD 26034189,28237641,-23.000000,62 
OBJECT_ADD 26040060,28214975,-23.000000,62 
OBJECT_ADD 26049437,28190167,-23.000000,62 
OBJECT_ADD 26021186,28199905,-23.000000,62 
OBJECT_ADD 26054461,28223442,-23.000000,62 
OBJECT_ADD 26051475,28225307,-23.000000,62 
OBJECT_ADD 26023726,28199810,-23.000000,62 
OBJECT_ADD 26040587,28218186,-23.000000,62 
OBJECT_ADD 26000382,28231794,-66.000000,63 
OBJECT_ADD 26010364,28248636,-77.000000,63 
OBJECT_ADD 26032252,28248133,0.000000,63 
OBJECT_ADD 25973490,28204916,-23.000000,62 
OBJECT_ADD 25984979,28214839,-23.000000,62 
OBJECT_ADD 25958606,28263628,-23.000000,62 
OBJECT_ADD 25980737,28253386,-23.000000,62 
OBJECT_ADD 26011694,28228065,-23.000000,62 
OBJECT_ADD 26016347,28236079,-23.000000,62 
OBJECT_ADD 26011424,28239981,-23.000000,62 
OBJECT_ADD 26014544,28240127,-23.000000,62 
OBJECT_ADD 26012640,28245132,-23.000000,62 
OBJECT_ADD 26009837,28231540,-23.000000,62 
OBJECT_ADD 25980038,28254136,-23.000000,62 
OBJECT_ADD 26008996,28235309,-23.000000,62 
OBJECT_ADD 25985559,28229860,-23.000000,62 
OBJECT_ADD 25962921,28254981,-66.000000,63 
OBJECT_ADD 25993807,28253503,-77.000000,63 
OBJECT_ADD 25976778,28260080,0.000000,63 
OBJECT_ADD 25999038,28268950,0.000000,62 
OBJECT_ADD 25972763,28268184,0.000000,62 
OBJECT_ADD 25976043,28259285,0.000000,62 
OBJECT_ADD 25975044,28262375,0.000000,62 
OBJECT_ADD 26009404,28261551,0.000000,62 
OBJECT_ADD 25995249,28257232,0.000000,62 
OBJECT_ADD 25995314,28261437,0.000000,62 
OBJECT_ADD 26002073,28255424,0.000000,62 
OBJECT_ADD 25977616,28281883,0.000000,62 
OBJECT_ADD 26010412,28280533,0.000000,62 
OBJECT_ADD 26020417,28257069,0.000000,62 
OBJECT_ADD 25963543,28276608,0.000000,62 
OBJECT_ADD 26008212,28257880,0.000000,62 
OBJECT_ADD 26070771,28206730,0.000000,62 
OBJECT_ADD 26082347,28215038,0.000000,62 
OBJECT_ADD 26061357,28222649,0.000000,62 
OBJECT_ADD 26065612,28223141,0.000000,62 
OBJECT_ADD 26062591,28225464,0.000000,62 
OBJECT_ADD 26057351,28233892,0.000000,62 
OBJECT_ADD 26079518,28211195,0.000000,62 
OBJECT_ADD 26080673,28208180,0.000000,62 
OBJECT_ADD 26085570,28082344,-23.000000,62 
OBJECT_ADD 26086768,28096902,-23.000000,62 
OBJECT_ADD 26090364,28211412,0.000000,62 
OBJECT_ADD 26090822,28216302,0.000000,62 
OBJECT_ADD 26087569,28218490,0.000000,62 
OBJECT_ADD 26084287,28219722,0.000000,62 
OBJECT_ADD 26090846,28205422,0.000000,62 
OBJECT_ADD 26114830,28198901,0.000000,62 
OBJECT_ADD 26109795,28196843,0.000000,62 
OBJECT_ADD 26106147,28193214,0.000000,62 
OBJECT_ADD 26118773,28201049,0.000000,62 
OBJECT_ADD 26123984,28203490,0.000000,62 
OBJECT_ADD 26093089,28229925,0.000000,62 
OBJECT_ADD 26133565,28189846,0.000000,62 
OBJECT_ADD 26091216,28195673,0.000000,62 
OBJECT_ADD 26110780,28191436,0.000000,62 
OBJECT_ADD 26121911,28208835,0.000000,62 
OBJECT_ADD 26141203,28209301,0.000000,62 
OBJECT_ADD 26127178,28194248,0.000000,62 
OBJECT_ADD 26188203,28296667,-23.000000,62 
OBJECT_ADD 26184042,28299086,-23.000000,62 
OBJECT_ADD 26186574,28302470,-23.000000,62 
OBJECT_ADD 26182679,28306584,-23.000000,62 
OBJECT_ADD 26179318,28307720,-23.000000,62 
OBJECT_ADD 26162491,28311423,-23.000000,62 
OBJECT_ADD 26166692,28309297,-23.000000,62 
OBJECT_ADD 26176651,28305995,-23.000000,62 
OBJECT_ADD 26170498,28308626,-23.000000,62 
OBJECT_ADD 26176949,28303010,-23.000000,62 
OBJECT_ADD 26176114,28299565,-23.000000,62 
OBJECT_ADD 26173603,28296529,-23.000000,62 
OBJECT_ADD 26194645,28291502,-66.000000,63 
OBJECT_ADD 26162901,28283589,-77.000000,63 
OBJECT_ADD 26165923,28283190,0.000000,63 
OBJECT_ADD 26190910,28297578,0.000000,62 
OBJECT_ADD 26191208,28301306,0.000000,62 
OBJECT_ADD 26204858,28275503,0.000000,62 
OBJECT_ADD 26204891,28272341,0.000000,62 
OBJECT_ADD 26201087,28291038,0.000000,62 
OBJECT_ADD 26201565,28284941,0.000000,62 
OBJECT_ADD 26204386,28283667,0.000000,62 
OBJECT_ADD 26202234,28279054,0.000000,62 
OBJECT_ADD 26199443,28281172,0.000000,62 
OBJECT_ADD 26198192,28276459,0.000000,62 
OBJECT_ADD 26193044,28296148,0.000000,62 
OBJECT_ADD 26194582,28300803,0.000000,62 
OBJECT_ADD 26183974,28288504,0.000000,62 
OBJECT_ADD 26113052,28240068,0.000000,62 
OBJECT_ADD 26129085,28253381,0.000000,62 
OBJECT_ADD 26124159,28250997,0.000000,62 
OBJECT_ADD 26120521,28252893,0.000000,62 
OBJECT_ADD 26138242,28304284,0.000000,62 
OBJECT_ADD 26130844,28304247,0.000000,62 
OBJECT_ADD 26125506,28304773,0.000000,62 
OBJECT_ADD 26120521,28301845,0.000000,62 
OBJECT_ADD 26138607,28286358,0.000000,62 
OBJECT_ADD 26106347,28258244,0.000000,62 
OBJECT_ADD 26104907,28267347,0.000000,62 
OBJECT_ADD 26115540,28247439,0.000000,62 
OBJECT_ADD 26167189,28274341,0.000000,62 
OBJECT_ADD 26165765,28270273,0.000000,62 
OBJECT_ADD 26164594,28278956,0.000000,62 
OBJECT_ADD 26160487,28281084,0.000000,62 
OBJECT_ADD 26152548,28272237,0.000000,62 
OBJECT_ADD 26155682,28273101,0.000000,62 
OBJECT_ADD 26157974,28276088,0.000000,62 
OBJECT_ADD 26152308,28282740,0.000000,62 
OBJECT_ADD 26158375,28284205,0.000000,62 
OBJECT_ADD 26137612,28278850,0.000000,62 
OBJECT_ADD 26141967,28280517,0.000000,62 
OBJECT_ADD 26146179,28283035,0.000000,62 
OBJECT_ADD 26142410,28284806,0.000000,62 
OBJECT_ADD 26170173,28273406,0.000000,62 
OBJECT_ADD 26173755,28271027,0.000000,62 
OBJECT_ADD 26176376,28269935,0.000000,62 
OBJECT_ADD 26207665,28268604,0.000000,62 
OBJECT_ADD 26186332,28275370,0.000000,62 
OBJECT_ADD 26186594,28272122,0.000000,62 
OBJECT_ADD 26180566,28268789,0.000000,62 
OBJECT_ADD 26185633,28266157,0.000000,62 
OBJECT_ADD 26192456,28256848,0.000000,62 
OBJECT_ADD 26193860,28261955,0.000000,62 
OBJECT_ADD 26206866,28264684,0.000000,62 
OBJECT_ADD 26204760,28194330,0.000000,62 
OBJECT_ADD 26206097,28261863,0.000000,62 
OBJECT_ADD 26178311,28252428,0.000000,62 
OBJECT_ADD 26182872,28253415,0.000000,62 
OBJECT_ADD 26189237,28255318,0.000000,62 
OBJECT_ADD 26208311,28195901,0.000000,62 
OBJECT_ADD 26206540,28256925,0.000000,62 
OBJECT_ADD 25807559,28338144,15014.000000,62 
OBJECT_ADD 25804269,28334044,15014.000000,62 
OBJECT_ADD 25789466,28324408,15014.000000,62 
OBJECT_ADD 25786265,28334113,15014.000000,62 
OBJECT_ADD 25801211,28365756,15037.000000,63 
OBJECT_ADD 25786894,28329380,15014.000000,62 
OBJECT_ADD 25781993,28342962,15014.000000,62 
OBJECT_ADD 25773255,28333145,15014.000000,62 
OBJECT_ADD 25783180,28331609,15014.000000,62 
OBJECT_ADD 25780649,28337545,15014.000000,62 
OBJECT_ADD 25778300,28343117,15014.000000,62 
OBJECT_ADD 25812857,28340868,15014.000000,62 
OBJECT_ADD 25788322,28332232,14960.000000,63 
OBJECT_ADD 25804781,28320521,15014.000000,62 
OBJECT_ADD 25812776,28340812,15014.000000,62 
OBJECT_ADD 25810509,28323926,14960.000000,63 
OBJECT_ADD 25803503,28340271,15037.000000,63 
OBJECT_ADD 25808102,28313061,15014.000000,62 
OBJECT_ADD 25807967,28323584,15014.000000,62 
OBJECT_ADD 25809369,28331027,15014.000000,62 
OBJECT_ADD 25780807,28322511,15014.000000,62 
OBJECT_ADD 25775564,28329653,15014.000000,62 
OBJECT_ADD 25776030,28348900,15014.000000,62 
OBJECT_ADD 25790603,28319656,15014.000000,62 
OBJECT_ADD 25780773,28348418,15014.000000,62 
OBJECT_ADD 25812610,28312036,15014.000000,62 
OBJECT_ADD 25817469,28312608,15014.000000,62 
OBJECT_ADD 25811824,28326047,15014.000000,62 
OBJECT_ADD 25783821,28351339,15014.000000,62 
OBJECT_ADD 25784629,28348045,15014.000000,62 
OBJECT_ADD 25804758,28325538,15014.000000,62 
OBJECT_ADD 25784924,28347379,14971.000000,63 
OBJECT_ADD 25819781,28348645,14960.000000,63 
OBJECT_ADD 25806094,28403199,-116.000000,62 
OBJECT_ADD 25804178,28398020,0.000000,62 
OBJECT_ADD 25796498,28418597,0.000000,62 
OBJECT_ADD 25813781,28401240,0.000000,62 
OBJECT_ADD 25798522,28353027,15014.000000,62 
OBJECT_ADD 25800188,28363598,15014.000000,62 
OBJECT_ADD 25746303,28284336,14971.000000,63 
OBJECT_ADD 25787149,28299940,15014.000000,62 
OBJECT_ADD 25788666,28294942,15014.000000,62 
OBJECT_ADD 25781918,28291050,15014.000000,62 
OBJECT_ADD 25778832,28285221,15014.000000,62 
OBJECT_ADD 25780075,28279947,15014.000000,62 
OBJECT_ADD 25773911,28354695,15014.000000,62 
OBJECT_ADD 25791214,28290495,15014.000000,62 
OBJECT_ADD 25792715,28298011,15014.000000,62 
OBJECT_ADD 25795816,28293826,15014.000000,62 
OBJECT_ADD 25784317,28285399,15014.000000,62 
OBJECT_ADD 25751766,28287706,15014.000000,62 
OBJECT_ADD 25827429,28349053,15014.000000,62 
OBJECT_ADD 25827633,28361518,15014.000000,62 
OBJECT_ADD 25822822,28319967,15014.000000,62 
OBJECT_ADD 25658247,28392462,15014.000000,62 
OBJECT_ADD 25665748,28384844,15014.000000,62 
OBJECT_ADD 25720721,28446980,15014.000000,62 
OBJECT_ADD 25765276,28364641,15014.000000,62 
OBJECT_ADD 25800209,28371899,14971.000000,63 
OBJECT_ADD 25797857,28332521,15014.000000,62 
OBJECT_ADD 25815726,28360437,15014.000000,62 
OBJECT_ADD 25780701,28371782,15014.000000,62 
OBJECT_ADD 25758457,28338534,15014.000000,62 
OBJECT_ADD 25774592,28369996,15014.000000,62 
OBJECT_ADD 25778707,28367738,15014.000000,62 
OBJECT_ADD 25772445,28343495,15014.000000,62 
OBJECT_ADD 25791671,28365910,14971.000000,63 
OBJECT_ADD 25725017,28408596,15014.000000,62 
OBJECT_ADD 25722319,28411765,15014.000000,62 
OBJECT_ADD 25713558,28401457,15014.000000,62 
OBJECT_ADD 25720259,28403010,15014.000000,62 
OBJECT_ADD 25809685,28400837,15014.000000,62 
OBJECT_ADD 25791316,28416843,15014.000000,62 
OBJECT_ADD 25710856,28407538,15014.000000,62 
OBJECT_ADD 25706437,28413049,15014.000000,62 
OBJECT_ADD 25762293,28332015,15014.000000,62 
OBJECT_ADD 25801382,28397965,15014.000000,62 
OBJECT_ADD 25775138,28344734,15014.000000,62 
OBJECT_ADD 25766873,28359212,15014.000000,62 
OBJECT_ADD 25763571,28361626,15014.000000,62 
OBJECT_ADD 25821120,28393882,14960.000000,63 
OBJECT_ADD 25788578,28345932,15037.000000,63 
OBJECT_ADD 25770671,28357298,15014.000000,62 
OBJECT_ADD 25769420,28364381,15014.000000,62 
OBJECT_ADD 25774002,28364192,15014.000000,62 
OBJECT_ADD 25774802,28359417,15014.000000,62 
OBJECT_ADD 25790566,28371978,15014.000000,62 
OBJECT_ADD 25800245,28375649,15014.000000,62 
OBJECT_ADD 25814318,28364768,15014.000000,62 
OBJECT_ADD 25813450,28356260,15014.000000,62 
OBJECT_ADD 25817147,28355580,15014.000000,62 
OBJECT_ADD 25792963,28374124,15014.000000,62 
OBJECT_ADD 25801043,28368544,15037.000000,63 
OBJECT_ADD 25845529,28364162,-116.000000,62 
OBJECT_ADD 25863010,28382571,-116.000000,62 
OBJECT_ADD 25884281,28396686,-116.000000,62 
OBJECT_ADD 25872866,28401095,-116.000000,62 
OBJECT_ADD 25872138,28405433,-116.000000,62 
OBJECT_ADD 25868664,28407686,-116.000000,62 
OBJECT_ADD 25867890,28414347,-116.000000,62 
OBJECT_ADD 25869433,28411164,-116.000000,62 
OBJECT_ADD 25878962,28393540,-116.000000,62 
OBJECT_ADD 25840667,28396925,-116.000000,62 
OBJECT_ADD 25824172,28406128,-116.000000,62 
OBJECT_ADD 25886952,28395382,-116.000000,62 
OBJECT_ADD 25852946,28423540,-116.000000,62 
OBJECT_ADD 25848498,28423318,-159.000000,63 
OBJECT_ADD 25901680,28409410,-170.000000,63 
OBJECT_ADD 25885078,28413483,-93.000000,63 
OBJECT_ADD 25877029,28389478,-116.000000,62 
OBJECT_ADD 25883971,28431493,-116.000000,62 
OBJECT_ADD 25863244,28428556,-116.000000,62 
OBJECT_ADD 25836982,28406997,-116.000000,62 
OBJECT_ADD 25840933,28425763,-116.000000,62 
OBJECT_ADD 25892287,28425828,-116.000000,62 
OBJECT_ADD 25864751,28422632,-116.000000,62 
OBJECT_ADD 25857995,28418305,-116.000000,62 
OBJECT_ADD 25858787,28438120,-116.000000,62 
OBJECT_ADD 25882045,28428652,-116.000000,62 
OBJECT_ADD 25879662,28419704,-116.000000,62 
OBJECT_ADD 25884078,28358161,-159.000000,63 
OBJECT_ADD 25871147,28402188,-170.000000,63 
OBJECT_ADD 25861703,28391559,-93.000000,63 
OBJECT_ADD 25894536,28397246,-116.000000,62 
OBJECT_ADD 25891671,28396601,-116.000000,62 
OBJECT_ADD 25901199,28401365,-116.000000,62 
OBJECT_ADD 25898473,28406906,-116.000000,62 
OBJECT_ADD 25880133,28365597,-116.000000,62 
OBJECT_ADD 25897413,28398298,-116.000000,62 
OBJECT_ADD 25896582,28409569,-116.000000,62 
OBJECT_ADD 25911468,28394738,-116.000000,62 
OBJECT_ADD 25910344,28398468,-116.000000,62 
OBJECT_ADD 25906688,28398990,-116.000000,62 
OBJECT_ADD 25898630,28394570,-116.000000,62 
OBJECT_ADD 25901096,28394285,-116.000000,62 
OBJECT_ADD 25903807,28390903,-116.000000,62 
OBJECT_ADD 25904044,28377220,-159.000000,63 
OBJECT_ADD 25887724,28426464,-170.000000,63 
OBJECT_ADD 25894347,28426040,-93.000000,63 
OBJECT_ADD 25914805,28413906,-116.000000,62 
OBJECT_ADD 25868395,28369386,-116.000000,62 
OBJECT_ADD 25918845,28420414,-116.000000,62 
OBJECT_ADD 25874078,28375904,-116.000000,62 
OBJECT_ADD 25919495,28399606,-116.000000,62 
OBJECT_ADD 25926253,28397371,-116.000000,62 
OBJECT_ADD 25931133,28394001,-116.000000,62 
OBJECT_ADD 25925330,28403026,-116.000000,62 
OBJECT_ADD 25844256,28441562,-116.000000,62 
OBJECT_ADD 25839565,28440323,-116.000000,62 
OBJECT_ADD 25836082,28427135,-116.000000,62 
OBJECT_ADD 25909880,28420690,-116.000000,62 
OBJECT_ADD 25901223,28410963,-159.000000,63 
OBJECT_ADD 25901937,28409307,-170.000000,63 
OBJECT_ADD 25902523,28407866,-93.000000,63 
OBJECT_ADD 25859107,28379499,-116.000000,62 
OBJECT_ADD 25840245,28416404,-116.000000,62 
OBJECT_ADD 25851514,28403163,-116.000000,62 
OBJECT_ADD 25863492,28416383,-116.000000,62 
OBJECT_ADD 25854806,28392039,-116.000000,62 
OBJECT_ADD 25866657,28388849,-116.000000,62 
OBJECT_ADD 25856222,28439472,-116.000000,62 
OBJECT_ADD 25869928,28384777,-116.000000,62 
OBJECT_ADD 25845559,28416451,-116.000000,62 
OBJECT_ADD 25861169,28413200,-116.000000,62 
OBJECT_ADD 25895649,28382556,-116.000000,62 
OBJECT_ADD 25914785,28398468,-116.000000,62 
OBJECT_ADD 25906308,28405187,-159.000000,63 
OBJECT_ADD 25904730,28425227,-170.000000,63 
OBJECT_ADD 25902766,28425884,-93.000000,63 
OBJECT_ADD 25848224,28412061,0.000000,62 
OBJECT_ADD 25824104,28411488,0.000000,62 
OBJECT_ADD 25842186,28377281,0.000000,62 
OBJECT_ADD 25829910,28368769,0.000000,62 
OBJECT_ADD 25836345,28387339,0.000000,62 
OBJECT_ADD 25834093,28368312,0.000000,62 
OBJECT_ADD 25849249,28393461,0.000000,62 
OBJECT_ADD 25833905,28389198,0.000000,62 
OBJECT_ADD 25828793,28404330,0.000000,62 
OBJECT_ADD 25856139,28410284,0.000000,62 
OBJECT_ADD 25942155,28388304,-23.000000,62 
OBJECT_ADD 25940709,28403550,-23.000000,62 
OBJECT_ADD 25922620,28418353,-23.000000,62 
OBJECT_ADD 25925694,28418685,-23.000000,62 
OBJECT_ADD 25928594,28422494,-23.000000,62 
OBJECT_ADD 25925298,28415039,-23.000000,62 
OBJECT_ADD 25929371,28415179,-23.000000,62 
OBJECT_ADD 25931761,28419678,-23.000000,62 
OBJECT_ADD 25934958,28421649,-23.000000,62 
OBJECT_ADD 25936695,28392304,-77.000000,63 
OBJECT_ADD 25939046,28412920,0.000000,63 
OBJECT_ADD 25910581,28373690,0.000000,62 
OBJECT_ADD 25911250,28370139,0.000000,62 
OBJECT_ADD 25944284,28342643,0.000000,62 
OBJECT_ADD 25863119,28316002,0.000000,62 
OBJECT_ADD 25921795,28357446,0.000000,62 
OBJECT_ADD 25903606,28324148,0.000000,62 
OBJECT_ADD 25922647,28390461,0.000000,62 
OBJECT_ADD 25929688,28377899,0.000000,62 
OBJECT_ADD 25946075,28372254,0.000000,62 
OBJECT_ADD 25848300,28311566,0.000000,62 
OBJECT_ADD 25870936,28330162,0.000000,62 
OBJECT_ADD 25899304,28318358,0.000000,62 
OBJECT_ADD 25884130,28329729,0.000000,62 
OBJECT_ADD 25892150,28373270,0.000000,62 
OBJECT_ADD 25915319,28383521,0.000000,62 
OBJECT_ADD 25911156,28381413,0.000000,62 
OBJECT_ADD 25857998,28323120,0.000000,62 
OBJECT_ADD 25861315,28326433,0.000000,62 
OBJECT_ADD 25844882,28340892,0.000000,62 
OBJECT_ADD 25875238,28385997,0.000000,62 
OBJECT_ADD 25870578,28378256,0.000000,62 
OBJECT_ADD 25883848,28358072,0.000000,62 
OBJECT_ADD 25851293,28332380,0.000000,62 
OBJECT_ADD 25877011,28316569,0.000000,62 
OBJECT_ADD 25838799,28319860,0.000000,62 
OBJECT_ADD 25843249,28320758,0.000000,62 
OBJECT_ADD 25837545,28333387,0.000000,62 
OBJECT_ADD 25880025,28334807,0.000000,62 
OBJECT_ADD 25894980,28322630,0.000000,62 
OBJECT_ADD 25913626,28362506,0.000000,62 
OBJECT_ADD 25858245,28328296,0.000000,62 
OBJECT_ADD 25867223,28331395,0.000000,62 
OBJECT_ADD 25847523,28327378,0.000000,62 
OBJECT_ADD 25860735,28359691,0.000000,62 
OBJECT_ADD 25888079,28313571,0.000000,62 
OBJECT_ADD 25880080,28342142,0.000000,62 
OBJECT_ADD 25901742,28320881,0.000000,62 
OBJECT_ADD 25831657,28338253,0.000000,62 
OBJECT_ADD 25847661,28354811,0.000000,62 
OBJECT_ADD 25833401,28333498,0.000000,62 
OBJECT_ADD 25834396,28317774,0.000000,62 
OBJECT_ADD 25863051,28347609,0.000000,62 
OBJECT_ADD 25907048,28318941,0.000000,62 
OBJECT_ADD 25832580,28386535,14971.000000,63 
OBJECT_ADD 25944666,28408281,-23.000000,62 
OBJECT_ADD 25946908,28405957,-23.000000,62 
OBJECT_ADD 25889474,28444155,-116.000000,62 
OBJECT_ADD 25896662,28452009,-116.000000,62 
OBJECT_ADD 25842872,28462040,-116.000000,62 
OBJECT_ADD 25953720,28384577,-23.000000,62 
OBJECT_ADD 25957987,28387033,-23.000000,62 
OBJECT_ADD 25956295,28393592,-66.000000,63 
OBJECT_ADD 26020512,28407665,0.000000,62 
OBJECT_ADD 26041714,28404347,0.000000,62 
OBJECT_ADD 25999496,28405068,0.000000,62 
OBJECT_ADD 26063290,28390266,0.000000,62 
OBJECT_ADD 26061764,28385955,0.000000,62 
OBJECT_ADD 26059846,28383231,0.000000,62 
OBJECT_ADD 26050586,28396879,0.000000,62 
OBJECT_ADD 26076530,28352192,0.000000,62 
OBJECT_ADD 26048608,28357888,0.000000,62 
OBJECT_ADD 26045375,28345790,0.000000,62 
OBJECT_ADD 26054883,28347383,0.000000,62 
OBJECT_ADD 26058729,28342697,0.000000,62 
OBJECT_ADD 26065602,28346385,0.000000,62 
OBJECT_ADD 26052336,28356965,0.000000,62 
OBJECT_ADD 26061963,28411014,0.000000,62 
OBJECT_ADD 26061936,28417781,0.000000,62 
OBJECT_ADD 26056363,28406614,0.000000,62 
OBJECT_ADD 26052650,28403118,0.000000,62 
OBJECT_ADD 26055728,28343588,0.000000,62 
OBJECT_ADD 26048978,28346228,0.000000,62 
OBJECT_ADD 26046890,28411874,0.000000,62 
OBJECT_ADD 26044383,28408161,0.000000,62 
OBJECT_ADD 26069182,28413957,0.000000,62 
OBJECT_ADD 26075386,28402800,0.000000,62 
OBJECT_ADD 26070285,28396678,0.000000,62 
OBJECT_ADD 26072454,28412840,0.000000,62 
OBJECT_ADD 26049887,28351808,0.000000,62 
OBJECT_ADD 26055192,28361182,0.000000,62 
OBJECT_ADD 26051180,28361022,0.000000,62 
OBJECT_ADD 26031496,28390851,0.000000,62 
OBJECT_ADD 26041248,28410189,0.000000,62 
OBJECT_ADD 26028063,28426189,0.000000,62 
OBJECT_ADD 26063737,28422568,0.000000,62 
OBJECT_ADD 26036676,28400737,0.000000,62 
OBJECT_ADD 26026917,28382987,0.000000,62 
OBJECT_ADD 26069458,28350234,0.000000,62 
OBJECT_ADD 26076264,28409975,0.000000,62 
OBJECT_ADD 26078581,28406509,0.000000,62 
OBJECT_ADD 26068408,28432208,0.000000,62 
OBJECT_ADD 26061733,28433246,0.000000,62 
OBJECT_ADD 26064950,28441593,0.000000,62 
OBJECT_ADD 26065734,28393887,0.000000,62 
OBJECT_ADD 26073760,28429438,0.000000,62 
OBJECT_ADD 26035847,28397093,0.000000,62 
OBJECT_ADD 26078234,28431114,0.000000,62 
OBJECT_ADD 26082448,28426276,0.000000,62 
OBJECT_ADD 26076972,28385133,0.000000,62 
OBJECT_ADD 25987934,28409179,0.000000,62 
OBJECT_ADD 25991485,28401156,0.000000,62 
OBJECT_ADD 25990085,28404541,0.000000,62 
OBJECT_ADD 25983411,28401245,0.000000,62 
OBJECT_ADD 26058204,28444618,0.000000,62 
OBJECT_ADD 26051399,28445043,0.000000,62 
OBJECT_ADD 26037249,28448265,0.000000,62 
OBJECT_ADD 26163306,28314962,-23.000000,62 
OBJECT_ADD 26133225,28311995,0.000000,62 
OBJECT_ADD 26083532,28430261,0.000000,62 
OBJECT_ADD 26092449,28361511,0.000000,62 
OBJECT_ADD 26134487,28348759,0.000000,62 
OBJECT_ADD 26139481,28349799,0.000000,62 
OBJECT_ADD 26125216,28405785,0.000000,62 
OBJECT_ADD 26146509,28345753,0.000000,62 
OBJECT_ADD 26150341,28329295,0.000000,62 
OBJECT_ADD 26138102,28419680,0.000000,62 
OBJECT_ADD 26139886,28414006,0.000000,62 
OBJECT_ADD 26152504,28401148,0.000000,62 
OBJECT_ADD 26125618,28340044,0.000000,62 
OBJECT_ADD 26138845,28334083,0.000000,62 
OBJECT_ADD 26143440,28332844,0.000000,62 
OBJECT_ADD 26133416,28335476,0.000000,62 
OBJECT_ADD 26158182,28354297,0.000000,62 
OBJECT_ADD 26162778,28362312,0.000000,62 
OBJECT_ADD 26164761,28357687,0.000000,62 
OBJECT_ADD 26173487,28344375,0.000000,62 
OBJECT_ADD 26159656,28356902,0.000000,62 
OBJECT_ADD 26146988,28328497,0.000000,62 
OBJECT_ADD 26156670,28361192,0.000000,62 
OBJECT_ADD 26151184,28355490,0.000000,62 
OBJECT_ADD 26112481,28389086,0.000000,62 
OBJECT_ADD 26112274,28383939,0.000000,62 
OBJECT_ADD 26111985,28378154,0.000000,62 
OBJECT_ADD 26139564,28363812,0.000000,62 
OBJECT_ADD 26112731,28373765,0.000000,62 
OBJECT_ADD 26153317,28351609,0.000000,62 
OBJECT_ADD 26153254,28392521,0.000000,62 
OBJECT_ADD 26155003,28383604,0.000000,62 
OBJECT_ADD 26168221,28359261,0.000000,62 
OBJECT_ADD 26156539,28372206,0.000000,62 
OBJECT_ADD 26161074,28374936,0.000000,62 
OBJECT_ADD 26133124,28352772,0.000000,62 
OBJECT_ADD 26123964,28337545,0.000000,62 
OBJECT_ADD 26122469,28382844,0.000000,62 
OBJECT_ADD 26179792,28342083,0.000000,62 
OBJECT_ADD 26178222,28383284,0.000000,62 
OBJECT_ADD 26119407,28361281,0.000000,62 
OBJECT_ADD 26123999,28340840,0.000000,62 
OBJECT_ADD 26144224,28339913,0.000000,62 
OBJECT_ADD 26169587,28355375,0.000000,62 
OBJECT_ADD 26175932,28346127,0.000000,62 
OBJECT_ADD 26166719,28387296,0.000000,62 
OBJECT_ADD 26157471,28376715,0.000000,62 
OBJECT_ADD 26146862,28387281,0.000000,62 
OBJECT_ADD 26154988,28379722,0.000000,62 
OBJECT_ADD 26171304,28359383,0.000000,62 
OBJECT_ADD 26176255,28381301,0.000000,62 
OBJECT_ADD 26152448,28386539,0.000000,62 
OBJECT_ADD 26143258,28407583,0.000000,62 
OBJECT_ADD 26125841,28397543,0.000000,62 
OBJECT_ADD 26121520,28393675,0.000000,62 
OBJECT_ADD 26143650,28336397,0.000000,62 
OBJECT_ADD 26144264,28322502,0.000000,62 
OBJECT_ADD 26175469,28350935,0.000000,62 
OBJECT_ADD 26178819,28348414,0.000000,62 
OBJECT_ADD 26182570,28346135,0.000000,62 
OBJECT_ADD 26172450,28330221,0.000000,62 
OBJECT_ADD 26167505,28325956,0.000000,62 
OBJECT_ADD 26163781,28336918,0.000000,62 
OBJECT_ADD 26083754,28408407,0.000000,62 
OBJECT_ADD 26084599,28396177,0.000000,62 
OBJECT_ADD 26084153,28394148,0.000000,62 
OBJECT_ADD 26221241,28268876,0.000000,62 
OBJECT_ADD 26226440,28253833,0.000000,62 
OBJECT_ADD 26222292,28189049,0.000000,62 
OBJECT_ADD 26231447,28251915,0.000000,62 
OBJECT_ADD 26230249,28247637,0.000000,62 
OBJECT_ADD 26221937,28194351,0.000000,62 
OBJECT_ADD 26240505,28194222,0.000000,62 
OBJECT_ADD 26227397,28191916,0.000000,62 
OBJECT_ADD 26232559,28191787,0.000000,62 
OBJECT_ADD 26217755,28261782,0.000000,62 
OBJECT_ADD 26238618,28254422,0.000000,62 
OBJECT_ADD 26239291,28261674,0.000000,62 
OBJECT_ADD 26223201,28262355,0.000000,62 
OBJECT_ADD 26228619,28256735,0.000000,62 
OBJECT_ADD 26236876,28251604,0.000000,62 
OBJECT_ADD 26232873,28254916,0.000000,62 
OBJECT_ADD 26229464,28263589,0.000000,62 
OBJECT_ADD 26221615,28259464,0.000000,62 
OBJECT_ADD 26223315,28265116,0.000000,62 
OBJECT_ADD 26214826,28262831,0.000000,62 
OBJECT_ADD 26225182,28249810,0.000000,62 
OBJECT_ADD 26240400,28251061,0.000000,62 
OBJECT_ADD 26270904,28225684,0.000000,62 
OBJECT_ADD 26267995,28249586,0.000000,62 
OBJECT_ADD 26258771,28249033,0.000000,62 
OBJECT_ADD 26240548,28187982,0.000000,62 
OBJECT_ADD 26245149,28186846,0.000000,62 
OBJECT_ADD 26235546,28206166,0.000000,62 
OBJECT_ADD 26300288,28183416,-23.000000,62 
OBJECT_ADD 26313562,28193921,-23.000000,62 
OBJECT_ADD 26338220,28184725,-23.000000,62 
OBJECT_ADD 26263937,28238110,-23.000000,62 
OBJECT_ADD 26308884,28191005,-23.000000,62 
OBJECT_ADD 26304422,28189547,-23.000000,62 
OBJECT_ADD 26286010,28194358,-23.000000,62 
OBJECT_ADD 26264708,28224266,-23.000000,62 
OBJECT_ADD 26278378,28235719,-23.000000,62 
OBJECT_ADD 26271305,28209918,-23.000000,62 
OBJECT_ADD 26268770,28224940,-23.000000,62 
OBJECT_ADD 26245786,28239680,-23.000000,62 
OBJECT_ADD 26267749,28210384,-23.000000,62 
OBJECT_ADD 26252282,28245220,-66.000000,63 
OBJECT_ADD 26244090,28205381,-77.000000,63 
OBJECT_ADD 26264171,28245434,0.000000,63 
OBJECT_ADD 26216648,28406605,0.000000,62 
OBJECT_ADD 26219898,28412287,0.000000,62 
OBJECT_ADD 26275606,28325051,0.000000,62 
OBJECT_ADD 26338649,28377302,0.000000,62 
OBJECT_ADD 26296819,28390428,0.000000,62 
OBJECT_ADD 26231526,28381306,0.000000,62 
OBJECT_ADD 26258551,28332477,0.000000,62 
OBJECT_ADD 26262366,28333845,0.000000,62 
OBJECT_ADD 26259435,28337350,0.000000,62 
OBJECT_ADD 26289670,28342805,0.000000,62 
OBJECT_ADD 26336472,28352408,0.000000,62 
OBJECT_ADD 26276435,28348180,0.000000,62 
OBJECT_ADD 26305320,28365249,0.000000,62 
OBJECT_ADD 26311702,28374242,0.000000,62 
OBJECT_ADD 26310936,28369293,0.000000,62 
OBJECT_ADD 26318141,28364220,0.000000,62 
OBJECT_ADD 26309354,28361236,0.000000,62 
OBJECT_ADD 26306014,28372381,0.000000,62 
OBJECT_ADD 26302763,28372300,0.000000,62 
OBJECT_ADD 26296645,28367062,0.000000,62 
OBJECT_ADD 26294600,28371056,0.000000,62 
OBJECT_ADD 26290433,28391994,0.000000,62 
OBJECT_ADD 26272845,28361181,0.000000,62 
OBJECT_ADD 26316662,28354371,0.000000,62 
OBJECT_ADD 26289940,28375438,0.000000,62 
OBJECT_ADD 26251288,28408868,0.000000,62 
OBJECT_ADD 26249905,28404576,0.000000,62 
OBJECT_ADD 26227889,28367437,0.000000,62 
OBJECT_ADD 26224066,28366697,0.000000,62 
OBJECT_ADD 26254741,28362821,0.000000,62 
OBJECT_ADD 26249047,28362946,0.000000,62 
OBJECT_ADD 26272426,28365002,0.000000,62 
OBJECT_ADD 26238755,28375200,0.000000,62 
OBJECT_ADD 26274660,28373331,0.000000,62 
OBJECT_ADD 26311474,28355546,0.000000,62 
OBJECT_ADD 26343594,28380122,0.000000,62 
OBJECT_ADD 26279545,28362473,0.000000,62 
OBJECT_ADD 26256565,28348666,0.000000,62 
OBJECT_ADD 26260440,28347934,0.000000,62 
OBJECT_ADD 26264992,28346940,0.000000,62 
OBJECT_ADD 26276573,28353938,0.000000,62 
OBJECT_ADD 26296509,28377061,0.000000,62 
OBJECT_ADD 26308605,28383709,0.000000,62 
OBJECT_ADD 26243583,28404415,0.000000,62 
OBJECT_ADD 26240076,28410942,0.000000,62 
OBJECT_ADD 26296180,28380508,0.000000,62 
OBJECT_ADD 26259293,28405130,0.000000,62 
OBJECT_ADD 26257102,28413562,0.000000,62 
OBJECT_ADD 26244584,28417315,0.000000,62 
OBJECT_ADD 26265202,28414455,0.000000,62 
OBJECT_ADD 26246439,28409521,0.000000,62 
OBJECT_ADD 26273732,28358190,0.000000,62 
OBJECT_ADD 26322388,28354022,0.000000,62 
OBJECT_ADD 26327420,28378031,0.000000,62 
OBJECT_ADD 26296821,28370790,0.000000,62 
OBJECT_ADD 26333801,28383672,0.000000,62 
OBJECT_ADD 26325715,28353360,0.000000,62 
OBJECT_ADD 26336071,28371201,0.000000,62 
OBJECT_ADD 26214576,28394721,0.000000,62 
OBJECT_ADD 26235807,28361741,-23.000000,62 
OBJECT_ADD 26247873,28322934,-23.000000,62 
OBJECT_ADD 26243145,28336887,-23.000000,62 
OBJECT_ADD 26251236,28323656,-23.000000,62 
OBJECT_ADD 26237877,28332540,-23.000000,62 
OBJECT_ADD 26344497,28347471,-23.000000,62 
OBJECT_ADD 26260967,28317941,-23.000000,62 
OBJECT_ADD 26235933,28337486,-23.000000,62 
OBJECT_ADD 26258380,28361837,-66.000000,63 
OBJECT_ADD 26271182,28354508,-77.000000,63 
OBJECT_ADD 26300080,28344404,0.000000,63 
OBJECT_ADD 26358014,28360909,-23.000000,62 
OBJECT_ADD 26360259,28349108,-23.000000,62 
OBJECT_ADD 26353747,28341858,-23.000000,62 
OBJECT_ADD 26354248,28347150,-23.000000,62 
OBJECT_ADD 26350292,28349837,-23.000000,62 
