OBJECT_ADD 37600418,33029123,0.000000,62 
OBJECT_ADD 37602659,33023968,0.000000,62 
OBJECT_ADD 37607073,33019677,0.000000,62 
OBJECT_ADD 37611506,33019283,0.000000,62 
OBJECT_ADD 37602201,33018770,0.000000,62 
OBJECT_ADD 37577965,33023308,0.000000,62 
OBJECT_ADD 37579176,33020130,0.000000,62 
OBJECT_ADD 37580168,33015941,0.000000,62 
OBJECT_ADD 37591026,33013426,0.000000,62 
OBJECT_ADD 37578494,32982442,0.000000,62 
OBJECT_ADD 37599723,33009237,0.000000,62 
OBJECT_ADD 37586915,32992662,0.000000,62 
OBJECT_ADD 37588641,32989336,0.000000,62 
OBJECT_ADD 37591956,32989595,0.000000,62 
OBJECT_ADD 37593906,32994734,0.000000,62 
OBJECT_ADD 37567121,32997461,0.000000,62 
OBJECT_ADD 37612765,33024916,0.000000,62 
OBJECT_ADD 37567539,33000705,0.000000,62 
OBJECT_ADD 37591481,33022735,0.000000,62 
OBJECT_ADD 37589400,32985745,0.000000,62 
OBJECT_ADD 37557167,32984923,0.000000,62 
OBJECT_ADD 37616362,33020869,0.000000,62 
OBJECT_ADD 37616286,33017255,0.000000,62 
OBJECT_ADD 37607906,33028537,0.000000,62 
OBJECT_ADD 37610503,33155862,0.000000,62 
OBJECT_ADD 37612284,33159417,0.000000,62 
OBJECT_ADD 37602453,33155161,0.000000,62 
OBJECT_ADD 37602278,33146792,-77.000000,63 
OBJECT_ADD 37606815,33157903,0.000000,62 
OBJECT_ADD 37605577,33146335,0.000000,62 
OBJECT_ADD 37615998,33147284,0.000000,62 
OBJECT_ADD 37614475,33154586,0.000000,62 
OBJECT_ADD 37616892,33157189,0.000000,62 
OBJECT_ADD 37593146,33160621,0.000000,62 
OBJECT_ADD 37594860,33142483,0.000000,63 
OBJECT_ADD 37582655,33146689,0.000000,62 
OBJECT_ADD 37584843,33156243,0.000000,62 
OBJECT_ADD 37590224,33148750,0.000000,62 
OBJECT_ADD 37590197,33151957,0.000000,62 
OBJECT_ADD 37589742,33155920,0.000000,62 
OBJECT_ADD 37597753,33149126,0.000000,62 
OBJECT_ADD 37578387,33145674,0.000000,62 
OBJECT_ADD 37582985,33146200,0.000000,62 
OBJECT_ADD 37593200,33136417,0.000000,62 
OBJECT_ADD 37595426,33132873,0.000000,62 
OBJECT_ADD 37595222,33140340,0.000000,62 
OBJECT_ADD 37600137,33135360,0.000000,62 
OBJECT_ADD 37603473,33134215,0.000000,62 
OBJECT_ADD 37596435,33157116,0.000000,62 
OBJECT_ADD 37599496,33156280,0.000000,62 
OBJECT_ADD 37603491,33150173,0.000000,62 
OBJECT_ADD 37610516,33139704,0.000000,62 
OBJECT_ADD 37611745,33135219,0.000000,62 
OBJECT_ADD 37613669,33127554,0.000000,62 
OBJECT_ADD 37609225,33121975,0.000000,62 
OBJECT_ADD 37600829,33126783,0.000000,62 
OBJECT_ADD 37597772,33130441,0.000000,62 
OBJECT_ADD 37591623,33128675,0.000000,62 
OBJECT_ADD 37588131,33120736,0.000000,62 
OBJECT_ADD 37591545,33123053,0.000000,62 
OBJECT_ADD 37595664,33123140,0.000000,62 
OBJECT_ADD 37599783,33123390,0.000000,62 
OBJECT_ADD 37580178,33125620,0.000000,62 
OBJECT_ADD 37578166,33120845,0.000000,62 
OBJECT_ADD 37581440,33121016,0.000000,62 
OBJECT_ADD 37603421,33123439,0.000000,62 
OBJECT_ADD 37578551,33117038,0.000000,62 
OBJECT_ADD 37580221,33112796,0.000000,62 
OBJECT_ADD 37585098,33124482,0.000000,62 
OBJECT_ADD 37602729,33096797,0.000000,62 
OBJECT_ADD 37612218,33091411,0.000000,62 
OBJECT_ADD 37589556,33070246,0.000000,62 
OBJECT_ADD 37612230,33097074,0.000000,62 
OBJECT_ADD 37610751,33074845,0.000000,62 
OBJECT_ADD 37607938,33064734,0.000000,62 
OBJECT_ADD 37602794,33058281,0.000000,62 
OBJECT_ADD 37603708,33065477,0.000000,62 
OBJECT_ADD 37597360,33055871,0.000000,62 
OBJECT_ADD 37594514,33051088,0.000000,62 
OBJECT_ADD 37594296,33057300,0.000000,62 
OBJECT_ADD 37592614,33062562,0.000000,62 
OBJECT_ADD 37598379,33062522,0.000000,62 
OBJECT_ADD 37600645,33069144,0.000000,62 
OBJECT_ADD 37609344,33083567,0.000000,62 
OBJECT_ADD 37595876,33068771,0.000000,62 
OBJECT_ADD 37601251,33068859,0.000000,62 
OBJECT_ADD 37596014,33034562,0.000000,62 
OBJECT_ADD 37609613,33050875,0.000000,62 
OBJECT_ADD 37606718,33046221,0.000000,62 
OBJECT_ADD 37604975,33042615,0.000000,62 
OBJECT_ADD 37602819,33039937,0.000000,62 
OBJECT_ADD 37599662,33036955,0.000000,62 
OBJECT_ADD 37597207,33042714,0.000000,62 
OBJECT_ADD 37580432,33076169,0.000000,62 
OBJECT_ADD 37609197,33034406,0.000000,62 
OBJECT_ADD 37592969,33068613,0.000000,62 
OBJECT_ADD 37581277,33072593,0.000000,62 
OBJECT_ADD 37587822,33074259,0.000000,62 
OBJECT_ADD 37583808,33067617,0.000000,62 
OBJECT_ADD 37613929,33034021,0.000000,62 
OBJECT_ADD 37585994,33227150,157.000000,62 
OBJECT_ADD 37595166,33272160,157.000000,62 
OBJECT_ADD 37598313,33272160,157.000000,62 
OBJECT_ADD 37597085,33268935,157.000000,62 
OBJECT_ADD 37609589,33229901,157.000000,62 
OBJECT_ADD 37597388,33231558,157.000000,62 
OBJECT_ADD 37607187,33240706,157.000000,62 
OBJECT_ADD 37614978,33257573,114.000000,63 
OBJECT_ADD 37614142,33254571,103.000000,63 
OBJECT_ADD 37616955,33252849,180.000000,63 
OBJECT_ADD 37617536,33260251,157.000000,62 
OBJECT_ADD 37615934,33266650,157.000000,62 
OBJECT_ADD 37609378,33259044,114.000000,63 
OBJECT_ADD 37603895,33262274,180.000000,63 
OBJECT_ADD 37607842,33250675,180.000000,63 
OBJECT_ADD 37595275,33220237,157.000000,62 
OBJECT_ADD 37580687,33221843,0.000000,62 
OBJECT_ADD 37589462,33165562,0.000000,62 
OBJECT_ADD 37596034,33164633,0.000000,62 
OBJECT_ADD 37579620,33175118,-23.000000,62 
OBJECT_ADD 37604156,33171195,-23.000000,62 
OBJECT_ADD 37600965,33172497,-23.000000,62 
OBJECT_ADD 37615547,33173122,-23.000000,62 
OBJECT_ADD 37591661,33175513,-23.000000,62 
OBJECT_ADD 37591513,33199875,-23.000000,62 
OBJECT_ADD 37611828,33189118,-66.000000,63 
OBJECT_ADD 37616019,33177610,0.000000,62 
OBJECT_ADD 37578054,33190360,0.000000,62 
OBJECT_ADD 37593349,33196694,0.000000,62 
OBJECT_ADD 37590934,33178162,0.000000,62 
OBJECT_ADD 37581381,33176413,0.000000,62 
OBJECT_ADD 37616358,33181298,-23.000000,62 
OBJECT_ADD 37578332,33168434,0.000000,62 
OBJECT_ADD 37579423,33171058,0.000000,62 
OBJECT_ADD 37587259,33164814,0.000000,62 
OBJECT_ADD 37611304,33166767,0.000000,62 
OBJECT_ADD 37604826,33164773,0.000000,62 
OBJECT_ADD 37603491,33203217,0.000000,62 
OBJECT_ADD 37610405,33202304,0.000000,62 
OBJECT_ADD 37613346,33197548,0.000000,62 
OBJECT_ADD 37616186,33192272,0.000000,62 
OBJECT_ADD 37582358,33381814,-123.000000,62 
OBJECT_ADD 37577156,33382387,-123.000000,62 
OBJECT_ADD 37580132,33380556,-123.000000,62 
OBJECT_ADD 37596681,33347733,-123.000000,62 
OBJECT_ADD 37615999,33323783,-123.000000,62 
OBJECT_ADD 37613789,33327915,-123.000000,62 
OBJECT_ADD 37616703,33314352,-123.000000,62 
OBJECT_ADD 37614648,33311152,-123.000000,62 
OBJECT_ADD 37583722,33308240,-123.000000,62 
OBJECT_ADD 37550012,33351312,-123.000000,62 
OBJECT_ADD 37546067,33352178,-123.000000,62 
OBJECT_ADD 37586927,33304023,-123.000000,62 
OBJECT_ADD 37539438,33372964,-123.000000,62 
OBJECT_ADD 37537548,33354639,-166.000000,63 
OBJECT_ADD 37592027,33347316,-177.000000,63 
OBJECT_ADD 37591303,33348583,-100.000000,63 
OBJECT_ADD 37560862,33378685,-123.000000,62 
OBJECT_ADD 37571760,33367076,-123.000000,62 
OBJECT_ADD 37552639,33361637,-123.000000,62 
OBJECT_ADD 37577639,33378789,-123.000000,62 
OBJECT_ADD 37580510,33377164,-123.000000,62 
OBJECT_ADD 37578310,33375309,-123.000000,62 
OBJECT_ADD 37547826,33378520,-123.000000,62 
OBJECT_ADD 37554444,33359010,-123.000000,62 
OBJECT_ADD 37557064,33355692,-123.000000,62 
OBJECT_ADD 37569710,33378975,-123.000000,62 
OBJECT_ADD 37556994,33376377,-123.000000,62 
OBJECT_ADD 37570081,33364742,-123.000000,62 
OBJECT_ADD 37559758,33374123,-123.000000,62 
OBJECT_ADD 37574704,33356452,-166.000000,63 
OBJECT_ADD 37572593,33354673,-177.000000,63 
OBJECT_ADD 37534208,33330170,-100.000000,63 
OBJECT_ADD 37587268,33332745,-123.000000,62 
OBJECT_ADD 37577532,33321829,-123.000000,62 
OBJECT_ADD 37591908,33338635,-123.000000,62 
OBJECT_ADD 37589629,33343162,-123.000000,62 
OBJECT_ADD 37579857,33341590,-123.000000,62 
OBJECT_ADD 37589129,33337216,-123.000000,62 
OBJECT_ADD 37587561,33349216,-123.000000,62 
OBJECT_ADD 37608486,33334059,-123.000000,62 
OBJECT_ADD 37602680,33331974,-123.000000,62 
OBJECT_ADD 37606122,33345469,-123.000000,62 
OBJECT_ADD 37590698,33332925,-123.000000,62 
OBJECT_ADD 37597745,33354070,-123.000000,62 
OBJECT_ADD 37562812,33371199,-123.000000,62 
OBJECT_ADD 37598163,33315668,-166.000000,63 
OBJECT_ADD 37562790,33362896,-177.000000,63 
OBJECT_ADD 37585976,33360902,-100.000000,63 
OBJECT_ADD 37601097,33356021,-123.000000,62 
OBJECT_ADD 37565908,33368560,-123.000000,62 
OBJECT_ADD 37603626,33356919,-123.000000,62 
OBJECT_ADD 37585345,33341356,-123.000000,62 
OBJECT_ADD 37609605,33337157,-123.000000,62 
OBJECT_ADD 37608798,33341954,-123.000000,62 
OBJECT_ADD 37611536,33331593,-123.000000,62 
OBJECT_ADD 37595130,33352333,-123.000000,62 
OBJECT_ADD 37545494,33375818,-123.000000,62 
OBJECT_ADD 37574006,33360711,-123.000000,62 
OBJECT_ADD 37593021,33357670,-166.000000,63 
OBJECT_ADD 37587020,33359137,-177.000000,63 
OBJECT_ADD 37600908,33310399,-100.000000,63 
OBJECT_ADD 37576446,33357505,-123.000000,62 
OBJECT_ADD 37580491,33357927,-123.000000,62 
OBJECT_ADD 37547508,33372095,-123.000000,62 
OBJECT_ADD 37574178,33350501,-123.000000,62 
OBJECT_ADD 37572170,33349148,-123.000000,62 
OBJECT_ADD 37591325,33309359,-123.000000,62 
OBJECT_ADD 37550675,33365509,-123.000000,62 
OBJECT_ADD 37577035,33341442,-123.000000,62 
OBJECT_ADD 37554380,33359094,-123.000000,62 
OBJECT_ADD 37547978,33348542,-123.000000,62 
OBJECT_ADD 37592907,33329122,-123.000000,62 
OBJECT_ADD 37580676,33354599,-123.000000,62 
OBJECT_ADD 37599902,33356395,-166.000000,63 
OBJECT_ADD 37595684,33361650,-177.000000,63 
OBJECT_ADD 37591916,33362661,-100.000000,63 
OBJECT_ADD 37579588,33388680,0.000000,62 
OBJECT_ADD 37583315,33388494,0.000000,62 
OBJECT_ADD 37584765,33385593,0.000000,62 
OBJECT_ADD 37577100,33391452,0.000000,62 
OBJECT_ADD 37549658,33395239,0.000000,62 
OBJECT_ADD 37547290,33391902,0.000000,62 
OBJECT_ADD 37551337,33390932,0.000000,62 
OBJECT_ADD 37564518,33385793,0.000000,62 
OBJECT_ADD 37575187,33387115,0.000000,62 
OBJECT_ADD 37569874,33386989,0.000000,62 
OBJECT_ADD 37569645,33391725,0.000000,62 
OBJECT_ADD 37552936,33387079,0.000000,62 
OBJECT_ADD 37579533,33391717,0.000000,62 
OBJECT_ADD 37612278,33398539,-23.000000,62 
OBJECT_ADD 37610568,33414311,0.000000,62 
OBJECT_ADD 37604514,33408654,0.000000,62 
OBJECT_ADD 37550367,33401168,0.000000,62 
OBJECT_ADD 37513702,33388028,0.000000,62 
OBJECT_ADD 37520653,33394093,0.000000,62 
OBJECT_ADD 37525283,33397500,0.000000,62 
OBJECT_ADD 37530711,33398806,0.000000,62 
OBJECT_ADD 37535719,33373250,0.000000,62 
OBJECT_ADD 37528933,33375559,0.000000,62 
OBJECT_ADD 37534292,33377208,0.000000,62 
OBJECT_ADD 37530840,33372587,0.000000,62 
OBJECT_ADD 37538923,33376878,0.000000,62 
OBJECT_ADD 37526702,33389143,0.000000,62 
OBJECT_ADD 37523481,33386125,0.000000,62 
OBJECT_ADD 37539773,33402629,0.000000,62 
OBJECT_ADD 37565578,33377291,-123.000000,62 
OBJECT_ADD 37530772,33372016,-123.000000,62 
OBJECT_ADD 37533669,33371191,-123.000000,62 
OBJECT_ADD 37562660,33378531,-123.000000,62 
OBJECT_ADD 37607109,33411223,0.000000,62 
OBJECT_ADD 37605635,33412873,0.000000,62 
OBJECT_ADD 37594009,33380224,-23.000000,62 
OBJECT_ADD 37594431,33383843,-23.000000,62 
OBJECT_ADD 37595208,33388580,-23.000000,62 
OBJECT_ADD 37595819,33391556,-23.000000,62 
OBJECT_ADD 37605396,33388303,-23.000000,62 
OBJECT_ADD 37609506,33374641,-23.000000,62 
OBJECT_ADD 37597427,33394516,-23.000000,62 
OBJECT_ADD 37586391,33412573,0.000000,62 
OBJECT_ADD 37587009,33415586,0.000000,62 
OBJECT_ADD 37588057,33418558,0.000000,62 
OBJECT_ADD 37615338,33416471,0.000000,62 
OBJECT_ADD 37615074,33394354,0.000000,62 
OBJECT_ADD 37731845,32997884,0.000000,62 
OBJECT_ADD 37725031,32998412,0.000000,62 
OBJECT_ADD 37709704,32984179,0.000000,62 
OBJECT_ADD 37715154,32989850,0.000000,62 
OBJECT_ADD 37718883,32991469,0.000000,62 
OBJECT_ADD 37736243,32997319,0.000000,62 
OBJECT_ADD 37722376,32990136,-23.000000,62 
OBJECT_ADD 37727358,32992588,-23.000000,62 
OBJECT_ADD 37725029,33003466,0.000000,62 
OBJECT_ADD 37739298,32996178,0.000000,62 
OBJECT_ADD 37728746,33006411,0.000000,62 
OBJECT_ADD 37708147,33024126,0.000000,62 
OBJECT_ADD 37707263,33013327,0.000000,62 
OBJECT_ADD 37725630,33011311,0.000000,62 
OBJECT_ADD 37729796,33001767,0.000000,62 
OBJECT_ADD 37729243,33018393,0.000000,62 
OBJECT_ADD 37735384,33003696,0.000000,62 
OBJECT_ADD 37713482,33017490,0.000000,62 
OBJECT_ADD 37721022,33023862,-23.000000,62 
OBJECT_ADD 37721500,33019689,-23.000000,62 
OBJECT_ADD 37731229,33024360,-23.000000,62 
OBJECT_ADD 37703583,33010771,-23.000000,62 
OBJECT_ADD 37698956,33010769,-23.000000,62 
OBJECT_ADD 37689665,33029973,0.000000,62 
OBJECT_ADD 37716690,32994218,0.000000,62 
OBJECT_ADD 37712768,32994228,0.000000,62 
OBJECT_ADD 37704464,33004679,0.000000,62 
OBJECT_ADD 37711610,33015029,0.000000,62 
OBJECT_ADD 37707323,33018084,0.000000,62 
OBJECT_ADD 37708802,32999382,0.000000,62 
OBJECT_ADD 37700217,32999848,0.000000,62 
OBJECT_ADD 37698165,32976249,0.000000,62 
OBJECT_ADD 37701284,32986354,0.000000,62 
OBJECT_ADD 37708434,32989575,0.000000,62 
OBJECT_ADD 37698524,32993871,0.000000,62 
OBJECT_ADD 37747643,33017383,0.000000,62 
OBJECT_ADD 37745638,33022749,0.000000,62 
OBJECT_ADD 37743936,33026213,0.000000,62 
OBJECT_ADD 37745359,33029408,0.000000,62 
OBJECT_ADD 37738676,33027071,0.000000,62 
OBJECT_ADD 37734300,33018487,0.000000,62 
OBJECT_ADD 37721014,32994163,0.000000,62 
OBJECT_ADD 37713931,33020926,0.000000,62 
OBJECT_ADD 37737984,33014139,0.000000,62 
OBJECT_ADD 37741025,33010227,0.000000,62 
OBJECT_ADD 37742015,33004235,0.000000,62 
OBJECT_ADD 37744769,32997988,0.000000,62 
OBJECT_ADD 37623996,33028885,0.000000,62 
OBJECT_ADD 37745729,33129565,0.000000,62 
OBJECT_ADD 37737957,33112678,0.000000,62 
OBJECT_ADD 37617690,33153538,0.000000,62 
OBJECT_ADD 37618022,33149189,0.000000,62 
OBJECT_ADD 37625406,33145807,-23.000000,62 
OBJECT_ADD 37631347,33152601,-23.000000,62 
OBJECT_ADD 37635135,33150987,-23.000000,62 
OBJECT_ADD 37627262,33130386,0.000000,62 
OBJECT_ADD 37632379,33148268,0.000000,62 
OBJECT_ADD 37645256,33150979,0.000000,62 
OBJECT_ADD 37647168,33154644,0.000000,62 
OBJECT_ADD 37641503,33146750,0.000000,62 
OBJECT_ADD 37637146,33144400,0.000000,62 
OBJECT_ADD 37651574,33158826,0.000000,62 
OBJECT_ADD 37629337,33145490,0.000000,62 
OBJECT_ADD 37692797,33045230,-23.000000,62 
OBJECT_ADD 37693200,33042613,-23.000000,62 
OBJECT_ADD 37746686,33039427,-23.000000,62 
OBJECT_ADD 37723268,33036827,0.000000,62 
OBJECT_ADD 37709227,33037097,0.000000,62 
OBJECT_ADD 37710113,33040309,0.000000,62 
OBJECT_ADD 37710763,33043479,0.000000,62 
OBJECT_ADD 37712742,33044856,0.000000,62 
OBJECT_ADD 37694632,33032653,0.000000,62 
OBJECT_ADD 37733482,33035473,0.000000,62 
OBJECT_ADD 37725012,33033050,0.000000,62 
OBJECT_ADD 37732570,33040995,0.000000,62 
OBJECT_ADD 37738795,33034655,0.000000,62 
OBJECT_ADD 37742684,33037120,0.000000,62 
OBJECT_ADD 37746910,33038933,0.000000,62 
OBJECT_ADD 37748291,33032999,0.000000,62 
OBJECT_ADD 37724729,33030285,0.000000,62 
OBJECT_ADD 37733652,33072107,0.000000,62 
OBJECT_ADD 37738338,33074394,0.000000,62 
OBJECT_ADD 37740248,33078593,0.000000,62 
OBJECT_ADD 37740595,33074950,0.000000,62 
OBJECT_ADD 37742246,33069865,0.000000,62 
OBJECT_ADD 37744989,33066026,0.000000,62 
OBJECT_ADD 37746196,33062804,0.000000,62 
OBJECT_ADD 37708302,33118952,0.000000,62 
OBJECT_ADD 37711573,33115489,0.000000,62 
OBJECT_ADD 37709195,33113565,0.000000,62 
OBJECT_ADD 37711495,33111854,0.000000,62 
OBJECT_ADD 37698835,33058690,0.000000,62 
OBJECT_ADD 37697795,33063746,0.000000,62 
OBJECT_ADD 37709647,33096269,0.000000,62 
OBJECT_ADD 37712402,33093853,0.000000,62 
OBJECT_ADD 37732050,33093249,0.000000,62 
OBJECT_ADD 37728067,33092132,0.000000,62 
OBJECT_ADD 37725446,33090238,0.000000,62 
OBJECT_ADD 37718743,33086361,0.000000,62 
OBJECT_ADD 37706550,33123712,0.000000,62 
OBJECT_ADD 37729712,33031155,0.000000,62 
OBJECT_ADD 37724437,33067260,0.000000,62 
OBJECT_ADD 37727708,33084307,0.000000,62 
OBJECT_ADD 37728764,33082004,0.000000,62 
OBJECT_ADD 37732824,33081452,0.000000,62 
OBJECT_ADD 37736248,33085139,0.000000,62 
OBJECT_ADD 37738046,33082057,0.000000,62 
OBJECT_ADD 37722544,33070419,0.000000,62 
OBJECT_ADD 37728403,33073491,0.000000,62 
OBJECT_ADD 37727323,33061818,0.000000,62 
OBJECT_ADD 37620710,33103503,0.000000,62 
OBJECT_ADD 37623408,33104796,0.000000,62 
OBJECT_ADD 37629954,33056082,0.000000,62 
OBJECT_ADD 37632873,33090743,-23.000000,62 
OBJECT_ADD 37645040,33102352,-23.000000,62 
OBJECT_ADD 37646601,33097922,-23.000000,62 
OBJECT_ADD 37640904,33066780,-23.000000,62 
OBJECT_ADD 37644508,33071433,-23.000000,62 
OBJECT_ADD 37651303,33068560,-23.000000,62 
OBJECT_ADD 37651900,33072936,-23.000000,62 
OBJECT_ADD 37637870,33087931,-23.000000,62 
OBJECT_ADD 37637818,33092234,-23.000000,62 
OBJECT_ADD 37657148,33076002,-23.000000,62 
OBJECT_ADD 37660465,33083887,-23.000000,62 
OBJECT_ADD 37633615,33080872,-23.000000,62 
OBJECT_ADD 37660783,33079274,-23.000000,62 
OBJECT_ADD 37667487,33121618,-66.000000,63 
OBJECT_ADD 37675076,33107845,-77.000000,63 
OBJECT_ADD 37653362,33098797,0.000000,63 
OBJECT_ADD 37676743,33092601,0.000000,62 
OBJECT_ADD 37672241,33088115,0.000000,62 
OBJECT_ADD 37624577,33082223,0.000000,62 
OBJECT_ADD 37626638,33074630,0.000000,62 
OBJECT_ADD 37627375,33071418,0.000000,62 
OBJECT_ADD 37626480,33079377,0.000000,62 
OBJECT_ADD 37627636,33087176,0.000000,62 
OBJECT_ADD 37633203,33064291,0.000000,62 
OBJECT_ADD 37630409,33089291,0.000000,62 
OBJECT_ADD 37627420,33060639,0.000000,62 
OBJECT_ADD 37668435,33086776,0.000000,62 
OBJECT_ADD 37678282,33102761,0.000000,62 
OBJECT_ADD 37624557,33107023,0.000000,62 
OBJECT_ADD 37670580,33111407,0.000000,62 
OBJECT_ADD 37656327,33120229,0.000000,62 
OBJECT_ADD 37646104,33116666,0.000000,62 
OBJECT_ADD 37626206,33101890,0.000000,62 
OBJECT_ADD 37637008,33066319,0.000000,62 
OBJECT_ADD 37676691,33096571,0.000000,62 
OBJECT_ADD 37660044,33104825,0.000000,62 
OBJECT_ADD 37663270,33126800,0.000000,62 
OBJECT_ADD 37674155,33100139,0.000000,62 
OBJECT_ADD 37662968,33128814,0.000000,62 
OBJECT_ADD 37654686,33122956,0.000000,62 
OBJECT_ADD 37654834,33130489,0.000000,62 
OBJECT_ADD 37658228,33134062,0.000000,62 
OBJECT_ADD 37669561,33136746,0.000000,62 
OBJECT_ADD 37671493,33126432,0.000000,62 
OBJECT_ADD 37635537,33111499,0.000000,62 
OBJECT_ADD 37666159,33136443,0.000000,62 
OBJECT_ADD 37689024,33099422,0.000000,62 
OBJECT_ADD 37667977,33140080,0.000000,62 
OBJECT_ADD 37635624,33076006,0.000000,62 
OBJECT_ADD 37624746,33068035,0.000000,62 
OBJECT_ADD 37618000,33041643,0.000000,62 
OBJECT_ADD 37632720,33046752,0.000000,62 
OBJECT_ADD 37637417,33047469,0.000000,62 
OBJECT_ADD 37627762,33045237,0.000000,62 
OBJECT_ADD 37630765,33042338,0.000000,62 
OBJECT_ADD 37667548,33154819,0.000000,62 
OBJECT_ADD 37674205,33147696,0.000000,62 
OBJECT_ADD 37623827,33059404,0.000000,62 
OBJECT_ADD 37624813,33052768,0.000000,62 
OBJECT_ADD 37618000,33033785,0.000000,62 
OBJECT_ADD 37625158,33046544,0.000000,62 
OBJECT_ADD 37747631,33185286,0.000000,62 
OBJECT_ADD 37737840,33233689,0.000000,62 
OBJECT_ADD 37734426,33232830,0.000000,62 
OBJECT_ADD 37737086,33177423,0.000000,62 
OBJECT_ADD 37739617,33178309,0.000000,62 
OBJECT_ADD 37741896,33179859,0.000000,62 
OBJECT_ADD 37745998,33174112,0.000000,62 
OBJECT_ADD 37659587,33263347,157.000000,62 
OBJECT_ADD 37653382,33242501,157.000000,62 
OBJECT_ADD 37656790,33249425,157.000000,62 
OBJECT_ADD 37652731,33250539,157.000000,62 
OBJECT_ADD 37665570,33261161,157.000000,62 
OBJECT_ADD 37677924,33255283,157.000000,62 
OBJECT_ADD 37646691,33247895,157.000000,62 
OBJECT_ADD 37658740,33252062,157.000000,62 
OBJECT_ADD 37668057,33254980,157.000000,62 
OBJECT_ADD 37662557,33254811,157.000000,62 
OBJECT_ADD 37665850,33258241,157.000000,62 
OBJECT_ADD 37679231,33244776,157.000000,62 
OBJECT_ADD 37684915,33235973,157.000000,62 
OBJECT_ADD 37632215,33234991,103.000000,63 
OBJECT_ADD 37668630,33238982,157.000000,62 
OBJECT_ADD 37675967,33242974,157.000000,62 
OBJECT_ADD 37700071,33240336,157.000000,62 
OBJECT_ADD 37674177,33247816,157.000000,62 
OBJECT_ADD 37696257,33237514,157.000000,62 
OBJECT_ADD 37663915,33235188,157.000000,62 
OBJECT_ADD 37655785,33247610,157.000000,62 
OBJECT_ADD 37667355,33235945,157.000000,62 
OBJECT_ADD 37665312,33232449,157.000000,62 
OBJECT_ADD 37652360,33255879,157.000000,62 
OBJECT_ADD 37647683,33251457,157.000000,62 
OBJECT_ADD 37657797,33265405,157.000000,62 
OBJECT_ADD 37664755,33265970,157.000000,62 
OBJECT_ADD 37657546,33260841,157.000000,62 
OBJECT_ADD 37663251,33261995,157.000000,62 
OBJECT_ADD 37629301,33277454,157.000000,62 
OBJECT_ADD 37638186,33244953,157.000000,62 
OBJECT_ADD 37649413,33251308,114.000000,63 
OBJECT_ADD 37673790,33242780,103.000000,63 
OBJECT_ADD 37683301,33260491,157.000000,62 
OBJECT_ADD 37683637,33257352,157.000000,62 
OBJECT_ADD 37686180,33260016,157.000000,62 
OBJECT_ADD 37652242,33280107,157.000000,62 
OBJECT_ADD 37653628,33277170,157.000000,62 
OBJECT_ADD 37659138,33286020,157.000000,62 
OBJECT_ADD 37659652,33283145,157.000000,62 
OBJECT_ADD 37658738,33279630,157.000000,62 
OBJECT_ADD 37667951,33272245,157.000000,62 
OBJECT_ADD 37663939,33272976,157.000000,62 
OBJECT_ADD 37663226,33268294,157.000000,62 
OBJECT_ADD 37684667,33270405,157.000000,62 
OBJECT_ADD 37661461,33270430,157.000000,62 
OBJECT_ADD 37689803,33247939,114.000000,63 
OBJECT_ADD 37672315,33268311,103.000000,63 
OBJECT_ADD 37660519,33255305,180.000000,63 
OBJECT_ADD 37626886,33274313,157.000000,62 
OBJECT_ADD 37635016,33259144,157.000000,62 
OBJECT_ADD 37647658,33255211,157.000000,62 
OBJECT_ADD 37673928,33254930,157.000000,62 
OBJECT_ADD 37687417,33239643,157.000000,62 
OBJECT_ADD 37687092,33246475,157.000000,62 
OBJECT_ADD 37690377,33246633,157.000000,62 
OBJECT_ADD 37643925,33252181,157.000000,62 
OBJECT_ADD 37640825,33254856,157.000000,62 
OBJECT_ADD 37640741,33274341,157.000000,62 
OBJECT_ADD 37678286,33233929,157.000000,62 
OBJECT_ADD 37656187,33254015,157.000000,62 
OBJECT_ADD 37682246,33246741,157.000000,62 
OBJECT_ADD 37633067,33254297,157.000000,62 
OBJECT_ADD 37630909,33258465,157.000000,62 
OBJECT_ADD 37686789,33264204,157.000000,62 
OBJECT_ADD 37680062,33277710,157.000000,62 
OBJECT_ADD 37682844,33273155,157.000000,62 
OBJECT_ADD 37651659,33288143,157.000000,62 
OBJECT_ADD 37650799,33285044,157.000000,62 
OBJECT_ADD 37660098,33274041,157.000000,62 
OBJECT_ADD 37640383,33271344,157.000000,62 
OBJECT_ADD 37641313,33259063,157.000000,62 
OBJECT_ADD 37633976,33262306,157.000000,62 
OBJECT_ADD 37640028,33267175,157.000000,62 
OBJECT_ADD 37679300,33269162,157.000000,62 
OBJECT_ADD 37681028,33254650,114.000000,63 
OBJECT_ADD 37653619,33271984,103.000000,63 
OBJECT_ADD 37650749,33286261,180.000000,63 
OBJECT_ADD 37661524,33219421,157.000000,62 
OBJECT_ADD 37677977,33224978,157.000000,62 
OBJECT_ADD 37642462,33263718,157.000000,62 
OBJECT_ADD 37657147,33225741,157.000000,62 
OBJECT_ADD 37629407,33220096,114.000000,63 
OBJECT_ADD 37655914,33211881,103.000000,63 
OBJECT_ADD 37693512,33196812,180.000000,63 
OBJECT_ADD 37622282,33231583,157.000000,62 
OBJECT_ADD 37629054,33242490,157.000000,62 
OBJECT_ADD 37628960,33239208,157.000000,62 
OBJECT_ADD 37622855,33254588,157.000000,62 
OBJECT_ADD 37626990,33227811,157.000000,62 
OBJECT_ADD 37624983,33224685,157.000000,62 
OBJECT_ADD 37660326,33227952,157.000000,62 
OBJECT_ADD 37622860,33291705,0.000000,62 
OBJECT_ADD 37623103,33288871,0.000000,62 
OBJECT_ADD 37624479,33285791,0.000000,62 
OBJECT_ADD 37618877,33291138,0.000000,62 
OBJECT_ADD 37619294,33286968,0.000000,62 
OBJECT_ADD 37641032,33290464,0.000000,62 
OBJECT_ADD 37637986,33287443,0.000000,62 
OBJECT_ADD 37633958,33286304,0.000000,62 
OBJECT_ADD 37631906,33281791,0.000000,62 
OBJECT_ADD 37621737,33283689,0.000000,62 
OBJECT_ADD 37701399,33244370,0.000000,62 
OBJECT_ADD 37704604,33247195,0.000000,62 
OBJECT_ADD 37706039,33243317,0.000000,62 
OBJECT_ADD 37708914,33247132,0.000000,62 
OBJECT_ADD 37712789,33245870,0.000000,62 
OBJECT_ADD 37712509,33250341,0.000000,62 
OBJECT_ADD 37716293,33250769,0.000000,62 
OBJECT_ADD 37709493,33254693,0.000000,62 
OBJECT_ADD 37712518,33255711,0.000000,62 
OBJECT_ADD 37715928,33255264,0.000000,62 
OBJECT_ADD 37719979,33251247,0.000000,62 
OBJECT_ADD 37721623,33254681,0.000000,62 
OBJECT_ADD 37709492,33202579,0.000000,62 
OBJECT_ADD 37698314,33231426,0.000000,62 
OBJECT_ADD 37695839,33245140,0.000000,62 
OBJECT_ADD 37705059,33219729,0.000000,62 
OBJECT_ADD 37711153,33199400,0.000000,62 
OBJECT_ADD 37702276,33195129,0.000000,62 
OBJECT_ADD 37694879,33212434,0.000000,62 
OBJECT_ADD 37693016,33235181,0.000000,62 
OBJECT_ADD 37699646,33236542,0.000000,62 
OBJECT_ADD 37685996,33262128,0.000000,62 
OBJECT_ADD 37690035,33221647,0.000000,62 
OBJECT_ADD 37686887,33221005,0.000000,62 
OBJECT_ADD 37664943,33248104,0.000000,62 
OBJECT_ADD 37695517,33272220,0.000000,62 
OBJECT_ADD 37702550,33287306,0.000000,62 
OBJECT_ADD 37698027,33286464,0.000000,62 
OBJECT_ADD 37694383,33285566,0.000000,62 
OBJECT_ADD 37622362,33162980,0.000000,62 
OBJECT_ADD 37618899,33165719,-23.000000,62 
OBJECT_ADD 37655916,33168823,0.000000,62 
OBJECT_ADD 37617810,33183889,-23.000000,62 
OBJECT_ADD 37627042,33163602,-23.000000,62 
OBJECT_ADD 37652403,33167419,0.000000,62 
OBJECT_ADD 37646392,33166708,0.000000,62 
OBJECT_ADD 37646094,33172333,0.000000,62 
OBJECT_ADD 37641186,33172962,0.000000,62 
OBJECT_ADD 37636012,33174753,0.000000,62 
OBJECT_ADD 37630818,33176799,0.000000,62 
OBJECT_ADD 37625687,33179813,0.000000,62 
OBJECT_ADD 37726426,33399483,0.000000,62 
OBJECT_ADD 37721348,33386196,0.000000,62 
OBJECT_ADD 37724894,33387183,0.000000,62 
OBJECT_ADD 37724895,33408739,0.000000,62 
OBJECT_ADD 37726565,33406863,0.000000,62 
OBJECT_ADD 37723861,33384228,0.000000,62 
OBJECT_ADD 37727063,33385689,0.000000,62 
OBJECT_ADD 37745134,33403890,0.000000,62 
OBJECT_ADD 37748054,33351731,44.000000,62 
OBJECT_ADD 37743944,33361693,44.000000,62 
OBJECT_ADD 37637821,33412595,0.000000,62 
OBJECT_ADD 37631162,33392601,0.000000,62 
OBJECT_ADD 37627205,33372076,0.000000,62 
OBJECT_ADD 37630080,33370793,0.000000,62 
OBJECT_ADD 37628541,33374011,0.000000,62 
OBJECT_ADD 37620716,33391818,0.000000,62 
OBJECT_ADD 37636008,33401249,0.000000,62 
OBJECT_ADD 37639108,33400857,0.000000,62 
OBJECT_ADD 37642547,33400625,0.000000,62 
OBJECT_ADD 37637866,33403481,0.000000,62 
OBJECT_ADD 37635025,33412541,0.000000,62 
OBJECT_ADD 37625406,33360938,-23.000000,62 
OBJECT_ADD 37623454,33362774,-23.000000,62 
OBJECT_ADD 37624117,33367516,-23.000000,62 
OBJECT_ADD 37622190,33418789,-23.000000,62 
OBJECT_ADD 37627575,33392084,-66.000000,63 
OBJECT_ADD 37629566,33390452,-77.000000,63 
OBJECT_ADD 37624955,33377812,0.000000,63 
OBJECT_ADD 37618141,33417918,0.000000,62 
OBJECT_ADD 37618744,33420989,0.000000,62 
OBJECT_ADD 37624096,33421000,0.000000,62 
OBJECT_ADD 37629456,33419055,0.000000,62 
OBJECT_ADD 37627089,33295303,0.000000,62 
OBJECT_ADD 37625361,33292997,0.000000,62 
OBJECT_ADD 37624884,33297396,0.000000,62 
OBJECT_ADD 37674160,33306478,0.000000,62 
OBJECT_ADD 37689432,33306177,0.000000,62 
OBJECT_ADD 37699007,33299190,0.000000,62 
OBJECT_ADD 37702295,33299595,0.000000,62 
OBJECT_ADD 37672217,33308119,0.000000,62 
OBJECT_ADD 37715866,33316587,0.000000,62 
OBJECT_ADD 37710989,33317284,0.000000,62 
OBJECT_ADD 37713893,33318110,0.000000,62 
OBJECT_ADD 37709523,33319004,0.000000,62 
OBJECT_ADD 37711992,33321507,0.000000,62 
OBJECT_ADD 37704616,33325392,0.000000,62 
OBJECT_ADD 37701617,33326338,0.000000,62 
OBJECT_ADD 37691997,33304464,0.000000,62 
OBJECT_ADD 37705773,33348618,0.000000,62 
OBJECT_ADD 37694865,33326903,0.000000,62 
OBJECT_ADD 37672914,33304381,0.000000,62 
OBJECT_ADD 37703802,33324417,0.000000,62 
OBJECT_ADD 37693236,33297725,0.000000,62 
OBJECT_ADD 37696630,33297591,0.000000,62 
OBJECT_ADD 37688839,33298527,0.000000,62 
OBJECT_ADD 37690188,33300843,0.000000,62 
OBJECT_ADD 37693729,33300359,0.000000,62 
OBJECT_ADD 37677809,33315405,0.000000,62 
OBJECT_ADD 37686813,33315584,0.000000,62 
OBJECT_ADD 37702603,33294022,0.000000,62 
OBJECT_ADD 37691191,33309507,0.000000,62 
OBJECT_ADD 37701992,33307690,0.000000,62 
OBJECT_ADD 37695682,33316516,0.000000,62 
OBJECT_ADD 37717202,33334475,0.000000,62 
OBJECT_ADD 37710269,33330856,0.000000,62 
OBJECT_ADD 37713511,33326915,0.000000,62 
OBJECT_ADD 37725374,33384593,0.000000,62 
OBJECT_ADD 37726324,33388315,0.000000,62 
OBJECT_ADD 37721224,33384070,0.000000,62 
OBJECT_ADD 37697395,33293502,0.000000,62 
OBJECT_ADD 37622904,33423617,-23.000000,62 
OBJECT_ADD 37617780,33424124,0.000000,62 
OBJECT_ADD 37626208,33423691,0.000000,62 
OBJECT_ADD 37876916,33028293,0.000000,62 
OBJECT_ADD 37874969,33023051,0.000000,62 
OBJECT_ADD 37871965,33027729,0.000000,62 
OBJECT_ADD 37866747,33026492,0.000000,62 
OBJECT_ADD 37879534,33019677,-23.000000,62 
OBJECT_ADD 37878946,33015740,0.000000,62 
OBJECT_ADD 37749545,33026545,-23.000000,62 
OBJECT_ADD 37758930,33014954,-23.000000,62 
OBJECT_ADD 37770129,33014120,0.000000,62 
OBJECT_ADD 37774106,33017442,0.000000,62 
OBJECT_ADD 37776417,33020206,0.000000,62 
OBJECT_ADD 37749703,33021752,-23.000000,62 
OBJECT_ADD 37763153,33016145,0.000000,62 
OBJECT_ADD 37766284,33018971,0.000000,62 
OBJECT_ADD 37790134,33027302,0.000000,62 
OBJECT_ADD 37763402,33021541,0.000000,62 
OBJECT_ADD 37786985,33126004,-23.000000,62 
OBJECT_ADD 37785061,33122458,-23.000000,62 
OBJECT_ADD 37785377,33127867,-23.000000,62 
OBJECT_ADD 37782424,33126159,-23.000000,62 
OBJECT_ADD 37787906,33129161,-23.000000,62 
OBJECT_ADD 37790200,33125810,-23.000000,62 
OBJECT_ADD 37789360,33123231,-23.000000,62 
OBJECT_ADD 37787090,33120315,-23.000000,62 
OBJECT_ADD 37780906,33123399,-23.000000,62 
OBJECT_ADD 37783591,33118457,-23.000000,62 
OBJECT_ADD 37765064,33101004,-23.000000,62 
OBJECT_ADD 37760652,33101481,-23.000000,62 
OBJECT_ADD 37756404,33101273,-23.000000,62 
OBJECT_ADD 37755259,33108273,-66.000000,63 
OBJECT_ADD 37784168,33139309,-77.000000,63 
OBJECT_ADD 37796983,33135926,0.000000,63 
OBJECT_ADD 37831435,33085496,0.000000,62 
OBJECT_ADD 37819193,33115906,0.000000,62 
OBJECT_ADD 37822142,33111813,0.000000,62 
OBJECT_ADD 37819945,33112798,0.000000,62 
OBJECT_ADD 37822675,33108688,0.000000,62 
OBJECT_ADD 37819697,33109456,0.000000,62 
OBJECT_ADD 37822866,33106040,0.000000,62 
OBJECT_ADD 37817628,33105385,0.000000,62 
OBJECT_ADD 37819545,33101181,0.000000,62 
OBJECT_ADD 37816983,33100046,0.000000,62 
OBJECT_ADD 37820176,33097109,0.000000,62 
OBJECT_ADD 37817234,33096301,0.000000,62 
OBJECT_ADD 37833277,33087832,0.000000,62 
OBJECT_ADD 37800007,33103721,0.000000,62 
OBJECT_ADD 37797832,33105818,0.000000,62 
OBJECT_ADD 37796288,33102957,0.000000,62 
OBJECT_ADD 37808274,33106541,0.000000,62 
OBJECT_ADD 37829064,33083666,0.000000,62 
OBJECT_ADD 37825036,33083630,0.000000,62 
OBJECT_ADD 37827493,33081441,0.000000,62 
OBJECT_ADD 37816040,33083484,0.000000,62 
OBJECT_ADD 37817769,33080873,0.000000,62 
OBJECT_ADD 37814016,33080768,0.000000,62 
OBJECT_ADD 37813022,33078092,0.000000,62 
OBJECT_ADD 37813624,33075326,0.000000,62 
OBJECT_ADD 37816256,33088950,0.000000,62 
OBJECT_ADD 37787066,33070821,0.000000,62 
OBJECT_ADD 37820658,33132893,0.000000,62 
OBJECT_ADD 37820013,33135096,0.000000,62 
OBJECT_ADD 37820955,33129799,0.000000,62 
OBJECT_ADD 37804414,33131686,0.000000,62 
OBJECT_ADD 37805320,33127461,0.000000,62 
OBJECT_ADD 37798722,33095735,0.000000,62 
OBJECT_ADD 37806318,33107835,0.000000,62 
OBJECT_ADD 37805030,33105164,0.000000,62 
OBJECT_ADD 37805205,33111108,0.000000,62 
OBJECT_ADD 37802819,33108401,0.000000,62 
OBJECT_ADD 37800776,33106733,0.000000,62 
OBJECT_ADD 37803212,33084897,0.000000,62 
OBJECT_ADD 37750342,33105299,0.000000,62 
OBJECT_ADD 37754562,33117517,0.000000,62 
OBJECT_ADD 37750699,33123644,0.000000,62 
OBJECT_ADD 37762672,33127657,0.000000,62 
OBJECT_ADD 37771713,33117385,0.000000,62 
OBJECT_ADD 37770939,33123133,0.000000,62 
OBJECT_ADD 37770783,33126350,0.000000,62 
OBJECT_ADD 37770103,33129236,0.000000,62 
OBJECT_ADD 37768796,33132068,0.000000,62 
OBJECT_ADD 37756242,33112080,0.000000,62 
OBJECT_ADD 37759334,33120789,0.000000,62 
OBJECT_ADD 37767831,33152549,0.000000,62 
OBJECT_ADD 37757126,33159389,0.000000,62 
OBJECT_ADD 37760449,33159542,0.000000,62 
OBJECT_ADD 37766418,33156880,0.000000,62 
OBJECT_ADD 37772521,33153043,0.000000,62 
OBJECT_ADD 37770517,33156866,0.000000,62 
OBJECT_ADD 37773515,33157148,0.000000,62 
OBJECT_ADD 37776941,33148611,0.000000,62 
OBJECT_ADD 37774640,33150545,0.000000,62 
OBJECT_ADD 37764528,33160410,0.000000,62 
OBJECT_ADD 37801032,33151920,0.000000,62 
OBJECT_ADD 37801807,33155792,0.000000,62 
OBJECT_ADD 37762228,33155833,0.000000,62 
OBJECT_ADD 37831782,33110573,0.000000,62 
OBJECT_ADD 37849128,33105592,0.000000,62 
OBJECT_ADD 37846439,33113933,0.000000,62 
OBJECT_ADD 37850613,33098464,0.000000,62 
OBJECT_ADD 37856787,33087741,0.000000,62 
OBJECT_ADD 37849928,33102270,0.000000,62 
OBJECT_ADD 37854713,33099327,0.000000,62 
OBJECT_ADD 37843580,33112884,0.000000,62 
OBJECT_ADD 37864237,33106639,0.000000,62 
OBJECT_ADD 37861494,33101874,0.000000,62 
OBJECT_ADD 37842922,33090470,0.000000,62 
OBJECT_ADD 37840367,33088037,0.000000,62 
OBJECT_ADD 37838582,33090276,0.000000,62 
OBJECT_ADD 37865214,33040725,0.000000,62 
OBJECT_ADD 37861310,33039317,0.000000,62 
OBJECT_ADD 37868563,33034943,0.000000,62 
OBJECT_ADD 37853246,33048580,-23.000000,62 
OBJECT_ADD 37877926,33043148,-23.000000,62 
OBJECT_ADD 37858880,33070161,-23.000000,62 
OBJECT_ADD 37858217,33037954,-23.000000,62 
OBJECT_ADD 37876331,33039084,-23.000000,62 
OBJECT_ADD 37862770,33042469,-23.000000,62 
OBJECT_ADD 37877548,33050415,-23.000000,62 
OBJECT_ADD 37863755,33072373,0.000000,63 
OBJECT_ADD 37857475,33075615,0.000000,62 
OBJECT_ADD 37857682,33078918,0.000000,62 
OBJECT_ADD 37834398,33058581,0.000000,62 
OBJECT_ADD 37841582,33056584,0.000000,62 
OBJECT_ADD 37835697,33055242,0.000000,62 
OBJECT_ADD 37860501,33053831,0.000000,62 
OBJECT_ADD 37854161,33044994,0.000000,62 
OBJECT_ADD 37861635,33116066,0.000000,62 
OBJECT_ADD 37858681,33121154,0.000000,62 
OBJECT_ADD 37861934,33123759,0.000000,62 
OBJECT_ADD 37864925,33126778,0.000000,62 
OBJECT_ADD 37870752,33130244,0.000000,62 
OBJECT_ADD 37869364,33119748,0.000000,62 
OBJECT_ADD 37870290,33116810,0.000000,62 
OBJECT_ADD 37870100,33113577,0.000000,62 
OBJECT_ADD 37870601,33109358,0.000000,62 
OBJECT_ADD 37872405,33113479,0.000000,62 
OBJECT_ADD 37873262,33108674,0.000000,62 
OBJECT_ADD 37873139,33104934,0.000000,62 
OBJECT_ADD 37872633,33123527,0.000000,62 
OBJECT_ADD 37773176,33037107,0.000000,63 
OBJECT_ADD 37764105,33030620,-66.000000,63 
OBJECT_ADD 37774138,33031476,-77.000000,63 
OBJECT_ADD 37753658,33035053,0.000000,62 
OBJECT_ADD 37758132,33033077,0.000000,62 
OBJECT_ADD 37784275,33056271,0.000000,62 
OBJECT_ADD 37782855,33058693,0.000000,62 
OBJECT_ADD 37786328,33058662,0.000000,62 
OBJECT_ADD 37781182,33054341,0.000000,62 
OBJECT_ADD 37786741,33038152,0.000000,62 
OBJECT_ADD 37758659,33039320,0.000000,62 
OBJECT_ADD 37755692,33031464,0.000000,62 
OBJECT_ADD 37793478,33064393,0.000000,62 
OBJECT_ADD 37786749,33068500,0.000000,62 
OBJECT_ADD 37750091,33088878,0.000000,62 
OBJECT_ADD 37751519,33075535,0.000000,62 
OBJECT_ADD 37752854,33078968,0.000000,62 
OBJECT_ADD 37754787,33083615,0.000000,62 
OBJECT_ADD 37755420,33087031,0.000000,62 
OBJECT_ADD 37760428,33046600,0.000000,62 
OBJECT_ADD 37771622,33042520,0.000000,62 
OBJECT_ADD 37764270,33045269,0.000000,62 
OBJECT_ADD 37800865,33036719,0.000000,62 
OBJECT_ADD 37796681,33037148,0.000000,62 
OBJECT_ADD 37791183,33038788,0.000000,62 
OBJECT_ADD 37779237,33072582,0.000000,62 
OBJECT_ADD 37823587,33046084,0.000000,62 
OBJECT_ADD 37823621,33042317,0.000000,62 
OBJECT_ADD 37804370,33036822,0.000000,62 
OBJECT_ADD 37831228,33289125,0.000000,62 
OBJECT_ADD 37812498,33270857,0.000000,62 
OBJECT_ADD 37829223,33273072,0.000000,62 
OBJECT_ADD 37822157,33255047,0.000000,62 
OBJECT_ADD 37810998,33260994,0.000000,62 
OBJECT_ADD 37847733,33286335,0.000000,62 
OBJECT_ADD 37842145,33290950,0.000000,62 
OBJECT_ADD 37807775,33263608,0.000000,62 
OBJECT_ADD 37801738,33285645,0.000000,62 
OBJECT_ADD 37813979,33257465,-23.000000,62 
OBJECT_ADD 37831025,33262259,-23.000000,62 
OBJECT_ADD 37836832,33267081,-23.000000,62 
OBJECT_ADD 37843841,33284803,-23.000000,62 
OBJECT_ADD 37844444,33279610,-23.000000,62 
OBJECT_ADD 37808808,33282275,-77.000000,63 
OBJECT_ADD 37832965,33269083,0.000000,62 
OBJECT_ADD 37836183,33257641,0.000000,62 
OBJECT_ADD 37842892,33262568,0.000000,62 
OBJECT_ADD 37856891,33263605,0.000000,62 
OBJECT_ADD 37850177,33265847,0.000000,62 
OBJECT_ADD 37846593,33263762,0.000000,62 
OBJECT_ADD 37839790,33259412,0.000000,62 
OBJECT_ADD 37813734,33260829,0.000000,62 
OBJECT_ADD 37828811,33218464,0.000000,62 
OBJECT_ADD 37827629,33224132,0.000000,62 
OBJECT_ADD 37828646,33230126,0.000000,62 
OBJECT_ADD 37832822,33254512,0.000000,62 
OBJECT_ADD 37836952,33242964,0.000000,62 
OBJECT_ADD 37826423,33246974,0.000000,62 
OBJECT_ADD 37827041,33243134,0.000000,62 
OBJECT_ADD 37828516,33239460,0.000000,62 
OBJECT_ADD 37831437,33235766,0.000000,62 
OBJECT_ADD 37833337,33231271,0.000000,62 
OBJECT_ADD 37837143,33227924,0.000000,62 
OBJECT_ADD 37841608,33232368,0.000000,62 
OBJECT_ADD 37858725,33237286,0.000000,62 
OBJECT_ADD 37798701,33237146,0.000000,62 
OBJECT_ADD 37802967,33236319,0.000000,62 
OBJECT_ADD 37803895,33248697,0.000000,62 
OBJECT_ADD 37808092,33248575,0.000000,62 
OBJECT_ADD 37811057,33246838,0.000000,62 
OBJECT_ADD 37807675,33245660,0.000000,62 
OBJECT_ADD 37809082,33242438,0.000000,62 
OBJECT_ADD 37810900,33239823,0.000000,62 
OBJECT_ADD 37866379,33241153,0.000000,62 
OBJECT_ADD 37869373,33244065,0.000000,62 
OBJECT_ADD 37862862,33245558,0.000000,62 
OBJECT_ADD 37861459,33243152,0.000000,62 
OBJECT_ADD 37800831,33239662,0.000000,62 
OBJECT_ADD 37781901,33254843,0.000000,62 
OBJECT_ADD 37778616,33251859,0.000000,62 
OBJECT_ADD 37784625,33254164,0.000000,62 
OBJECT_ADD 37781183,33249450,0.000000,62 
OBJECT_ADD 37787039,33252463,0.000000,62 
OBJECT_ADD 37784046,33247863,0.000000,62 
OBJECT_ADD 37787813,33246026,0.000000,62 
OBJECT_ADD 37798148,33244973,0.000000,62 
OBJECT_ADD 37793544,33244457,0.000000,62 
OBJECT_ADD 37792843,33240858,0.000000,62 
OBJECT_ADD 37796715,33239144,0.000000,62 
OBJECT_ADD 37799651,33243650,0.000000,62 
OBJECT_ADD 37774514,33253896,0.000000,62 
OBJECT_ADD 37853852,33274488,0.000000,62 
OBJECT_ADD 37854467,33271437,0.000000,62 
OBJECT_ADD 37854810,33265955,0.000000,62 
OBJECT_ADD 37863903,33291337,0.000000,62 
OBJECT_ADD 37861833,33275396,0.000000,62 
OBJECT_ADD 37860628,33278682,0.000000,62 
OBJECT_ADD 37857881,33192944,0.000000,62 
OBJECT_ADD 37857342,33197421,0.000000,62 
OBJECT_ADD 37860109,33190765,0.000000,62 
OBJECT_ADD 37855176,33189028,0.000000,62 
OBJECT_ADD 37750034,33181625,0.000000,62 
OBJECT_ADD 37751940,33197789,0.000000,62 
OBJECT_ADD 37750585,33193230,0.000000,62 
OBJECT_ADD 37754750,33200637,0.000000,62 
OBJECT_ADD 37756622,33203658,0.000000,62 
OBJECT_ADD 37756397,33207626,0.000000,62 
OBJECT_ADD 37762873,33202450,0.000000,62 
OBJECT_ADD 37758010,33214171,0.000000,62 
OBJECT_ADD 37757742,33211916,0.000000,62 
OBJECT_ADD 37761145,33217036,0.000000,62 
OBJECT_ADD 37753659,33213766,0.000000,62 
OBJECT_ADD 37754270,33231122,0.000000,62 
OBJECT_ADD 37757369,33238753,0.000000,62 
OBJECT_ADD 37765667,33180377,0.000000,62 
OBJECT_ADD 37751742,33172686,0.000000,62 
OBJECT_ADD 37749487,33171802,0.000000,62 
OBJECT_ADD 37749453,33176470,0.000000,62 
OBJECT_ADD 37750723,33178199,0.000000,62 
OBJECT_ADD 37767213,33212528,0.000000,62 
OBJECT_ADD 37807094,33209050,0.000000,62 
OBJECT_ADD 37805871,33211812,0.000000,62 
OBJECT_ADD 37806212,33214773,0.000000,62 
OBJECT_ADD 37755710,33235439,0.000000,62 
OBJECT_ADD 37768572,33223223,0.000000,62 
OBJECT_ADD 37772343,33221850,0.000000,62 
OBJECT_ADD 37776016,33217999,0.000000,62 
OBJECT_ADD 37778099,33216289,0.000000,62 
OBJECT_ADD 37791235,33211095,0.000000,62 
OBJECT_ADD 37788658,33209602,0.000000,62 
OBJECT_ADD 37783059,33208880,0.000000,62 
OBJECT_ADD 37780013,33209203,0.000000,62 
OBJECT_ADD 37778544,33193698,0.000000,62 
OBJECT_ADD 37801209,33272366,-23.000000,62 
OBJECT_ADD 37791729,33289357,-23.000000,62 
OBJECT_ADD 37823498,33287524,-66.000000,63 
OBJECT_ADD 37802382,33262877,0.000000,63 
OBJECT_ADD 37775135,33281008,0.000000,62 
OBJECT_ADD 37798567,33286653,0.000000,62 
OBJECT_ADD 37792813,33286615,0.000000,62 
OBJECT_ADD 37777879,33284545,0.000000,62 
OBJECT_ADD 37868435,33281280,-23.000000,62 
OBJECT_ADD 37868244,33284075,-23.000000,62 
OBJECT_ADD 37868851,33287087,-23.000000,62 
OBJECT_ADD 37873125,33288701,-23.000000,62 
OBJECT_ADD 37877146,33291552,-23.000000,62 
OBJECT_ADD 37876462,33236629,0.000000,62 
OBJECT_ADD 37878370,33239495,0.000000,62 
OBJECT_ADD 37879193,33235791,0.000000,62 
OBJECT_ADD 37879309,33286447,0.000000,62 
OBJECT_ADD 37877685,33232123,0.000000,62 
OBJECT_ADD 37879362,33227779,0.000000,62 
OBJECT_ADD 37854414,33176584,-23.000000,62 
OBJECT_ADD 37854800,33180716,-23.000000,62 
OBJECT_ADD 37855394,33184359,-23.000000,62 
OBJECT_ADD 37861206,33167045,-23.000000,62 
OBJECT_ADD 37867041,33166363,-23.000000,62 
OBJECT_ADD 37863641,33165310,-23.000000,62 
OBJECT_ADD 37876965,33181982,-23.000000,62 
OBJECT_ADD 37876024,33186147,0.000000,62 
OBJECT_ADD 37878746,33178989,0.000000,62 
OBJECT_ADD 37877487,33194826,0.000000,62 
OBJECT_ADD 37875997,33191590,0.000000,62 
OBJECT_ADD 37829092,33292932,0.000000,62 
OBJECT_ADD 37837713,33292330,0.000000,62 
OBJECT_ADD 37839464,33294614,0.000000,62 
OBJECT_ADD 37843667,33293031,0.000000,62 
OBJECT_ADD 37786458,33403434,21.000000,62 
OBJECT_ADD 37797978,33403680,21.000000,62 
OBJECT_ADD 37795365,33400208,21.000000,62 
OBJECT_ADD 37781263,33387042,21.000000,62 
OBJECT_ADD 37782328,33384262,21.000000,62 
OBJECT_ADD 37779287,33382158,21.000000,62 
OBJECT_ADD 37787996,33378001,21.000000,62 
OBJECT_ADD 37789212,33397124,21.000000,62 
OBJECT_ADD 37790880,33405206,21.000000,62 
OBJECT_ADD 37790290,33374167,21.000000,62 
OBJECT_ADD 37799881,33374896,21.000000,62 
OBJECT_ADD 37782690,33389814,21.000000,62 
OBJECT_ADD 37798635,33370222,21.000000,62 
OBJECT_ADD 37824979,33420668,-22.000000,63 
OBJECT_ADD 37755449,33385570,-33.000000,63 
OBJECT_ADD 37800106,33422482,44.000000,63 
OBJECT_ADD 37817726,33391669,44.000000,62 
OBJECT_ADD 37814876,33388636,44.000000,62 
OBJECT_ADD 37795708,33396295,44.000000,62 
OBJECT_ADD 37796398,33391713,44.000000,62 
OBJECT_ADD 37766531,33390227,44.000000,62 
OBJECT_ADD 37769937,33388089,44.000000,62 
OBJECT_ADD 37775181,33384251,44.000000,62 
OBJECT_ADD 37758736,33381656,44.000000,62 
OBJECT_ADD 37760656,33376060,44.000000,62 
OBJECT_ADD 37795425,33374546,44.000000,62 
OBJECT_ADD 37822173,33365406,44.000000,62 
OBJECT_ADD 37796653,33366699,44.000000,62 
OBJECT_ADD 37808414,33373120,44.000000,62 
OBJECT_ADD 37829343,33394786,44.000000,62 
OBJECT_ADD 37828360,33390704,44.000000,62 
OBJECT_ADD 37823183,33411365,44.000000,62 
OBJECT_ADD 37823701,33408376,44.000000,62 
OBJECT_ADD 37840280,33416393,44.000000,62 
OBJECT_ADD 37840694,33413147,44.000000,62 
OBJECT_ADD 37843251,33408323,44.000000,62 
OBJECT_ADD 37772002,33383930,44.000000,62 
OBJECT_ADD 37810674,33369715,44.000000,62 
OBJECT_ADD 37817997,33371048,44.000000,62 
OBJECT_ADD 37822163,33377389,44.000000,62 
OBJECT_ADD 37816874,33395135,44.000000,62 
OBJECT_ADD 37808887,33360310,44.000000,62 
OBJECT_ADD 37806702,33362584,44.000000,62 
OBJECT_ADD 37804335,33365259,44.000000,62 
OBJECT_ADD 37806912,33356933,44.000000,62 
OBJECT_ADD 37816703,33357415,44.000000,62 
OBJECT_ADD 37801202,33343282,44.000000,62 
OBJECT_ADD 37819330,33382770,44.000000,62 
OBJECT_ADD 37819978,33375232,44.000000,62 
OBJECT_ADD 37802788,33339364,44.000000,62 
OBJECT_ADD 37798442,33344477,44.000000,62 
OBJECT_ADD 37802717,33417234,44.000000,62 
OBJECT_ADD 37799508,33416850,44.000000,62 
OBJECT_ADD 37796337,33416632,44.000000,62 
OBJECT_ADD 37755239,33373307,44.000000,62 
OBJECT_ADD 37789366,33415174,44.000000,62 
OBJECT_ADD 37795730,33377780,44.000000,62 
OBJECT_ADD 37758869,33365637,44.000000,62 
OBJECT_ADD 37758276,33358842,44.000000,62 
OBJECT_ADD 37792553,33413013,0.000000,62 
OBJECT_ADD 37785796,33417318,0.000000,62 
OBJECT_ADD 37789524,33416528,0.000000,62 
OBJECT_ADD 37783050,33412806,0.000000,62 
OBJECT_ADD 37783715,33409252,0.000000,62 
OBJECT_ADD 37825873,33344584,-68.000000,62 
OBJECT_ADD 37828884,33348311,-68.000000,62 
OBJECT_ADD 37831983,33337120,-68.000000,62 
OBJECT_ADD 37837479,33307174,-68.000000,62 
OBJECT_ADD 37841458,33308462,-68.000000,62 
OBJECT_ADD 37838842,33319622,-68.000000,62 
OBJECT_ADD 37831310,33323442,-68.000000,62 
OBJECT_ADD 37830474,33327139,-68.000000,62 
OBJECT_ADD 37829666,33330176,-68.000000,62 
OBJECT_ADD 37844438,33328768,-68.000000,62 
OBJECT_ADD 37879013,33348880,-68.000000,62 
OBJECT_ADD 37832653,33319110,-68.000000,62 
OBJECT_ADD 37832706,33330022,-68.000000,62 
OBJECT_ADD 37825014,33341512,-111.000000,63 
OBJECT_ADD 37843084,33367633,-122.000000,63 
OBJECT_ADD 37805382,33343545,-45.000000,63 
OBJECT_ADD 37847267,33358348,-45.000000,62 
OBJECT_ADD 37839297,33349498,-45.000000,62 
OBJECT_ADD 37839715,33324774,-45.000000,62 
OBJECT_ADD 37829570,33311613,-45.000000,62 
OBJECT_ADD 37833351,33311865,-45.000000,62 
OBJECT_ADD 37833975,33316158,-45.000000,62 
OBJECT_ADD 37836493,33311002,-45.000000,62 
OBJECT_ADD 37843994,33307220,-45.000000,62 
OBJECT_ADD 37837239,33330500,-45.000000,62 
OBJECT_ADD 37840480,33333517,-45.000000,62 
OBJECT_ADD 37842423,33331128,-45.000000,62 
OBJECT_ADD 37857101,33338935,-45.000000,62 
OBJECT_ADD 37857869,33334782,-45.000000,62 
OBJECT_ADD 37798419,33310470,-45.000000,62 
OBJECT_ADD 37777080,33336808,-45.000000,62 
OBJECT_ADD 37814974,33328046,-45.000000,62 
OBJECT_ADD 37839163,33353242,-45.000000,62 
OBJECT_ADD 37831481,33348650,-45.000000,62 
OBJECT_ADD 37815505,33349925,-45.000000,62 
OBJECT_ADD 37805953,33311041,-45.000000,62 
OBJECT_ADD 37785010,33328487,-45.000000,62 
OBJECT_ADD 37786291,33331557,-45.000000,62 
OBJECT_ADD 37801420,33313111,-45.000000,62 
OBJECT_ADD 37813821,33323841,-45.000000,62 
OBJECT_ADD 37794489,33307140,-45.000000,62 
OBJECT_ADD 37838032,33303491,-45.000000,62 
OBJECT_ADD 37842696,33351398,-45.000000,62 
OBJECT_ADD 37847371,33355880,-45.000000,62 
OBJECT_ADD 37822152,33337510,-45.000000,62 
OBJECT_ADD 37859058,33297089,-45.000000,62 
OBJECT_ADD 37784088,33301348,-23.000000,62 
OBJECT_ADD 37780896,33298076,-23.000000,62 
OBJECT_ADD 37832872,33292902,-23.000000,62 
OBJECT_ADD 37784976,33298921,-23.000000,62 
OBJECT_ADD 37809156,33294174,-23.000000,62 
OBJECT_ADD 37787167,33300009,-23.000000,62 
OBJECT_ADD 37814714,33292813,0.000000,62 
OBJECT_ADD 37867263,33293476,-23.000000,62 
OBJECT_ADD 37870376,33295604,-23.000000,62 
OBJECT_ADD 37871872,33293214,-23.000000,62 
OBJECT_ADD 37877247,33296201,-23.000000,62 
OBJECT_ADD 37757524,33350433,44.000000,62 
OBJECT_ADD 37752274,33350505,44.000000,62 
OBJECT_ADD 37848310,33366243,-45.000000,62 
OBJECT_ADD 37875585,33373195,-45.000000,62 
OBJECT_ADD 37868539,33373657,-45.000000,62 
OBJECT_ADD 37859500,33373083,-45.000000,62 
OBJECT_ADD 37879525,33343875,-45.000000,62 
OBJECT_ADD 37878552,33361187,-45.000000,62 
OBJECT_ADD 37878735,33367928,-45.000000,62 
OBJECT_ADD 37854645,33362805,-45.000000,62 
OBJECT_ADD 37829012,33375739,-45.000000,62 
OBJECT_ADD 37831901,33372436,-45.000000,62 
OBJECT_ADD 37834428,33370366,-45.000000,62 
OBJECT_ADD 37878742,33376002,-45.000000,62 
OBJECT_ADD 37878678,33356041,-45.000000,62 
OBJECT_ADD 37863258,33375779,-45.000000,62 
OBJECT_ADD 37878203,33332053,-45.000000,62 
OBJECT_ADD 37791334,33426451,44.000000,62 
OBJECT_ADD 37794473,33427807,44.000000,62 
OBJECT_ADD 37797817,33429011,44.000000,62 
OBJECT_ADD 37801387,33443511,44.000000,62 
OBJECT_ADD 37781706,33424047,44.000000,62 
OBJECT_ADD 37815901,33469774,-23.000000,62 
OBJECT_ADD 37818934,33471595,-23.000000,62 
OBJECT_ADD 37808770,33467718,-23.000000,62 
OBJECT_ADD 37809790,33470276,-23.000000,62 
OBJECT_ADD 37807919,33473257,-23.000000,62 
OBJECT_ADD 37805327,33470512,-23.000000,62 
OBJECT_ADD 37803728,33467441,-23.000000,62 
OBJECT_ADD 37805654,33464823,-23.000000,62 
OBJECT_ADD 37811884,33461955,-23.000000,62 
OBJECT_ADD 37814770,33457716,-23.000000,62 
OBJECT_ADD 37811819,33454970,-23.000000,62 
OBJECT_ADD 37807934,33455185,-23.000000,62 
OBJECT_ADD 37809649,33452001,-23.000000,62 
OBJECT_ADD 37805703,33464851,-66.000000,63 
OBJECT_ADD 37821020,33447687,-77.000000,63 
OBJECT_ADD 37822773,33463049,0.000000,63 
OBJECT_ADD 37837677,33431851,0.000000,62 
OBJECT_ADD 37837503,33435581,0.000000,62 
OBJECT_ADD 37837841,33438782,0.000000,62 
OBJECT_ADD 37831734,33445028,0.000000,62 
OBJECT_ADD 37835694,33444545,0.000000,62 
OBJECT_ADD 37830490,33447882,0.000000,62 
OBJECT_ADD 37834830,33447560,0.000000,62 
OBJECT_ADD 37832657,33450899,0.000000,62 
OBJECT_ADD 37831810,33455029,0.000000,62 
OBJECT_ADD 37830489,33459101,0.000000,62 
OBJECT_ADD 37826928,33461611,0.000000,62 
OBJECT_ADD 37814535,33441757,0.000000,62 
OBJECT_ADD 37812481,33445411,0.000000,62 
OBJECT_ADD 38008928,32898333,218.000000,62 
OBJECT_ADD 37962898,32891236,241.000000,63 
OBJECT_ADD 38005232,32898039,218.000000,62 
OBJECT_ADD 37998221,32898573,218.000000,62 
OBJECT_ADD 38005382,32892731,218.000000,62 
OBJECT_ADD 38006554,32886899,218.000000,62 
OBJECT_ADD 37995560,32894972,164.000000,63 
OBJECT_ADD 38008148,32893948,218.000000,62 
OBJECT_ADD 37996504,32888179,218.000000,62 
OBJECT_ADD 38000079,32885446,218.000000,62 
OBJECT_ADD 37922073,33019070,-23.000000,62 
OBJECT_ADD 37927284,33018877,-23.000000,62 
OBJECT_ADD 37932050,33018660,-23.000000,62 
OBJECT_ADD 37918031,33018864,-23.000000,62 
OBJECT_ADD 37929616,33017274,-23.000000,62 
OBJECT_ADD 37924956,33017712,-77.000000,63 
OBJECT_ADD 37887693,33015351,0.000000,62 
OBJECT_ADD 37880379,33029275,0.000000,62 
OBJECT_ADD 37880942,33024722,0.000000,62 
OBJECT_ADD 37891527,33018147,-23.000000,62 
OBJECT_ADD 37894620,33016732,-23.000000,62 
OBJECT_ADD 37897646,33019459,-23.000000,62 
OBJECT_ADD 37884341,33030091,0.000000,62 
OBJECT_ADD 37909820,33005464,-23.000000,62 
OBJECT_ADD 37912010,33009162,-23.000000,62 
OBJECT_ADD 37911480,33012708,-23.000000,62 
OBJECT_ADD 37914915,33013093,-23.000000,62 
OBJECT_ADD 37914170,33016070,-23.000000,62 
OBJECT_ADD 37933441,33026327,-23.000000,62 
OBJECT_ADD 37957468,33022982,-66.000000,63 
OBJECT_ADD 38002856,32929737,218.000000,62 
OBJECT_ADD 37993641,32937388,218.000000,62 
OBJECT_ADD 38003592,32900832,218.000000,62 
OBJECT_ADD 37994940,32907517,218.000000,62 
OBJECT_ADD 37978616,32913383,218.000000,62 
OBJECT_ADD 37962298,32930437,218.000000,62 
OBJECT_ADD 37970081,32934059,218.000000,62 
OBJECT_ADD 37973406,32932221,218.000000,62 
OBJECT_ADD 37994292,32920757,218.000000,62 
OBJECT_ADD 37996340,32924287,218.000000,62 
OBJECT_ADD 37971320,32927803,218.000000,62 
OBJECT_ADD 37977702,32933242,218.000000,62 
OBJECT_ADD 37973775,32935018,218.000000,62 
OBJECT_ADD 37992825,32939366,175.000000,63 
OBJECT_ADD 37961788,32913713,218.000000,62 
OBJECT_ADD 37974527,32913730,218.000000,62 
OBJECT_ADD 37972132,32920751,218.000000,62 
OBJECT_ADD 37975189,32921637,218.000000,62 
OBJECT_ADD 37976800,32918110,218.000000,62 
OBJECT_ADD 37979954,32909577,218.000000,62 
OBJECT_ADD 37970245,32937368,218.000000,62 
OBJECT_ADD 37998849,32911641,218.000000,62 
OBJECT_ADD 37998831,32917176,218.000000,62 
OBJECT_ADD 38001889,32914086,218.000000,62 
OBJECT_ADD 37989687,32945319,218.000000,62 
OBJECT_ADD 38006197,32946879,218.000000,62 
OBJECT_ADD 38009376,32933005,218.000000,62 
OBJECT_ADD 38006054,32943409,218.000000,62 
OBJECT_ADD 37972928,32938769,218.000000,62 
OBJECT_ADD 37989213,32920121,175.000000,63 
OBJECT_ADD 38006842,32928172,164.000000,63 
OBJECT_ADD 37987804,32940965,241.000000,63 
OBJECT_ADD 37961312,32936752,175.000000,63 
OBJECT_ADD 37953211,32961298,218.000000,62 
OBJECT_ADD 37955751,32964364,218.000000,62 
OBJECT_ADD 37949697,32961072,218.000000,62 
OBJECT_ADD 37957026,32960153,218.000000,62 
OBJECT_ADD 37957793,32948652,218.000000,62 
OBJECT_ADD 37956275,32956256,218.000000,62 
OBJECT_ADD 37960304,32957251,218.000000,62 
OBJECT_ADD 37963022,32958937,218.000000,62 
OBJECT_ADD 37926329,32965399,218.000000,62 
OBJECT_ADD 37929556,32964565,218.000000,62 
OBJECT_ADD 37932681,32962316,218.000000,62 
OBJECT_ADD 37933426,32956583,218.000000,62 
OBJECT_ADD 37977313,32941934,218.000000,62 
OBJECT_ADD 37930220,32954835,218.000000,62 
OBJECT_ADD 37931938,32951736,218.000000,62 
OBJECT_ADD 37965426,32933804,218.000000,62 
OBJECT_ADD 37956780,32945176,175.000000,63 
OBJECT_ADD 37933831,32949255,218.000000,62 
OBJECT_ADD 37938156,32941747,218.000000,62 
OBJECT_ADD 37956271,32978349,218.000000,62 
OBJECT_ADD 37988797,32963164,218.000000,62 
OBJECT_ADD 37976773,32974541,218.000000,62 
OBJECT_ADD 37954799,32974749,218.000000,62 
OBJECT_ADD 37958305,32975602,218.000000,62 
OBJECT_ADD 37954609,32970385,218.000000,62 
OBJECT_ADD 37966696,32959708,218.000000,62 
OBJECT_ADD 37956494,32971903,218.000000,62 
OBJECT_ADD 37960388,32973287,218.000000,62 
OBJECT_ADD 38007293,32973940,175.000000,63 
OBJECT_ADD 37993795,32973035,164.000000,63 
OBJECT_ADD 37978638,32960907,241.000000,63 
OBJECT_ADD 38001470,32988718,0.000000,62 
OBJECT_ADD 37997982,32988951,0.000000,62 
OBJECT_ADD 37994655,32990296,0.000000,62 
OBJECT_ADD 37977003,32981091,0.000000,62 
OBJECT_ADD 37979718,32984687,0.000000,62 
OBJECT_ADD 37979454,32988229,0.000000,62 
OBJECT_ADD 37981246,32990290,0.000000,62 
OBJECT_ADD 37983945,32987677,0.000000,62 
OBJECT_ADD 37988001,32984757,0.000000,62 
OBJECT_ADD 37990417,32988113,0.000000,62 
OBJECT_ADD 37989688,32982479,0.000000,62 
OBJECT_ADD 37992937,32984591,0.000000,62 
OBJECT_ADD 37990852,33007843,0.000000,62 
OBJECT_ADD 37982455,33006849,0.000000,62 
OBJECT_ADD 37986091,33005839,0.000000,62 
OBJECT_ADD 37974708,32995186,0.000000,62 
OBJECT_ADD 37973161,32998441,0.000000,62 
OBJECT_ADD 37972997,33002191,0.000000,62 
OBJECT_ADD 37987200,33009569,0.000000,62 
OBJECT_ADD 37978886,33010155,0.000000,62 
OBJECT_ADD 37981720,33011509,0.000000,62 
OBJECT_ADD 37977624,33005529,0.000000,62 
OBJECT_ADD 37998657,33011579,0.000000,62 
OBJECT_ADD 37985727,33011747,0.000000,62 
OBJECT_ADD 37984314,33014648,0.000000,62 
OBJECT_ADD 37974309,33005302,0.000000,62 
OBJECT_ADD 38002060,33025117,0.000000,62 
OBJECT_ADD 37969932,32999889,0.000000,62 
OBJECT_ADD 37997080,33009816,0.000000,62 
OBJECT_ADD 37966067,32992409,0.000000,62 
OBJECT_ADD 38009180,33006631,0.000000,62 
OBJECT_ADD 37970123,32991291,0.000000,62 
OBJECT_ADD 37969490,32997438,0.000000,62 
OBJECT_ADD 37992013,33021125,0.000000,62 
OBJECT_ADD 37995480,33019315,0.000000,62 
OBJECT_ADD 37998590,33017307,0.000000,62 
OBJECT_ADD 38002126,33014250,0.000000,62 
OBJECT_ADD 38005160,33015112,0.000000,62 
OBJECT_ADD 38009829,33000579,0.000000,62 
OBJECT_ADD 38006411,33009377,0.000000,62 
OBJECT_ADD 38005536,32998227,0.000000,62 
OBJECT_ADD 37996502,33029242,0.000000,62 
OBJECT_ADD 37999416,33027630,0.000000,62 
OBJECT_ADD 37997344,32992760,0.000000,62 
OBJECT_ADD 37884182,33159160,-23.000000,62 
OBJECT_ADD 37887836,33158726,0.000000,62 
OBJECT_ADD 37890609,33159617,0.000000,62 
OBJECT_ADD 37935920,33161199,0.000000,62 
OBJECT_ADD 37890994,33152958,0.000000,62 
OBJECT_ADD 37891756,33156680,0.000000,62 
OBJECT_ADD 37947754,33155245,0.000000,62 
OBJECT_ADD 37942465,33135518,-23.000000,62 
OBJECT_ADD 37946545,33134761,-23.000000,62 
OBJECT_ADD 37936532,33140542,-23.000000,62 
OBJECT_ADD 37937500,33137645,-23.000000,62 
OBJECT_ADD 37947513,33151350,-23.000000,62 
OBJECT_ADD 37945062,33155852,-23.000000,62 
OBJECT_ADD 37940566,33158571,-23.000000,62 
OBJECT_ADD 37957278,33125009,-23.000000,62 
OBJECT_ADD 37936470,33126858,-66.000000,63 
OBJECT_ADD 37951714,33134610,-77.000000,63 
OBJECT_ADD 37983431,33148004,0.000000,63 
OBJECT_ADD 37978235,33142082,0.000000,62 
OBJECT_ADD 37972883,33139133,0.000000,62 
OBJECT_ADD 37944152,33138085,0.000000,62 
OBJECT_ADD 37948314,33138978,0.000000,62 
OBJECT_ADD 37960012,33142256,0.000000,62 
OBJECT_ADD 37964879,33143683,0.000000,62 
OBJECT_ADD 37969688,33145016,0.000000,62 
OBJECT_ADD 37970375,33129539,0.000000,62 
OBJECT_ADD 37972727,33132312,0.000000,62 
OBJECT_ADD 37975701,33134351,0.000000,62 
OBJECT_ADD 37955420,33121661,0.000000,62 
OBJECT_ADD 37944592,33111979,0.000000,62 
OBJECT_ADD 37935426,33127742,0.000000,62 
OBJECT_ADD 37929916,33141349,0.000000,62 
OBJECT_ADD 37937317,33110263,0.000000,62 
OBJECT_ADD 37942400,33110907,0.000000,62 
OBJECT_ADD 37942378,33107890,0.000000,62 
OBJECT_ADD 37927720,33127071,0.000000,62 
OBJECT_ADD 37934507,33136244,0.000000,62 
OBJECT_ADD 37913453,33139476,0.000000,62 
OBJECT_ADD 37911611,33137081,0.000000,62 
OBJECT_ADD 37915195,33136845,0.000000,62 
OBJECT_ADD 37913212,33134351,0.000000,62 
OBJECT_ADD 37917666,33135697,0.000000,62 
OBJECT_ADD 37917509,33133104,0.000000,62 
OBJECT_ADD 37928316,33135117,0.000000,62 
OBJECT_ADD 37881504,33033701,0.000000,62 
OBJECT_ADD 37886634,33033413,0.000000,62 
OBJECT_ADD 37893630,33045807,0.000000,62 
OBJECT_ADD 37914966,33057800,-23.000000,62 
OBJECT_ADD 37905758,33045898,-23.000000,62 
OBJECT_ADD 37892468,33074273,-66.000000,63 
OBJECT_ADD 37906327,33091435,-77.000000,63 
OBJECT_ADD 37908069,33065667,0.000000,62 
OBJECT_ADD 37913618,33070175,0.000000,62 
OBJECT_ADD 37916460,33067213,0.000000,62 
OBJECT_ADD 37904490,33072170,0.000000,62 
OBJECT_ADD 37897330,33123841,0.000000,62 
OBJECT_ADD 37901029,33122763,0.000000,62 
OBJECT_ADD 37893656,33123150,0.000000,62 
OBJECT_ADD 37904092,33122465,0.000000,62 
OBJECT_ADD 37906684,33120488,0.000000,62 
OBJECT_ADD 37909417,33119335,0.000000,62 
OBJECT_ADD 37912168,33118915,0.000000,62 
OBJECT_ADD 37908368,33115161,0.000000,62 
OBJECT_ADD 37892649,33126941,0.000000,62 
OBJECT_ADD 37918710,33116958,0.000000,62 
OBJECT_ADD 37916256,33113910,0.000000,62 
OBJECT_ADD 37887728,33121985,0.000000,62 
OBJECT_ADD 37915588,33118163,0.000000,62 
OBJECT_ADD 37897723,33096572,0.000000,62 
OBJECT_ADD 37897906,33099000,0.000000,62 
OBJECT_ADD 37900732,33100406,0.000000,62 
OBJECT_ADD 37900732,33095910,0.000000,62 
OBJECT_ADD 37903420,33097884,0.000000,62 
OBJECT_ADD 37926647,33100756,0.000000,62 
OBJECT_ADD 37923234,33098157,0.000000,62 
OBJECT_ADD 37920398,33095914,0.000000,62 
OBJECT_ADD 37923314,33088039,0.000000,62 
OBJECT_ADD 37915208,33094490,0.000000,62 
OBJECT_ADD 37908043,33083239,0.000000,62 
OBJECT_ADD 37884177,33098365,0.000000,62 
OBJECT_ADD 37957565,33080297,0.000000,62 
OBJECT_ADD 37961305,33081793,0.000000,62 
OBJECT_ADD 37937655,33078494,0.000000,62 
OBJECT_ADD 37938465,33075860,0.000000,62 
OBJECT_ADD 37944073,33098622,0.000000,62 
OBJECT_ADD 37892413,33074470,0.000000,62 
OBJECT_ADD 37898705,33121709,0.000000,62 
OBJECT_ADD 37886035,33102761,0.000000,62 
OBJECT_ADD 37887404,33105896,0.000000,62 
OBJECT_ADD 37887768,33108835,0.000000,62 
OBJECT_ADD 37928874,33105199,0.000000,62 
OBJECT_ADD 37931663,33108433,0.000000,62 
OBJECT_ADD 37883770,33084157,0.000000,62 
OBJECT_ADD 37908122,33117168,0.000000,62 
OBJECT_ADD 37973578,33057420,-23.000000,62 
OBJECT_ADD 37977450,33057145,-23.000000,62 
OBJECT_ADD 37976823,33053330,-23.000000,62 
OBJECT_ADD 37974555,33060435,-23.000000,62 
OBJECT_ADD 37972318,33099339,-23.000000,62 
OBJECT_ADD 37971225,33101441,-23.000000,62 
OBJECT_ADD 37962101,33102268,-23.000000,62 
OBJECT_ADD 37965065,33099132,-23.000000,62 
OBJECT_ADD 37947487,33038519,-23.000000,62 
OBJECT_ADD 37966560,33039896,-23.000000,62 
OBJECT_ADD 37964005,33063162,-23.000000,62 
OBJECT_ADD 37965929,33064555,-23.000000,62 
OBJECT_ADD 37968750,33096810,-23.000000,62 
OBJECT_ADD 37957564,33083665,-66.000000,63 
OBJECT_ADD 37952509,33050525,-77.000000,63 
OBJECT_ADD 37986104,33042145,0.000000,63 
OBJECT_ADD 37974711,33065372,0.000000,62 
OBJECT_ADD 37984427,33041979,0.000000,62 
OBJECT_ADD 37970783,33038542,0.000000,62 
OBJECT_ADD 37956445,33099480,0.000000,62 
OBJECT_ADD 37941884,33094639,0.000000,62 
OBJECT_ADD 37971703,33070971,0.000000,62 
OBJECT_ADD 37958736,33053954,0.000000,62 
OBJECT_ADD 37960430,33106866,0.000000,62 
OBJECT_ADD 37968816,33111574,0.000000,62 
OBJECT_ADD 37959216,33109828,0.000000,62 
OBJECT_ADD 37959151,33096803,0.000000,62 
OBJECT_ADD 37959381,33093612,0.000000,62 
OBJECT_ADD 37962377,33048759,0.000000,62 
OBJECT_ADD 37937843,33054059,-23.000000,62 
OBJECT_ADD 37917940,33051110,-23.000000,62 
OBJECT_ADD 37921394,33060638,0.000000,63 
OBJECT_ADD 37997893,33044198,0.000000,62 
OBJECT_ADD 38000518,33043423,0.000000,62 
OBJECT_ADD 37998079,33041184,0.000000,62 
OBJECT_ADD 37994839,33037408,0.000000,62 
OBJECT_ADD 37998909,33031312,0.000000,62 
OBJECT_ADD 38001364,33031206,0.000000,62 
OBJECT_ADD 37999748,33047978,0.000000,62 
OBJECT_ADD 37909029,33169795,-23.000000,62 
OBJECT_ADD 37909054,33163549,-23.000000,62 
OBJECT_ADD 37912950,33163543,-23.000000,62 
OBJECT_ADD 37913999,33167078,-23.000000,62 
OBJECT_ADD 37915319,33170479,-23.000000,62 
OBJECT_ADD 37881106,33167050,0.000000,62 
OBJECT_ADD 37881985,33163855,0.000000,62 
OBJECT_ADD 37927175,33171554,0.000000,62 
OBJECT_ADD 37927197,33176361,0.000000,62 
OBJECT_ADD 37932776,33174386,0.000000,62 
OBJECT_ADD 37930352,33172710,0.000000,62 
OBJECT_ADD 37931058,33176996,0.000000,62 
OBJECT_ADD 37967196,33179657,0.000000,62 
OBJECT_ADD 37970447,33174015,0.000000,62 
OBJECT_ADD 37972006,33169608,0.000000,62 
OBJECT_ADD 37974927,33164814,0.000000,62 
OBJECT_ADD 37953839,33178653,0.000000,62 
OBJECT_ADD 37956187,33174633,0.000000,62 
OBJECT_ADD 37955981,33166776,0.000000,62 
OBJECT_ADD 37962262,33172643,0.000000,62 
OBJECT_ADD 37962457,33167729,0.000000,62 
OBJECT_ADD 37968012,33168019,0.000000,62 
OBJECT_ADD 37944934,33161674,0.000000,62 
OBJECT_ADD 37952581,33163605,0.000000,62 
OBJECT_ADD 37947228,33167385,0.000000,62 
OBJECT_ADD 37942920,33165274,0.000000,62 
OBJECT_ADD 37940997,33170131,0.000000,62 
OBJECT_ADD 37945772,33171821,0.000000,62 
OBJECT_ADD 37951394,33169941,0.000000,62 
OBJECT_ADD 37939054,33175663,0.000000,62 
OBJECT_ADD 37942811,33175166,0.000000,62 
OBJECT_ADD 37947328,33175404,0.000000,62 
OBJECT_ADD 37951694,33175728,0.000000,62 
OBJECT_ADD 37955301,33161543,0.000000,62 
OBJECT_ADD 37934618,33165978,-23.000000,62 
OBJECT_ADD 37937790,33167304,-23.000000,62 
OBJECT_ADD 37971246,33165021,-23.000000,62 
OBJECT_ADD 37966638,33162257,-23.000000,62 
OBJECT_ADD 37960635,33161919,-23.000000,62 
OBJECT_ADD 37882937,33262952,-23.000000,62 
OBJECT_ADD 37897051,33276304,-23.000000,62 
OBJECT_ADD 37890974,33261352,-23.000000,62 
OBJECT_ADD 37897177,33276500,-66.000000,63 
OBJECT_ADD 37907377,33256288,-77.000000,63 
OBJECT_ADD 37900167,33255863,0.000000,63 
OBJECT_ADD 37926786,33268169,0.000000,62 
OBJECT_ADD 37926530,33258580,0.000000,62 
OBJECT_ADD 37882665,33250514,0.000000,62 
OBJECT_ADD 37881720,33254976,0.000000,62 
OBJECT_ADD 37886202,33274188,0.000000,62 
OBJECT_ADD 37914989,33253461,0.000000,62 
OBJECT_ADD 37912186,33257950,0.000000,62 
OBJECT_ADD 37915057,33250968,0.000000,62 
OBJECT_ADD 37929948,33246377,0.000000,62 
OBJECT_ADD 37881535,33292015,0.000000,62 
OBJECT_ADD 37900686,33288096,0.000000,62 
OBJECT_ADD 37881246,33288413,0.000000,62 
OBJECT_ADD 37890567,33235752,0.000000,62 
OBJECT_ADD 37901884,33290222,0.000000,62 
OBJECT_ADD 37910606,33284192,0.000000,62 
OBJECT_ADD 37926175,33240581,0.000000,62 
OBJECT_ADD 37938044,33236441,0.000000,62 
OBJECT_ADD 37888898,33267719,0.000000,62 
OBJECT_ADD 37927314,33244383,0.000000,62 
OBJECT_ADD 37888437,33270242,0.000000,62 
OBJECT_ADD 37905672,33272339,0.000000,62 
OBJECT_ADD 37904856,33275784,0.000000,62 
OBJECT_ADD 37923047,33274058,0.000000,62 
OBJECT_ADD 37921591,33221092,0.000000,62 
OBJECT_ADD 37918301,33290180,0.000000,62 
OBJECT_ADD 37923043,33267680,0.000000,62 
OBJECT_ADD 37888268,33275670,0.000000,62 
OBJECT_ADD 37942799,33211102,0.000000,62 
OBJECT_ADD 37945894,33213305,0.000000,62 
OBJECT_ADD 37922690,33226366,0.000000,62 
OBJECT_ADD 37922996,33230511,0.000000,62 
OBJECT_ADD 37893406,33222904,0.000000,62 
OBJECT_ADD 37953662,33207037,0.000000,62 
OBJECT_ADD 37932160,33209892,-66.000000,63 
OBJECT_ADD 37931219,33204046,-77.000000,63 
OBJECT_ADD 37927154,33206066,0.000000,63 
OBJECT_ADD 37886402,33195675,0.000000,62 
OBJECT_ADD 37890253,33196176,0.000000,62 
OBJECT_ADD 37880566,33170681,0.000000,62 
OBJECT_ADD 37886869,33180144,0.000000,62 
OBJECT_ADD 37916386,33174494,0.000000,62 
OBJECT_ADD 37915156,33172775,0.000000,62 
OBJECT_ADD 37879908,33202118,0.000000,62 
OBJECT_ADD 37881031,33208196,0.000000,62 
OBJECT_ADD 37880079,33212909,0.000000,62 
OBJECT_ADD 37895413,33194932,0.000000,62 
OBJECT_ADD 37894744,33184592,0.000000,62 
OBJECT_ADD 37887019,33191538,0.000000,62 
OBJECT_ADD 37916180,33187412,0.000000,62 
OBJECT_ADD 37956210,33187806,0.000000,62 
OBJECT_ADD 37956042,33185368,0.000000,62 
OBJECT_ADD 37916487,33197003,0.000000,62 
OBJECT_ADD 37951099,33181096,0.000000,62 
OBJECT_ADD 37948106,33182067,0.000000,62 
OBJECT_ADD 37916963,33194376,0.000000,62 
OBJECT_ADD 37918866,33183684,0.000000,62 
OBJECT_ADD 37882544,33197162,0.000000,62 
OBJECT_ADD 37942622,33204044,0.000000,62 
OBJECT_ADD 37879902,33328839,-45.000000,62 
OBJECT_ADD 37897988,33293230,-23.000000,62 
OBJECT_ADD 37880814,33294605,0.000000,62 
OBJECT_ADD 37907274,33298994,0.000000,62 
OBJECT_ADD 37906483,33294761,0.000000,62 
OBJECT_ADD 37910744,33297571,0.000000,62 
OBJECT_ADD 37913068,33293262,0.000000,62 
OBJECT_ADD 37912405,33301966,0.000000,62 
OBJECT_ADD 37914191,33297441,0.000000,62 
OBJECT_ADD 37880940,33337117,-45.000000,62 
OBJECT_ADD 37880147,33364784,-45.000000,62 
OBJECT_ADD 37892989,33353757,-45.000000,62 
OBJECT_ADD 37888149,33320222,-45.000000,62 
OBJECT_ADD 37886603,33323966,-45.000000,62 
OBJECT_ADD 37887257,33325782,-45.000000,62 
OBJECT_ADD 38015419,32890505,218.000000,62 
OBJECT_ADD 38031134,32898443,218.000000,62 
OBJECT_ADD 38014286,32887808,218.000000,62 
OBJECT_ADD 38026815,32897666,218.000000,62 
OBJECT_ADD 38017307,32896368,218.000000,62 
OBJECT_ADD 38017077,32946521,218.000000,62 
OBJECT_ADD 38012061,32904115,218.000000,62 
OBJECT_ADD 38015533,32929503,218.000000,62 
OBJECT_ADD 38023186,32901805,218.000000,62 
OBJECT_ADD 38011885,32944481,218.000000,62 
OBJECT_ADD 38026991,32910752,164.000000,63 
OBJECT_ADD 38012643,32918857,241.000000,63 
OBJECT_ADD 38018279,32943153,218.000000,62 
OBJECT_ADD 38014884,32905671,218.000000,62 
OBJECT_ADD 38013409,32908638,218.000000,62 
OBJECT_ADD 38036142,32900342,218.000000,62 
OBJECT_ADD 38020801,32907259,218.000000,62 
OBJECT_ADD 38012486,32994754,0.000000,62 
