OBJECT_ADD 37448112,33816221,-23.000000,62 
OBJECT_ADD 37479581,33812142,0.000000,62 
OBJECT_ADD 37486173,33810252,0.000000,62 
OBJECT_ADD 37404807,33770184,68.000000,62 
OBJECT_ADD 37401812,33772846,68.000000,62 
OBJECT_ADD 37404659,33754926,68.000000,62 
OBJECT_ADD 37414586,33798311,68.000000,62 
OBJECT_ADD 37430685,33728098,68.000000,62 
OBJECT_ADD 37432084,33730697,68.000000,62 
OBJECT_ADD 37401863,33740389,68.000000,62 
OBJECT_ADD 37429571,33729730,68.000000,62 
OBJECT_ADD 37407371,33772680,68.000000,62 
OBJECT_ADD 37430252,33773365,68.000000,62 
OBJECT_ADD 37411912,33767350,68.000000,62 
OBJECT_ADD 37400040,33758000,68.000000,62 
OBJECT_ADD 37407575,33764735,68.000000,62 
OBJECT_ADD 37427527,33756898,45.000000,62 
OBJECT_ADD 37414141,33759975,45.000000,62 
OBJECT_ADD 37425857,33760349,45.000000,62 
OBJECT_ADD 37411303,33763826,45.000000,62 
OBJECT_ADD 37416876,33757592,45.000000,62 
OBJECT_ADD 37423124,33757670,45.000000,62 
OBJECT_ADD 37405877,33742074,45.000000,62 
OBJECT_ADD 37421404,33727099,45.000000,62 
OBJECT_ADD 37419380,33729584,45.000000,62 
OBJECT_ADD 37419968,33748869,45.000000,62 
OBJECT_ADD 37414907,33751883,45.000000,62 
OBJECT_ADD 37417575,33767273,45.000000,62 
OBJECT_ADD 37409826,33753934,45.000000,62 
OBJECT_ADD 37418526,33765956,2.000000,63 
OBJECT_ADD 37416060,33740399,-9.000000,63 
OBJECT_ADD 37414943,33740728,68.000000,63 
OBJECT_ADD 37409061,33738612,68.000000,62 
OBJECT_ADD 37411294,33736070,68.000000,62 
OBJECT_ADD 37415214,33733798,68.000000,62 
OBJECT_ADD 37413544,33730669,68.000000,62 
OBJECT_ADD 37427861,33772309,68.000000,62 
OBJECT_ADD 37403454,33799752,68.000000,62 
OBJECT_ADD 37403632,33765148,68.000000,62 
OBJECT_ADD 37454060,33736342,68.000000,62 
OBJECT_ADD 37399827,33782473,68.000000,62 
OBJECT_ADD 37402126,33748533,68.000000,62 
OBJECT_ADD 37438626,33743555,88.000000,62 
OBJECT_ADD 37442272,33744677,88.000000,62 
OBJECT_ADD 37438385,33727552,88.000000,62 
OBJECT_ADD 37389208,33753606,88.000000,62 
OBJECT_ADD 37392022,33748784,88.000000,62 
OBJECT_ADD 37392125,33734240,88.000000,62 
OBJECT_ADD 37386428,33732856,88.000000,62 
OBJECT_ADD 37382454,33726284,88.000000,62 
OBJECT_ADD 37387299,33728432,88.000000,62 
OBJECT_ADD 37470576,33741023,88.000000,62 
OBJECT_ADD 37382164,33731116,88.000000,62 
OBJECT_ADD 37379145,33733106,88.000000,62 
OBJECT_ADD 37377142,33729194,88.000000,62 
OBJECT_ADD 37371819,33730827,88.000000,62 
OBJECT_ADD 37373406,33734869,88.000000,62 
OBJECT_ADD 37400021,33733290,88.000000,62 
OBJECT_ADD 37435747,33789452,88.000000,62 
OBJECT_ADD 37398447,33808081,88.000000,62 
OBJECT_ADD 37387512,33794498,88.000000,62 
OBJECT_ADD 37393042,33790461,88.000000,62 
OBJECT_ADD 37392391,33788389,88.000000,62 
OBJECT_ADD 37409215,33781762,88.000000,62 
OBJECT_ADD 37429454,33804048,88.000000,62 
OBJECT_ADD 37458116,33735014,88.000000,62 
OBJECT_ADD 37398384,33778841,88.000000,62 
OBJECT_ADD 37388666,33750712,88.000000,62 
OBJECT_ADD 37386416,33755609,88.000000,62 
OBJECT_ADD 37383773,33753512,88.000000,62 
OBJECT_ADD 37387661,33791287,88.000000,62 
OBJECT_ADD 37449598,33802017,88.000000,62 
OBJECT_ADD 37409320,33810460,88.000000,62 
OBJECT_ADD 37411156,33805972,88.000000,62 
OBJECT_ADD 37434582,33784717,88.000000,62 
OBJECT_ADD 37439400,33762516,88.000000,62 
OBJECT_ADD 37434664,33761509,88.000000,62 
OBJECT_ADD 37435250,33766292,88.000000,62 
OBJECT_ADD 37454295,33768864,88.000000,62 
OBJECT_ADD 37452503,33762408,88.000000,62 
OBJECT_ADD 37463834,33780627,88.000000,62 
OBJECT_ADD 37455257,33778733,88.000000,62 
OBJECT_ADD 37461487,33778026,88.000000,62 
OBJECT_ADD 37443802,33784444,88.000000,62 
OBJECT_ADD 37476409,33723453,0.000000,62 
OBJECT_ADD 37461086,33716542,0.000000,62 
OBJECT_ADD 37484762,33725357,0.000000,62 
OBJECT_ADD 37482377,33714805,0.000000,62 
OBJECT_ADD 37471399,33722906,0.000000,62 
OBJECT_ADD 37464378,33754009,0.000000,62 
OBJECT_ADD 37468219,33750529,0.000000,62 
OBJECT_ADD 37458038,33725130,0.000000,62 
OBJECT_ADD 37462380,33745630,0.000000,62 
OBJECT_ADD 37479138,33724528,0.000000,62 
OBJECT_ADD 37474937,33740865,0.000000,62 
OBJECT_ADD 37482096,33758078,0.000000,62 
OBJECT_ADD 37478288,33759140,0.000000,62 
OBJECT_ADD 37472568,33759192,0.000000,62 
OBJECT_ADD 37480236,33764145,0.000000,62 
OBJECT_ADD 37463542,33765905,0.000000,62 
OBJECT_ADD 37469892,33758884,0.000000,62 
OBJECT_ADD 37472380,33742562,0.000000,62 
OBJECT_ADD 37425268,33722340,68.000000,62 
OBJECT_ADD 37423177,33720936,68.000000,62 
OBJECT_ADD 37423768,33724624,68.000000,62 
OBJECT_ADD 37470900,33807625,88.000000,62 
OBJECT_ADD 37459653,33803142,88.000000,62 
OBJECT_ADD 37447162,33810748,88.000000,62 
OBJECT_ADD 37360261,33772550,88.000000,62 
OBJECT_ADD 37362129,33728780,88.000000,62 
OBJECT_ADD 37369130,33726900,88.000000,62 
OBJECT_ADD 37439563,33717668,88.000000,62 
OBJECT_ADD 37438871,33722530,88.000000,62 
OBJECT_ADD 37431072,33719810,88.000000,62 
OBJECT_ADD 37483241,33717669,0.000000,62 
OBJECT_ADD 37404480,33934531,-89.000000,62 
OBJECT_ADD 37365270,33935846,-89.000000,62 
OBJECT_ADD 37384767,33941327,-89.000000,62 
OBJECT_ADD 37385482,33939186,-89.000000,62 
OBJECT_ADD 37385841,33936477,-89.000000,62 
OBJECT_ADD 37386168,33934331,-89.000000,62 
OBJECT_ADD 37385890,33931891,-89.000000,62 
OBJECT_ADD 37384093,33943548,-89.000000,62 
OBJECT_ADD 37426045,33945058,-89.000000,62 
OBJECT_ADD 37449377,33934258,90.000000,62 
OBJECT_ADD 37451374,33932768,90.000000,62 
OBJECT_ADD 37449094,33931301,90.000000,62 
OBJECT_ADD 37432462,33932171,90.000000,62 
OBJECT_ADD 37430273,33932880,90.000000,62 
OBJECT_ADD 37431640,33936376,90.000000,62 
OBJECT_ADD 37473196,33937402,90.000000,62 
OBJECT_ADD 37470248,33936589,90.000000,62 
OBJECT_ADD 37460023,33929929,90.000000,62 
OBJECT_ADD 37460265,33932788,90.000000,62 
OBJECT_ADD 37453582,33944193,90.000000,62 
OBJECT_ADD 37461446,33940050,90.000000,62 
OBJECT_ADD 37462432,33944030,90.000000,62 
OBJECT_ADD 37448977,33937426,90.000000,62 
OBJECT_ADD 37447964,33940964,90.000000,62 
OBJECT_ADD 37484947,33926808,90.000000,62 
OBJECT_ADD 37484871,33929756,90.000000,62 
OBJECT_ADD 37484505,33933158,90.000000,62 
OBJECT_ADD 37469725,33927845,90.000000,62 
OBJECT_ADD 37472882,33896313,0.000000,62 
OBJECT_ADD 37474420,33892978,0.000000,62 
OBJECT_ADD 37472067,33887942,0.000000,62 
OBJECT_ADD 37483405,33884427,0.000000,62 
OBJECT_ADD 37482744,33895215,0.000000,62 
OBJECT_ADD 37480860,33896726,0.000000,62 
OBJECT_ADD 37476565,33896794,0.000000,62 
OBJECT_ADD 37467442,33892665,0.000000,62 
OBJECT_ADD 37467583,33896017,0.000000,62 
OBJECT_ADD 37459630,33890531,0.000000,62 
OBJECT_ADD 37479990,33883721,0.000000,62 
OBJECT_ADD 37462903,33886401,0.000000,62 
OBJECT_ADD 37464945,33889108,0.000000,62 
OBJECT_ADD 37471800,33884241,0.000000,62 
OBJECT_ADD 37481212,33878286,0.000000,62 
OBJECT_ADD 37479673,33874779,0.000000,62 
OBJECT_ADD 37478378,33870806,0.000000,62 
OBJECT_ADD 37478893,33864504,0.000000,62 
OBJECT_ADD 37443810,33844452,-23.000000,62 
OBJECT_ADD 37446192,33862226,-23.000000,62 
OBJECT_ADD 37445565,33858411,-23.000000,62 
OBJECT_ADD 37450668,33857264,-23.000000,62 
OBJECT_ADD 37437829,33846642,-23.000000,62 
OBJECT_ADD 37425475,33852515,-23.000000,62 
OBJECT_ADD 37456708,33859905,-23.000000,62 
OBJECT_ADD 37444661,33855738,-23.000000,62 
OBJECT_ADD 37435341,33852819,-23.000000,62 
OBJECT_ADD 37438518,33852859,-23.000000,62 
OBJECT_ADD 37437149,33851322,-23.000000,62 
OBJECT_ADD 37424166,33863022,-23.000000,62 
OBJECT_ADD 37432448,33868389,-23.000000,62 
OBJECT_ADD 37462821,33885119,-66.000000,63 
OBJECT_ADD 37471185,33872808,-77.000000,63 
OBJECT_ADD 37427402,33865563,-23.000000,62 
OBJECT_ADD 37382209,33856643,-23.000000,62 
OBJECT_ADD 37438479,33860984,-23.000000,62 
OBJECT_ADD 37428979,33861887,-23.000000,62 
OBJECT_ADD 37434686,33871878,-23.000000,62 
OBJECT_ADD 37441734,33888360,-23.000000,62 
OBJECT_ADD 37440016,33874052,-23.000000,62 
OBJECT_ADD 37448976,33859647,-23.000000,62 
OBJECT_ADD 37420957,33879598,-23.000000,62 
OBJECT_ADD 37449015,33882285,-23.000000,62 
OBJECT_ADD 37447353,33884695,-23.000000,62 
OBJECT_ADD 37388235,33859841,-23.000000,62 
OBJECT_ADD 37439203,33877807,-23.000000,62 
OBJECT_ADD 37456370,33891453,-66.000000,63 
OBJECT_ADD 37449384,33893528,-77.000000,63 
OBJECT_ADD 37426079,33884528,0.000000,63 
OBJECT_ADD 37391760,33856588,-23.000000,62 
OBJECT_ADD 37454898,33856643,-23.000000,62 
OBJECT_ADD 37456683,33863070,-23.000000,62 
OBJECT_ADD 37437968,33842486,-23.000000,62 
OBJECT_ADD 37441610,33841425,-23.000000,62 
OBJECT_ADD 37442370,33847516,-23.000000,62 
OBJECT_ADD 37394046,33862449,-23.000000,62 
OBJECT_ADD 37429060,33899166,-23.000000,62 
OBJECT_ADD 37428334,33903129,-23.000000,62 
OBJECT_ADD 37413818,33883767,-23.000000,62 
OBJECT_ADD 37468425,33822402,-23.000000,62 
OBJECT_ADD 37472852,33890643,-23.000000,62 
OBJECT_ADD 37472125,33826504,-23.000000,62 
OBJECT_ADD 37415260,33933203,-66.000000,63 
OBJECT_ADD 37390281,33885922,-77.000000,63 
OBJECT_ADD 37404505,33908160,0.000000,63 
OBJECT_ADD 37420333,33846635,-23.000000,62 
OBJECT_ADD 37418574,33851465,-23.000000,62 
OBJECT_ADD 37416333,33845357,-23.000000,62 
OBJECT_ADD 37409981,33874122,-23.000000,62 
OBJECT_ADD 37451069,33832524,-23.000000,62 
OBJECT_ADD 37404053,33871606,-23.000000,62 
OBJECT_ADD 37445929,33824884,-23.000000,62 
OBJECT_ADD 37444995,33828291,-23.000000,62 
OBJECT_ADD 37436151,33836561,-23.000000,62 
OBJECT_ADD 37442021,33834204,-23.000000,62 
OBJECT_ADD 37438998,33838554,-23.000000,62 
OBJECT_ADD 37399702,33865016,-23.000000,62 
OBJECT_ADD 37445690,33832940,-23.000000,62 
OBJECT_ADD 37419233,33849027,-66.000000,63 
OBJECT_ADD 37423335,33839120,-77.000000,63 
OBJECT_ADD 37440915,33853198,0.000000,63 
OBJECT_ADD 37474846,33831435,-23.000000,62 
OBJECT_ADD 37477519,33904337,-23.000000,62 
OBJECT_ADD 37478874,33837391,-23.000000,62 
OBJECT_ADD 37480962,33842485,-23.000000,62 
OBJECT_ADD 37481842,33847132,-23.000000,62 
OBJECT_ADD 37483422,33854138,-23.000000,62 
OBJECT_ADD 37407205,33869280,-23.000000,62 
OBJECT_ADD 37466276,33884598,-23.000000,62 
OBJECT_ADD 37466970,33856599,-23.000000,62 
OBJECT_ADD 37467543,33828785,0.000000,63 
OBJECT_ADD 37406846,33865236,-23.000000,62 
OBJECT_ADD 37415849,33867815,-23.000000,62 
OBJECT_ADD 37429819,33853898,-23.000000,62 
OBJECT_ADD 37414150,33861613,-23.000000,62 
OBJECT_ADD 37418059,33872549,-23.000000,62 
OBJECT_ADD 37459624,33856468,-23.000000,62 
OBJECT_ADD 37463501,33856222,-23.000000,62 
OBJECT_ADD 37421280,33852951,-23.000000,62 
OBJECT_ADD 37425376,33875514,-23.000000,62 
OBJECT_ADD 37447782,33855245,-23.000000,62 
OBJECT_ADD 37443203,33881324,-23.000000,62 
OBJECT_ADD 37421152,33861058,-23.000000,62 
OBJECT_ADD 37472215,33854275,-23.000000,62 
OBJECT_ADD 37472491,33849333,-23.000000,62 
OBJECT_ADD 37475610,33850589,-23.000000,62 
OBJECT_ADD 37467072,33843535,-23.000000,62 
OBJECT_ADD 37473815,33844967,-23.000000,62 
OBJECT_ADD 37454571,33823424,-23.000000,62 
OBJECT_ADD 37452984,33825730,-23.000000,62 
OBJECT_ADD 37463182,33839099,-23.000000,62 
OBJECT_ADD 37461573,33845216,-23.000000,62 
OBJECT_ADD 37467386,33848455,-23.000000,62 
OBJECT_ADD 37465813,33851239,-23.000000,62 
OBJECT_ADD 37426058,33839542,-23.000000,62 
OBJECT_ADD 37422370,33853155,-66.000000,63 
OBJECT_ADD 37449778,33835819,-77.000000,63 
OBJECT_ADD 37453212,33821655,0.000000,63 
OBJECT_ADD 37371427,33877573,0.000000,62 
OBJECT_ADD 37366777,33875704,0.000000,62 
OBJECT_ADD 37363296,33870974,0.000000,62 
OBJECT_ADD 37362762,33867276,0.000000,62 
OBJECT_ADD 37360552,33863440,0.000000,62 
OBJECT_ADD 37366778,33864237,0.000000,62 
OBJECT_ADD 37366757,33848059,0.000000,62 
OBJECT_ADD 37370998,33850341,0.000000,62 
OBJECT_ADD 37373508,33855082,0.000000,62 
OBJECT_ADD 37376637,33852999,0.000000,62 
OBJECT_ADD 37378591,33857243,0.000000,62 
OBJECT_ADD 37366224,33860730,0.000000,62 
OBJECT_ADD 37368104,33880342,0.000000,62 
OBJECT_ADD 37415976,33888926,0.000000,62 
OBJECT_ADD 37410772,33886579,0.000000,62 
OBJECT_ADD 37408208,33896522,0.000000,62 
OBJECT_ADD 37404768,33895993,0.000000,62 
OBJECT_ADD 37402721,33914644,0.000000,62 
OBJECT_ADD 37400779,33913516,0.000000,62 
OBJECT_ADD 37390537,33923879,0.000000,62 
OBJECT_ADD 37392896,33922958,0.000000,62 
OBJECT_ADD 37393107,33919147,0.000000,62 
OBJECT_ADD 37409388,33913294,0.000000,62 
OBJECT_ADD 37389824,33919282,0.000000,62 
OBJECT_ADD 37388020,33922923,0.000000,62 
OBJECT_ADD 37409312,33900016,0.000000,62 
OBJECT_ADD 37413366,33927352,0.000000,62 
OBJECT_ADD 37417001,33925774,0.000000,62 
OBJECT_ADD 37391658,33911373,0.000000,62 
OBJECT_ADD 37393571,33907869,0.000000,62 
OBJECT_ADD 37426666,33919753,0.000000,62 
OBJECT_ADD 37440219,33931035,0.000000,62 
OBJECT_ADD 37438844,33927077,0.000000,62 
OBJECT_ADD 37436307,33919906,0.000000,62 
OBJECT_ADD 37434528,33916332,0.000000,62 
OBJECT_ADD 37435608,33913471,0.000000,62 
OBJECT_ADD 37426139,33924235,0.000000,62 
OBJECT_ADD 37414610,33934087,0.000000,62 
OBJECT_ADD 37386061,33900553,0.000000,62 
OBJECT_ADD 37435588,33910304,0.000000,63 
OBJECT_ADD 37447363,33918445,90.000000,62 
OBJECT_ADD 37435637,33913163,90.000000,62 
OBJECT_ADD 37437620,33914242,90.000000,62 
OBJECT_ADD 37435401,33916396,90.000000,62 
OBJECT_ADD 37436291,33918173,90.000000,62 
OBJECT_ADD 37438080,33919885,90.000000,62 
OBJECT_ADD 37454250,33912318,90.000000,62 
OBJECT_ADD 37461608,33909261,90.000000,62 
OBJECT_ADD 37458553,33907732,90.000000,62 
OBJECT_ADD 37455757,33907180,90.000000,62 
OBJECT_ADD 37455963,33909367,90.000000,62 
OBJECT_ADD 37461401,33911781,90.000000,62 
OBJECT_ADD 37464312,33912697,90.000000,62 
OBJECT_ADD 37455329,33920020,90.000000,62 
OBJECT_ADD 37457217,33923551,90.000000,62 
OBJECT_ADD 37460726,33906306,90.000000,62 
OBJECT_ADD 37446221,33900519,90.000000,62 
OBJECT_ADD 37443133,33903994,90.000000,62 
OBJECT_ADD 37460679,33903083,90.000000,62 
OBJECT_ADD 37458202,33904463,90.000000,62 
OBJECT_ADD 37471982,33906751,90.000000,62 
OBJECT_ADD 37466712,33904249,90.000000,62 
OBJECT_ADD 37468325,33907841,90.000000,62 
OBJECT_ADD 37448781,33899688,90.000000,62 
OBJECT_ADD 37456908,33900656,90.000000,62 
OBJECT_ADD 37454831,33899313,90.000000,62 
OBJECT_ADD 37480057,33907558,90.000000,62 
OBJECT_ADD 37481946,33910284,90.000000,62 
OBJECT_ADD 37483403,33913439,90.000000,62 
OBJECT_ADD 37459392,33899151,90.000000,62 
OBJECT_ADD 37474527,33904074,90.000000,62 
OBJECT_ADD 37485332,33916326,90.000000,62 
OBJECT_ADD 37445697,33896303,90.000000,62 
OBJECT_ADD 37456245,33891784,90.000000,62 
OBJECT_ADD 37453418,33893524,90.000000,62 
OBJECT_ADD 37444014,33890939,90.000000,62 
OBJECT_ADD 37443617,33896775,90.000000,62 
OBJECT_ADD 37441986,33891384,90.000000,62 
OBJECT_ADD 37436781,33907323,90.000000,62 
OBJECT_ADD 37479269,33946265,0.000000,62 
OBJECT_ADD 37476719,33942281,0.000000,62 
OBJECT_ADD 37484957,33941882,0.000000,62 
OBJECT_ADD 37465538,33943387,0.000000,62 
OBJECT_ADD 37473396,33943276,0.000000,62 
OBJECT_ADD 37466761,33946227,0.000000,62 
OBJECT_ADD 37483488,33939123,0.000000,62 
OBJECT_ADD 37485516,33936096,0.000000,62 
OBJECT_ADD 37470996,33941521,0.000000,62 
OBJECT_ADD 37480042,33941766,0.000000,62 
OBJECT_ADD 37481599,33881424,0.000000,62 
OBJECT_ADD 37480390,33861796,0.000000,62 
OBJECT_ADD 37481692,33816622,0.000000,62 
OBJECT_ADD 37481191,33820941,0.000000,62 
OBJECT_ADD 37485982,33827740,0.000000,62 
OBJECT_ADD 37485589,33823671,0.000000,62 
OBJECT_ADD 37486162,33816755,0.000000,62 
OBJECT_ADD 37395571,33824763,88.000000,62 
OBJECT_ADD 37452118,33977628,-89.000000,62 
OBJECT_ADD 37442224,33960163,-89.000000,62 
OBJECT_ADD 37447744,33983622,-89.000000,62 
OBJECT_ADD 37448788,33975441,-89.000000,62 
OBJECT_ADD 37446053,33973140,-89.000000,62 
OBJECT_ADD 37442763,33971571,-89.000000,62 
OBJECT_ADD 37443750,33981001,-112.000000,62 
OBJECT_ADD 37439234,33974166,-112.000000,62 
OBJECT_ADD 37433584,33976520,-112.000000,62 
OBJECT_ADD 37434799,33965912,-166.000000,63 
OBJECT_ADD 37435496,33998391,-89.000000,62 
OBJECT_ADD 37431983,33997121,-89.000000,62 
OBJECT_ADD 37423979,34012116,-89.000000,62 
OBJECT_ADD 37422804,34015949,-89.000000,62 
OBJECT_ADD 37477459,33991601,-89.000000,62 
OBJECT_ADD 37454595,34009153,-89.000000,62 
OBJECT_ADD 37460776,34006773,-89.000000,62 
OBJECT_ADD 37461215,33965202,-89.000000,62 
OBJECT_ADD 37457936,33962385,-89.000000,62 
OBJECT_ADD 37455753,33960038,-89.000000,62 
OBJECT_ADD 37453946,33956988,-89.000000,62 
OBJECT_ADD 37455856,34001668,-89.000000,62 
OBJECT_ADD 37431945,33955088,-89.000000,62 
OBJECT_ADD 37462950,34004613,-89.000000,62 
OBJECT_ADD 37452888,34009959,-89.000000,62 
OBJECT_ADD 37449110,34007365,-89.000000,62 
OBJECT_ADD 37421417,33999261,-89.000000,62 
OBJECT_ADD 37445271,34006269,-89.000000,62 
OBJECT_ADD 37439845,34005014,-89.000000,62 
OBJECT_ADD 37437626,34002592,-112.000000,62 
OBJECT_ADD 37400145,33981929,-89.000000,62 
OBJECT_ADD 37408479,33952261,-112.000000,62 
OBJECT_ADD 37389432,33981453,-112.000000,62 
OBJECT_ADD 37414479,33972903,-112.000000,62 
OBJECT_ADD 37416922,33965543,-112.000000,62 
OBJECT_ADD 37416807,33970232,-112.000000,62 
OBJECT_ADD 37429679,33977116,-112.000000,62 
OBJECT_ADD 37419169,33972029,-112.000000,62 
OBJECT_ADD 37421406,33969567,-112.000000,62 
OBJECT_ADD 37421229,33966631,-112.000000,62 
OBJECT_ADD 37404494,33980903,-155.000000,63 
OBJECT_ADD 37416676,33953166,-89.000000,63 
OBJECT_ADD 37422142,33972482,-89.000000,62 
OBJECT_ADD 37428729,33997804,-89.000000,62 
OBJECT_ADD 37423908,34003272,-89.000000,62 
OBJECT_ADD 37423136,33997837,-89.000000,62 
OBJECT_ADD 37420207,33994101,-89.000000,62 
OBJECT_ADD 37392969,33986142,-89.000000,62 
OBJECT_ADD 37382024,33978091,-89.000000,62 
OBJECT_ADD 37377364,33979883,-89.000000,62 
OBJECT_ADD 37372235,33981214,-89.000000,62 
OBJECT_ADD 37396094,33982453,-89.000000,62 
OBJECT_ADD 37424886,33974259,-89.000000,62 
OBJECT_ADD 37391850,33993011,-89.000000,62 
OBJECT_ADD 37392530,33990941,-89.000000,62 
OBJECT_ADD 37470215,33974167,-89.000000,62 
OBJECT_ADD 37463651,34000891,-89.000000,62 
OBJECT_ADD 37463670,33998270,-89.000000,62 
OBJECT_ADD 37463537,33995312,-89.000000,62 
OBJECT_ADD 37464031,33992978,-89.000000,62 
OBJECT_ADD 37465356,33989654,-89.000000,62 
OBJECT_ADD 37465841,33987008,-89.000000,62 
OBJECT_ADD 37445349,33999132,-89.000000,62 
OBJECT_ADD 37434988,33983218,-89.000000,62 
OBJECT_ADD 37458774,33968681,-89.000000,62 
OBJECT_ADD 37374727,34016927,-89.000000,62 
OBJECT_ADD 37367698,34016584,-89.000000,62 
OBJECT_ADD 37459954,33983527,-89.000000,62 
OBJECT_ADD 37431323,34000286,-89.000000,62 
OBJECT_ADD 37393628,33980119,-89.000000,62 
OBJECT_ADD 37388866,33975770,-89.000000,62 
OBJECT_ADD 37384368,33974425,-89.000000,62 
OBJECT_ADD 37380363,33973094,-89.000000,62 
OBJECT_ADD 37375185,33973981,-89.000000,62 
OBJECT_ADD 37370537,33976004,-89.000000,62 
OBJECT_ADD 37361717,33979054,-89.000000,62 
OBJECT_ADD 37384871,33999372,-89.000000,62 
OBJECT_ADD 37382979,33996664,-89.000000,62 
OBJECT_ADD 37404468,33959134,-89.000000,62 
OBJECT_ADD 37404761,33956115,-89.000000,62 
OBJECT_ADD 37393883,33953700,-89.000000,62 
OBJECT_ADD 37404367,33972705,-89.000000,62 
OBJECT_ADD 37420602,33985079,0.000000,62 
OBJECT_ADD 37405586,33979988,0.000000,62 
OBJECT_ADD 37411126,33981042,0.000000,62 
OBJECT_ADD 37418790,33992304,0.000000,62 
OBJECT_ADD 37421138,33998378,0.000000,62 
OBJECT_ADD 37424627,34012640,0.000000,62 
OBJECT_ADD 37423803,34016964,0.000000,62 
OBJECT_ADD 37412872,34022075,0.000000,62 
OBJECT_ADD 37409089,34020167,0.000000,62 
OBJECT_ADD 37407685,34023822,0.000000,62 
OBJECT_ADD 37406081,34019558,0.000000,62 
OBJECT_ADD 37403362,34021229,0.000000,62 
OBJECT_ADD 37388193,33999613,0.000000,62 
OBJECT_ADD 37413107,34020825,-89.000000,62 
OBJECT_ADD 37410678,34021418,-89.000000,62 
OBJECT_ADD 37407939,34020099,-89.000000,62 
OBJECT_ADD 37403749,34020348,-89.000000,62 
OBJECT_ADD 37380112,34057994,0.000000,62 
OBJECT_ADD 37378808,34054126,0.000000,62 
OBJECT_ADD 37432602,34054561,0.000000,62 
OBJECT_ADD 37430635,34047679,0.000000,62 
OBJECT_ADD 37430861,34044662,0.000000,62 
OBJECT_ADD 37457757,34074535,0.000000,62 
OBJECT_ADD 37456126,34070209,0.000000,62 
OBJECT_ADD 37455372,34067430,0.000000,62 
OBJECT_ADD 37436842,34021033,0.000000,62 
OBJECT_ADD 37432820,34026383,0.000000,62 
OBJECT_ADD 37431190,34022315,0.000000,62 
OBJECT_ADD 37429346,34028645,0.000000,62 
OBJECT_ADD 37428136,34058851,0.000000,62 
OBJECT_ADD 37401606,34063466,-23.000000,62 
OBJECT_ADD 37429846,34025211,-23.000000,62 
OBJECT_ADD 37426995,34022911,-23.000000,62 
OBJECT_ADD 37425305,34059040,-23.000000,62 
OBJECT_ADD 37456039,34063578,-23.000000,62 
OBJECT_ADD 37434800,34023910,-23.000000,62 
OBJECT_ADD 37448194,34042119,-23.000000,62 
OBJECT_ADD 37451141,34044467,-23.000000,62 
OBJECT_ADD 37448634,34046811,-23.000000,62 
OBJECT_ADD 37444981,34043021,-23.000000,62 
OBJECT_ADD 37415505,34027051,-23.000000,62 
OBJECT_ADD 37414410,34030932,-23.000000,62 
OBJECT_ADD 37414700,34041138,-77.000000,63 
OBJECT_ADD 37451663,34058269,0.000000,63 
OBJECT_ADD 37438115,34022775,0.000000,62 
OBJECT_ADD 37448595,34037296,0.000000,62 
OBJECT_ADD 37453893,34040924,0.000000,62 
OBJECT_ADD 37452614,34035413,0.000000,62 
OBJECT_ADD 37425617,34068383,0.000000,62 
OBJECT_ADD 37376781,34056939,0.000000,62 
OBJECT_ADD 37398271,34049599,0.000000,62 
OBJECT_ADD 37400401,34052243,0.000000,62 
OBJECT_ADD 37436790,34064860,0.000000,62 
OBJECT_ADD 37476599,34015250,0.000000,62 
OBJECT_ADD 37481924,34017350,0.000000,62 
OBJECT_ADD 37475815,34019069,0.000000,62 
OBJECT_ADD 37450066,34057316,0.000000,62 
OBJECT_ADD 37477450,34028028,0.000000,62 
OBJECT_ADD 37463999,34038830,0.000000,62 
OBJECT_ADD 37474165,34018705,0.000000,62 
OBJECT_ADD 37473487,34018697,0.000000,62 
OBJECT_ADD 37470592,34018859,0.000000,62 
OBJECT_ADD 37462249,34026844,0.000000,62 
OBJECT_ADD 37462298,34023279,0.000000,62 
OBJECT_ADD 37463534,34017006,0.000000,62 
OBJECT_ADD 37466772,34016997,0.000000,62 
OBJECT_ADD 37463990,34046537,0.000000,62 
OBJECT_ADD 37464558,34041920,0.000000,62 
OBJECT_ADD 37463569,34035635,0.000000,62 
OBJECT_ADD 37481286,34026751,0.000000,62 
OBJECT_ADD 37480103,34038811,0.000000,62 
OBJECT_ADD 37480874,34040799,0.000000,62 
OBJECT_ADD 37482494,34042591,0.000000,62 
OBJECT_ADD 37484239,34045454,0.000000,62 
OBJECT_ADD 37485243,34048528,0.000000,62 
OBJECT_ADD 37485628,34019760,0.000000,62 
OBJECT_ADD 37478901,34035580,0.000000,62 
OBJECT_ADD 37481868,34035160,0.000000,62 
OBJECT_ADD 37475859,33948757,0.000000,62 
OBJECT_ADD 37485800,33948386,0.000000,62 
OBJECT_ADD 37481965,33949079,0.000000,62 
OBJECT_ADD 37483560,33953460,0.000000,62 
OBJECT_ADD 37478950,33951935,0.000000,62 
OBJECT_ADD 37464694,33950630,0.000000,62 
OBJECT_ADD 37462387,33947912,0.000000,62 
OBJECT_ADD 37469120,33952169,0.000000,62 
OBJECT_ADD 37421808,34078747,-66.000000,63 
OBJECT_ADD 37425543,34084096,0.000000,62 
OBJECT_ADD 37432447,34082679,-23.000000,62 
OBJECT_ADD 37489166,33813275,0.000000,62 
OBJECT_ADD 37495446,33814540,0.000000,62 
OBJECT_ADD 37544425,33803125,0.000000,62 
OBJECT_ADD 37543360,33807580,0.000000,62 
OBJECT_ADD 37531697,33807254,0.000000,62 
OBJECT_ADD 37542037,33770461,0.000000,62 
OBJECT_ADD 37535336,33810709,0.000000,62 
OBJECT_ADD 37517535,33805783,0.000000,62 
OBJECT_ADD 37552433,33798203,0.000000,62 
OBJECT_ADD 37521026,33794313,0.000000,62 
OBJECT_ADD 37526657,33790095,0.000000,62 
OBJECT_ADD 37562516,33814353,0.000000,62 
OBJECT_ADD 37563308,33802968,0.000000,62 
OBJECT_ADD 37561166,33801750,0.000000,62 
OBJECT_ADD 37558023,33792667,0.000000,62 
OBJECT_ADD 37558367,33789753,0.000000,62 
OBJECT_ADD 37561994,33805774,0.000000,62 
OBJECT_ADD 37545635,33810797,0.000000,62 
OBJECT_ADD 37540136,33811153,0.000000,62 
OBJECT_ADD 37543890,33813975,0.000000,62 
OBJECT_ADD 37526658,33809687,0.000000,62 
OBJECT_ADD 37520693,33810897,0.000000,62 
OBJECT_ADD 37535051,33799866,0.000000,62 
OBJECT_ADD 37516538,33811109,0.000000,62 
OBJECT_ADD 37540470,33791001,0.000000,62 
OBJECT_ADD 37489098,33802016,0.000000,62 
OBJECT_ADD 37550112,33757872,0.000000,62 
OBJECT_ADD 37547695,33758736,0.000000,62 
OBJECT_ADD 37547593,33752732,0.000000,62 
OBJECT_ADD 37545034,33753050,0.000000,62 
OBJECT_ADD 37544874,33756276,0.000000,62 
OBJECT_ADD 37542348,33765419,0.000000,62 
OBJECT_ADD 37559075,33771004,0.000000,62 
OBJECT_ADD 37526291,33787212,0.000000,62 
OBJECT_ADD 37521578,33789539,0.000000,62 
OBJECT_ADD 37501507,33721459,0.000000,62 
OBJECT_ADD 37491655,33718481,0.000000,62 
OBJECT_ADD 37502636,33726174,0.000000,62 
OBJECT_ADD 37500107,33727420,0.000000,62 
OBJECT_ADD 37497374,33727671,0.000000,62 
OBJECT_ADD 37493659,33728310,0.000000,62 
OBJECT_ADD 37491840,33726502,0.000000,62 
OBJECT_ADD 37573055,33942409,0.000000,62 
OBJECT_ADD 37602446,33927321,0.000000,62 
OBJECT_ADD 37535702,33944195,0.000000,62 
OBJECT_ADD 37530034,33941505,0.000000,62 
OBJECT_ADD 37525918,33939308,0.000000,62 
OBJECT_ADD 37521918,33940431,0.000000,62 
OBJECT_ADD 37520059,33944873,0.000000,62 
OBJECT_ADD 37508736,33946341,0.000000,62 
OBJECT_ADD 37598524,33932096,0.000000,62 
OBJECT_ADD 37595243,33931907,0.000000,62 
OBJECT_ADD 37574562,33933766,0.000000,62 
OBJECT_ADD 37574807,33936975,0.000000,62 
OBJECT_ADD 37574428,33938912,0.000000,62 
OBJECT_ADD 37572787,33947027,0.000000,62 
OBJECT_ADD 37531698,33866308,-20.000000,62 
OBJECT_ADD 37528930,33863406,-20.000000,62 
OBJECT_ADD 37546937,33865629,-20.000000,62 
OBJECT_ADD 37503925,33877064,-20.000000,62 
OBJECT_ADD 37574656,33890704,-20.000000,62 
OBJECT_ADD 37572104,33892185,-20.000000,62 
OBJECT_ADD 37561366,33862329,-20.000000,62 
OBJECT_ADD 37572986,33889648,-20.000000,62 
OBJECT_ADD 37529286,33868957,-20.000000,62 
OBJECT_ADD 37529401,33891849,-20.000000,62 
OBJECT_ADD 37534770,33873309,-20.000000,62 
OBJECT_ADD 37543705,33861115,-20.000000,62 
OBJECT_ADD 37537237,33868885,-20.000000,62 
OBJECT_ADD 37545764,33888551,-43.000000,62 
OBJECT_ADD 37542221,33875281,-43.000000,62 
OBJECT_ADD 37542258,33887002,-43.000000,62 
OBJECT_ADD 37538274,33872577,-43.000000,62 
OBJECT_ADD 37544500,33877884,-43.000000,62 
OBJECT_ADD 37544840,33884173,-43.000000,62 
OBJECT_ADD 37559820,33866397,-43.000000,62 
OBJECT_ADD 37575332,33881390,-43.000000,62 
OBJECT_ADD 37572781,33879454,-43.000000,62 
OBJECT_ADD 37553525,33880716,-43.000000,62 
OBJECT_ADD 37550629,33875753,-43.000000,62 
OBJECT_ADD 37535827,33877032,-43.000000,62 
OBJECT_ADD 37548109,33870757,-43.000000,62 
OBJECT_ADD 37536397,33879873,-86.000000,63 
OBJECT_ADD 37561852,33876518,-97.000000,63 
OBJECT_ADD 37531767,33871881,-20.000000,63 
OBJECT_ADD 37563207,33869694,-20.000000,62 
OBJECT_ADD 37566010,33871602,-20.000000,62 
OBJECT_ADD 37580219,33885084,-20.000000,62 
OBJECT_ADD 37581552,33882946,-20.000000,62 
OBJECT_ADD 37577887,33883666,-20.000000,62 
OBJECT_ADD 37567080,33872726,-20.000000,62 
OBJECT_ADD 37571700,33873637,-20.000000,62 
OBJECT_ADD 37530374,33889419,-20.000000,62 
OBJECT_ADD 37502096,33865989,-20.000000,62 
OBJECT_ADD 37536685,33864958,-20.000000,62 
OBJECT_ADD 37525104,33863246,-20.000000,62 
OBJECT_ADD 37519239,33861759,-20.000000,62 
OBJECT_ADD 37553143,33863784,-20.000000,62 
OBJECT_ADD 37593681,33886172,0.000000,62 
OBJECT_ADD 37559276,33900166,0.000000,62 
OBJECT_ADD 37557954,33903208,0.000000,62 
OBJECT_ADD 37603015,33887408,0.000000,62 
OBJECT_ADD 37604025,33891458,0.000000,62 
OBJECT_ADD 37596989,33891533,0.000000,62 
OBJECT_ADD 37598139,33894725,0.000000,62 
OBJECT_ADD 37591943,33894092,0.000000,62 
OBJECT_ADD 37590399,33896684,0.000000,62 
OBJECT_ADD 37585391,33899209,0.000000,62 
OBJECT_ADD 37580507,33898689,0.000000,62 
OBJECT_ADD 37576453,33899769,0.000000,62 
OBJECT_ADD 37582724,33890969,0.000000,62 
OBJECT_ADD 37548237,33849373,0.000000,62 
OBJECT_ADD 37552655,33852685,0.000000,62 
OBJECT_ADD 37568502,33853123,0.000000,62 
OBJECT_ADD 37569160,33847469,0.000000,62 
OBJECT_ADD 37574784,33842434,0.000000,62 
OBJECT_ADD 37572810,33847356,0.000000,62 
OBJECT_ADD 37576208,33854477,0.000000,62 
OBJECT_ADD 37570211,33842560,0.000000,62 
OBJECT_ADD 37569208,33839178,0.000000,62 
OBJECT_ADD 37572728,33839035,0.000000,62 
OBJECT_ADD 37571806,33834782,0.000000,62 
OBJECT_ADD 37567413,33836190,0.000000,62 
OBJECT_ADD 37551357,33846619,0.000000,62 
OBJECT_ADD 37502864,33851962,0.000000,62 
OBJECT_ADD 37506950,33854875,0.000000,62 
OBJECT_ADD 37507063,33851965,0.000000,62 
OBJECT_ADD 37510379,33855714,0.000000,62 
OBJECT_ADD 37514806,33854509,0.000000,62 
OBJECT_ADD 37517815,33865861,0.000000,62 
OBJECT_ADD 37520777,33853450,0.000000,62 
OBJECT_ADD 37524773,33854626,0.000000,62 
OBJECT_ADD 37522818,33860193,0.000000,62 
OBJECT_ADD 37550592,33849497,0.000000,62 
OBJECT_ADD 37546119,33847755,0.000000,62 
OBJECT_ADD 37547619,33844704,0.000000,62 
OBJECT_ADD 37499000,33849154,0.000000,62 
OBJECT_ADD 37524778,33909093,0.000000,62 
OBJECT_ADD 37493138,33868999,0.000000,62 
OBJECT_ADD 37495463,33873689,0.000000,62 
OBJECT_ADD 37499029,33875682,0.000000,62 
OBJECT_ADD 37540499,33900394,0.000000,62 
OBJECT_ADD 37539083,33896897,0.000000,62 
OBJECT_ADD 37536644,33896600,0.000000,62 
OBJECT_ADD 37533332,33915234,0.000000,62 
OBJECT_ADD 37531769,33913718,0.000000,62 
OBJECT_ADD 37521970,33919299,0.000000,62 
OBJECT_ADD 37524751,33916696,0.000000,62 
OBJECT_ADD 37530749,33914364,0.000000,62 
OBJECT_ADD 37518802,33905748,0.000000,62 
OBJECT_ADD 37497417,33865299,0.000000,62 
OBJECT_ADD 37493726,33864749,0.000000,62 
OBJECT_ADD 37496135,33860596,0.000000,62 
OBJECT_ADD 37490169,33862049,0.000000,62 
OBJECT_ADD 37493590,33871045,-23.000000,62 
OBJECT_ADD 37497485,33847830,-23.000000,62 
OBJECT_ADD 37500476,33869398,-23.000000,62 
OBJECT_ADD 37491681,33890966,-23.000000,62 
OBJECT_ADD 37489222,33850451,-66.000000,63 
OBJECT_ADD 37487032,33854566,-77.000000,63 
OBJECT_ADD 37486865,33923374,90.000000,62 
OBJECT_ADD 37487850,33889130,0.000000,62 
OBJECT_ADD 37489005,33886115,0.000000,62 
OBJECT_ADD 37491758,33936683,0.000000,62 
OBJECT_ADD 37497736,33942021,0.000000,62 
OBJECT_ADD 37496901,33945028,0.000000,62 
OBJECT_ADD 37491953,33942581,0.000000,62 
OBJECT_ADD 37493642,33945200,0.000000,62 
OBJECT_ADD 37489203,33944895,0.000000,62 
OBJECT_ADD 37498104,33931723,0.000000,62 
OBJECT_ADD 37569543,33818614,0.000000,62 
OBJECT_ADD 37558597,33817531,0.000000,62 
OBJECT_ADD 37533767,33821800,0.000000,62 
OBJECT_ADD 37500621,33832877,0.000000,62 
OBJECT_ADD 37487288,33820388,0.000000,62 
OBJECT_ADD 37550580,33838540,0.000000,62 
OBJECT_ADD 37507579,33833706,0.000000,62 
OBJECT_ADD 37498341,33830741,0.000000,62 
OBJECT_ADD 37501942,33825333,0.000000,62 
OBJECT_ADD 37502482,33828183,0.000000,62 
OBJECT_ADD 37510824,33830803,0.000000,62 
OBJECT_ADD 37536638,33822927,0.000000,62 
OBJECT_ADD 37604133,34027246,0.000000,62 
OBJECT_ADD 37597732,34017555,0.000000,62 
OBJECT_ADD 37597839,34019502,-23.000000,62 
OBJECT_ADD 37611254,34003748,0.000000,62 
OBJECT_ADD 37614712,34001981,0.000000,62 
OBJECT_ADD 37582085,34044720,0.000000,62 
OBJECT_ADD 37577708,34044076,0.000000,62 
OBJECT_ADD 37580527,34041200,0.000000,62 
OBJECT_ADD 37611418,33993323,0.000000,62 
OBJECT_ADD 37613151,33999301,0.000000,62 
OBJECT_ADD 37610525,33996795,0.000000,62 
OBJECT_ADD 37609672,34001542,0.000000,62 
OBJECT_ADD 37613648,33990931,0.000000,62 
OBJECT_ADD 37616118,33989271,0.000000,62 
OBJECT_ADD 37579700,34072716,0.000000,62 
OBJECT_ADD 37581609,34056603,0.000000,62 
OBJECT_ADD 37574777,34055598,0.000000,62 
OBJECT_ADD 37566982,34055349,0.000000,62 
OBJECT_ADD 37563375,34053851,0.000000,62 
OBJECT_ADD 37606835,34068191,0.000000,62 
OBJECT_ADD 37603796,34066944,0.000000,62 
OBJECT_ADD 37601286,34064754,0.000000,62 
OBJECT_ADD 37582260,34066471,0.000000,62 
OBJECT_ADD 37589003,34058687,0.000000,62 
OBJECT_ADD 37584576,34041861,0.000000,62 
OBJECT_ADD 37578830,34046017,0.000000,62 
OBJECT_ADD 37595870,34043420,0.000000,62 
OBJECT_ADD 37610594,34049232,0.000000,62 
OBJECT_ADD 37608464,34048478,0.000000,62 
OBJECT_ADD 37605762,34048071,0.000000,62 
OBJECT_ADD 37603624,34047711,0.000000,62 
OBJECT_ADD 37601258,34048497,0.000000,62 
OBJECT_ADD 37606995,34018016,0.000000,62 
OBJECT_ADD 37603490,34016895,0.000000,62 
OBJECT_ADD 37582036,34029550,0.000000,62 
OBJECT_ADD 37592042,34030112,0.000000,62 
OBJECT_ADD 37593746,34024813,0.000000,62 
OBJECT_ADD 37585672,34023324,0.000000,62 
OBJECT_ADD 37583261,34022719,0.000000,62 
OBJECT_ADD 37613594,34049937,0.000000,62 
OBJECT_ADD 37582743,34037009,0.000000,62 
OBJECT_ADD 37579526,34036760,0.000000,62 
OBJECT_ADD 37574675,34042515,0.000000,62 
OBJECT_ADD 37585998,34039233,0.000000,62 
OBJECT_ADD 37616197,33997217,0.000000,62 
OBJECT_ADD 37617520,34003551,0.000000,62 
OBJECT_ADD 37614768,34007997,0.000000,62 
OBJECT_ADD 37614534,33993720,0.000000,62 
OBJECT_ADD 37559863,33975339,0.000000,62 
OBJECT_ADD 37526500,33954744,0.000000,62 
OBJECT_ADD 37522889,33952859,0.000000,62 
OBJECT_ADD 37519479,33947967,0.000000,62 
OBJECT_ADD 37518617,33951503,0.000000,62 
OBJECT_ADD 37515713,33949489,0.000000,62 
OBJECT_ADD 37512207,33948005,0.000000,62 
OBJECT_ADD 37612591,33956086,0.000000,62 
OBJECT_ADD 37529047,33970131,0.000000,62 
OBJECT_ADD 37512737,33969616,0.000000,62 
OBJECT_ADD 37524723,33975250,0.000000,62 
OBJECT_ADD 37530725,33962503,0.000000,62 
OBJECT_ADD 37616151,33967904,0.000000,62 
OBJECT_ADD 37600406,33979361,0.000000,62 
OBJECT_ADD 37593514,33975955,0.000000,62 
OBJECT_ADD 37591017,33974861,0.000000,62 
OBJECT_ADD 37588088,33973037,0.000000,62 
OBJECT_ADD 37589181,33956991,0.000000,62 
OBJECT_ADD 37491515,34031607,0.000000,62 
OBJECT_ADD 37514796,34034785,0.000000,62 
OBJECT_ADD 37504153,34028887,0.000000,62 
OBJECT_ADD 37524138,34041111,0.000000,62 
OBJECT_ADD 37532016,34045197,0.000000,62 
OBJECT_ADD 37521197,34044091,0.000000,62 
OBJECT_ADD 37505799,34026563,0.000000,62 
OBJECT_ADD 37506916,34016150,0.000000,62 
OBJECT_ADD 37489029,34020738,0.000000,62 
OBJECT_ADD 37492264,34027351,0.000000,62 
OBJECT_ADD 37495937,34011923,0.000000,62 
OBJECT_ADD 37492766,34022173,0.000000,62 
OBJECT_ADD 37518260,34037554,0.000000,62 
OBJECT_ADD 37498688,34011781,0.000000,62 
OBJECT_ADD 37514264,34020048,0.000000,62 
OBJECT_ADD 37517529,34031634,0.000000,62 
OBJECT_ADD 37511373,34020333,0.000000,62 
OBJECT_ADD 37487996,33956377,0.000000,62 
OBJECT_ADD 37618627,33935808,0.000000,62 
OBJECT_ADD 37622276,33938201,0.000000,62 
OBJECT_ADD 37623712,33941004,0.000000,62 
OBJECT_ADD 37632616,33912366,0.000000,62 
OBJECT_ADD 37634082,33910086,0.000000,62 
OBJECT_ADD 37646938,33908353,0.000000,62 
OBJECT_ADD 37652220,33896629,0.000000,62 
OBJECT_ADD 37651140,33898611,0.000000,62 
OBJECT_ADD 37648987,33896394,0.000000,62 
OBJECT_ADD 37647210,33897282,0.000000,62 
OBJECT_ADD 37645499,33899071,0.000000,62 
OBJECT_ADD 37633251,33893514,0.000000,62 
OBJECT_ADD 37632504,33891264,0.000000,62 
OBJECT_ADD 37629007,33892633,0.000000,62 
OBJECT_ADD 37653065,33915241,0.000000,62 
OBJECT_ADD 37656123,33922599,0.000000,62 
OBJECT_ADD 37657649,33919544,0.000000,62 
OBJECT_ADD 37658204,33916747,0.000000,62 
OBJECT_ADD 37656016,33916955,0.000000,62 
OBJECT_ADD 37653602,33922393,0.000000,62 
OBJECT_ADD 37652685,33925303,0.000000,62 
OBJECT_ADD 37645365,33916322,0.000000,62 
OBJECT_ADD 37641833,33918209,0.000000,62 
OBJECT_ADD 37627981,33934188,0.000000,62 
OBJECT_ADD 37628792,33931241,0.000000,62 
OBJECT_ADD 37635453,33921015,0.000000,62 
OBJECT_ADD 37632594,33921256,0.000000,62 
OBJECT_ADD 37659077,33921716,0.000000,62 
OBJECT_ADD 37664864,33907213,0.000000,62 
OBJECT_ADD 37661390,33904124,0.000000,62 
OBJECT_ADD 37662300,33921670,0.000000,62 
OBJECT_ADD 37660920,33919195,0.000000,62 
OBJECT_ADD 37658632,33932974,0.000000,62 
OBJECT_ADD 37621191,33914574,0.000000,62 
OBJECT_ADD 37625333,33922437,0.000000,62 
OBJECT_ADD 37621353,33923424,0.000000,62 
OBJECT_ADD 37661135,33927702,0.000000,62 
OBJECT_ADD 37657542,33929316,0.000000,62 
OBJECT_ADD 37627957,33909969,0.000000,62 
OBJECT_ADD 37624418,33908956,0.000000,62 
OBJECT_ADD 37665695,33909774,0.000000,62 
OBJECT_ADD 37664727,33917901,0.000000,62 
OBJECT_ADD 37666071,33915821,0.000000,62 
OBJECT_ADD 37657825,33941047,0.000000,62 
OBJECT_ADD 37655100,33942938,0.000000,62 
OBJECT_ADD 37651944,33944395,0.000000,62 
OBJECT_ADD 37666231,33920384,0.000000,62 
OBJECT_ADD 37661311,33935519,0.000000,62 
OBJECT_ADD 37649058,33946324,0.000000,62 
OBJECT_ADD 37638575,33945938,0.000000,62 
OBJECT_ADD 37635627,33945863,0.000000,62 
OBJECT_ADD 37632226,33945497,0.000000,62 
OBJECT_ADD 37637539,33930716,0.000000,62 
OBJECT_ADD 37669081,33906687,0.000000,62 
OBJECT_ADD 37673600,33917237,0.000000,62 
OBJECT_ADD 37671859,33914409,0.000000,62 
OBJECT_ADD 37674445,33905007,0.000000,62 
OBJECT_ADD 37668608,33904608,0.000000,62 
OBJECT_ADD 37673999,33902978,0.000000,62 
OBJECT_ADD 37658062,33897766,0.000000,62 
OBJECT_ADD 37652421,34035317,0.000000,62 
OBJECT_ADD 37691881,34022297,0.000000,62 
OBJECT_ADD 37694461,34025173,0.000000,62 
OBJECT_ADD 37690514,34026290,0.000000,62 
OBJECT_ADD 37690586,34029403,0.000000,62 
OBJECT_ADD 37645394,33983760,0.000000,62 
OBJECT_ADD 37630429,33992112,0.000000,62 
OBJECT_ADD 37653035,33986465,0.000000,62 
OBJECT_ADD 37644375,33985574,0.000000,62 
OBJECT_ADD 37643295,33987925,0.000000,62 
OBJECT_ADD 37641986,33991488,0.000000,62 
OBJECT_ADD 37621942,34025717,-23.000000,62 
OBJECT_ADD 37651372,34043575,-23.000000,62 
OBJECT_ADD 37643159,34019049,-23.000000,62 
OBJECT_ADD 37636187,34017657,-23.000000,62 
OBJECT_ADD 37639138,34017856,-23.000000,62 
OBJECT_ADD 37650032,33988945,-23.000000,62 
OBJECT_ADD 37644952,33995627,-23.000000,62 
OBJECT_ADD 37646880,34004998,-23.000000,62 
OBJECT_ADD 37645897,34000073,-23.000000,62 
OBJECT_ADD 37641892,34015373,-23.000000,62 
OBJECT_ADD 37639468,34013094,-23.000000,62 
OBJECT_ADD 37636531,34013216,-23.000000,62 
OBJECT_ADD 37650506,34030199,-66.000000,63 
OBJECT_ADD 37636104,33999596,-77.000000,63 
OBJECT_ADD 37622987,34017532,0.000000,63 
OBJECT_ADD 37668535,33999507,0.000000,62 
OBJECT_ADD 37642864,34010632,0.000000,62 
OBJECT_ADD 37667203,34002997,0.000000,62 
OBJECT_ADD 37668152,34005574,0.000000,62 
OBJECT_ADD 37671148,34010902,0.000000,62 
OBJECT_ADD 37667085,34011907,0.000000,62 
OBJECT_ADD 37663710,34013748,0.000000,62 
OBJECT_ADD 37655543,34041813,0.000000,62 
OBJECT_ADD 37647307,34052615,0.000000,62 
OBJECT_ADD 37649013,34057309,0.000000,62 
OBJECT_ADD 37650257,34062458,0.000000,62 
OBJECT_ADD 37651913,34038625,0.000000,62 
OBJECT_ADD 37644220,34008448,0.000000,62 
OBJECT_ADD 37660667,34040723,0.000000,62 
OBJECT_ADD 37633912,33974021,0.000000,62 
OBJECT_ADD 37631631,33975945,0.000000,62 
OBJECT_ADD 37629695,33978011,0.000000,62 
OBJECT_ADD 37626764,33979613,0.000000,62 
OBJECT_ADD 37624779,34002525,0.000000,62 
OBJECT_ADD 37617863,33994492,0.000000,62 
OBJECT_ADD 37619554,33990002,0.000000,62 
OBJECT_ADD 37621711,33988209,0.000000,62 
OBJECT_ADD 37648547,34040259,0.000000,62 
OBJECT_ADD 37644973,34045733,0.000000,62 
OBJECT_ADD 37643692,34050215,0.000000,62 
OBJECT_ADD 37643789,34054287,0.000000,62 
OBJECT_ADD 37643733,34059465,0.000000,62 
OBJECT_ADD 37646139,34063735,0.000000,62 
OBJECT_ADD 37649118,34071119,0.000000,62 
OBJECT_ADD 37668235,34049215,0.000000,62 
OBJECT_ADD 37666120,34050676,0.000000,62 
OBJECT_ADD 37629382,34029691,0.000000,62 
OBJECT_ADD 37625813,34029692,0.000000,62 
OBJECT_ADD 37623284,34040350,0.000000,62 
OBJECT_ADD 37650054,34021885,0.000000,62 
OBJECT_ADD 37637464,33962689,0.000000,62 
OBJECT_ADD 37631243,33956604,0.000000,62 
OBJECT_ADD 37622332,33967945,0.000000,62 
OBJECT_ADD 37618718,33967560,0.000000,62 
OBJECT_ADD 37642009,33947857,0.000000,62 
OBJECT_ADD 37654964,33960340,0.000000,62 
OBJECT_ADD 37652919,33962142,0.000000,62 
OBJECT_ADD 37655585,33962734,0.000000,62 
OBJECT_ADD 37694710,33983093,0.000000,62 
OBJECT_ADD 37676002,33996271,0.000000,62 
OBJECT_ADD 37676457,33991954,0.000000,62 
OBJECT_ADD 37676902,33971446,0.000000,62 
OBJECT_ADD 37676555,33975650,0.000000,62 
OBJECT_ADD 37672493,33963607,0.000000,62 
OBJECT_ADD 37667151,33976231,0.000000,62 
OBJECT_ADD 37668011,33978944,0.000000,62 
OBJECT_ADD 37668320,33981874,0.000000,62 
OBJECT_ADD 37656301,33955670,0.000000,62 
OBJECT_ADD 37695952,33973058,0.000000,62 
OBJECT_ADD 37663731,33961686,0.000000,62 
OBJECT_ADD 37663530,33964559,0.000000,62 
OBJECT_ADD 37664799,33968564,0.000000,62 
OBJECT_ADD 37689630,34012344,0.000000,62 
OBJECT_ADD 37693261,34008716,0.000000,62 
OBJECT_ADD 37698643,33999528,0.000000,62 
OBJECT_ADD 37695047,33999360,0.000000,62 
OBJECT_ADD 37695162,33995072,0.000000,62 
OBJECT_ADD 37702254,33981629,0.000000,62 
OBJECT_ADD 37704265,33980374,0.000000,62 
OBJECT_ADD 37655368,33957803,0.000000,62 
OBJECT_ADD 37687918,34006338,0.000000,62 
OBJECT_ADD 37744362,34125275,0.000000,62 
OBJECT_ADD 37744853,34122196,0.000000,62 
OBJECT_ADD 37758769,34123312,0.000000,62 
OBJECT_ADD 37775888,34113869,0.000000,62 
OBJECT_ADD 37771577,34109875,0.000000,62 
OBJECT_ADD 37836093,34142218,0.000000,62 
OBJECT_ADD 37773104,34115585,0.000000,62 
OBJECT_ADD 37772779,34112027,0.000000,62 
OBJECT_ADD 37775892,34116845,0.000000,62 
OBJECT_ADD 37831861,34108709,0.000000,62 
OBJECT_ADD 37800388,34177274,0.000000,62 
OBJECT_ADD 37847972,34188529,0.000000,62 
OBJECT_ADD 37839322,34116860,0.000000,62 
OBJECT_ADD 37843650,34115788,0.000000,62 
OBJECT_ADD 37845729,34118966,0.000000,62 
OBJECT_ADD 37838133,34161254,0.000000,62 
OBJECT_ADD 37842348,34161073,0.000000,62 
OBJECT_ADD 37847767,34120788,0.000000,62 
OBJECT_ADD 37840075,34119917,0.000000,62 
OBJECT_ADD 37836161,34164841,0.000000,62 
OBJECT_ADD 37834560,34103715,0.000000,62 
OBJECT_ADD 37836402,34109781,0.000000,62 
OBJECT_ADD 37840158,34108733,0.000000,62 
OBJECT_ADD 37830486,34112425,0.000000,62 
OBJECT_ADD 37805258,34174942,0.000000,62 
OBJECT_ADD 37831872,34114932,0.000000,62 
OBJECT_ADD 37833177,34123413,0.000000,62 
OBJECT_ADD 37847689,34161563,0.000000,62 
OBJECT_ADD 37835042,34116070,0.000000,62 
OBJECT_ADD 37842302,34144765,0.000000,62 
OBJECT_ADD 37867495,34155882,0.000000,62 
OBJECT_ADD 37866142,34168320,0.000000,62 
OBJECT_ADD 37835996,34152769,0.000000,62 
OBJECT_ADD 37786569,34170590,0.000000,62 
OBJECT_ADD 37784769,34174220,0.000000,62 
OBJECT_ADD 37787827,34173215,0.000000,62 
OBJECT_ADD 37838345,34144935,0.000000,62 
OBJECT_ADD 37794183,34173134,0.000000,62 
OBJECT_ADD 37799851,34158883,0.000000,62 
OBJECT_ADD 37807419,34151260,0.000000,62 
OBJECT_ADD 37850964,34153658,0.000000,62 
OBJECT_ADD 37842082,34124400,0.000000,62 
OBJECT_ADD 37843552,34129035,0.000000,62 
OBJECT_ADD 37804015,34147859,0.000000,62 
OBJECT_ADD 37835307,34185915,0.000000,62 
OBJECT_ADD 37818564,34190150,0.000000,62 
OBJECT_ADD 37802319,34158984,0.000000,62 
OBJECT_ADD 37840972,34147392,0.000000,62 
OBJECT_ADD 37861574,34159165,0.000000,62 
OBJECT_ADD 37797667,34182691,0.000000,62 
OBJECT_ADD 37799564,34181143,0.000000,62 
OBJECT_ADD 37820691,34164304,0.000000,62 
OBJECT_ADD 37848785,34170011,0.000000,62 
OBJECT_ADD 37852897,34167554,0.000000,62 
OBJECT_ADD 37852226,34171601,0.000000,62 
OBJECT_ADD 37854951,34174133,0.000000,62 
OBJECT_ADD 37869895,34166304,0.000000,62 
OBJECT_ADD 37862934,34146063,0.000000,62 
OBJECT_ADD 37840836,34140072,0.000000,62 
OBJECT_ADD 37770595,34129972,0.000000,62 
OBJECT_ADD 37767080,34148507,0.000000,62 
OBJECT_ADD 37771089,34150221,0.000000,62 
OBJECT_ADD 37774505,34150935,0.000000,62 
OBJECT_ADD 37765425,34136813,0.000000,62 
OBJECT_ADD 37755251,34129610,0.000000,62 
OBJECT_ADD 37753806,34132963,0.000000,62 
OBJECT_ADD 37755516,34137698,0.000000,62 
OBJECT_ADD 37757473,34134519,0.000000,62 
OBJECT_ADD 37762218,34136572,0.000000,62 
OBJECT_ADD 37755973,34120424,0.000000,62 
OBJECT_ADD 37780051,34172125,0.000000,62 
OBJECT_ADD 37777961,34174716,0.000000,62 
OBJECT_ADD 37775539,34177732,0.000000,62 
OBJECT_ADD 37774645,34185134,0.000000,62 
OBJECT_ADD 37774924,34188578,0.000000,62 
OBJECT_ADD 37775952,34193236,0.000000,62 
OBJECT_ADD 37779408,34199985,0.000000,62 
OBJECT_ADD 37780910,34203292,0.000000,62 
OBJECT_ADD 37819858,34198486,0.000000,62 
OBJECT_ADD 37855831,34230440,0.000000,62 
OBJECT_ADD 37858747,34229542,0.000000,62 
OBJECT_ADD 37900372,34186297,0.000000,62 
OBJECT_ADD 37901392,34190113,0.000000,62 
OBJECT_ADD 37909019,34191269,0.000000,62 
OBJECT_ADD 37971125,34200946,0.000000,62 
OBJECT_ADD 37923869,34183425,0.000000,62 
OBJECT_ADD 37965714,34236789,0.000000,62 
OBJECT_ADD 37983119,34231126,0.000000,62 
OBJECT_ADD 37977139,34240140,0.000000,62 
OBJECT_ADD 37972898,34236511,0.000000,62 
OBJECT_ADD 37965776,34240099,0.000000,62 
OBJECT_ADD 37929001,34218214,0.000000,62 
OBJECT_ADD 37929477,34220516,0.000000,62 
OBJECT_ADD 37941256,34227466,0.000000,62 
OBJECT_ADD 38111076,33937394,0.000000,62 
OBJECT_ADD 38105193,33942404,0.000000,62 
OBJECT_ADD 38103687,33946505,0.000000,62 
OBJECT_ADD 38095281,33933975,0.000000,62 
OBJECT_ADD 38092079,33932232,0.000000,62 
OBJECT_ADD 38089336,33930594,0.000000,62 
OBJECT_ADD 38097847,33928585,0.000000,62 
OBJECT_ADD 38084626,33941408,0.000000,62 
OBJECT_ADD 38082220,33943243,0.000000,62 
OBJECT_ADD 38093515,33946456,0.000000,62 
OBJECT_ADD 38054699,33985162,-23.000000,62 
OBJECT_ADD 38051689,33986132,-23.000000,62 
OBJECT_ADD 38053089,33990873,-23.000000,62 
OBJECT_ADD 38055830,33993340,-23.000000,62 
OBJECT_ADD 38044377,33996813,-23.000000,62 
OBJECT_ADD 38047215,33995898,-23.000000,62 
OBJECT_ADD 38048279,34018782,-23.000000,62 
OBJECT_ADD 38052642,34017924,-23.000000,62 
OBJECT_ADD 38051690,34021256,-23.000000,62 
OBJECT_ADD 38055563,34023116,-23.000000,62 
OBJECT_ADD 38059247,34023505,-23.000000,62 
OBJECT_ADD 38062772,34025770,-23.000000,62 
OBJECT_ADD 38069026,34027146,-23.000000,62 
OBJECT_ADD 38050303,34013668,-66.000000,63 
OBJECT_ADD 38041038,33993922,-77.000000,63 
OBJECT_ADD 38042472,33990485,0.000000,63 
OBJECT_ADD 38051792,33977170,0.000000,62 
OBJECT_ADD 38032665,34020263,0.000000,62 
OBJECT_ADD 38036211,34019091,0.000000,62 
OBJECT_ADD 38035605,34009009,0.000000,62 
OBJECT_ADD 38051134,33983130,0.000000,62 
OBJECT_ADD 38072844,34027968,0.000000,62 
OBJECT_ADD 38066247,34028561,0.000000,62 
OBJECT_ADD 38053679,34046493,0.000000,62 
OBJECT_ADD 38050520,34043683,0.000000,62 
OBJECT_ADD 38047903,34041556,0.000000,62 
OBJECT_ADD 38032652,34035163,0.000000,62 
OBJECT_ADD 38033887,34029886,0.000000,62 
OBJECT_ADD 38052902,33973695,0.000000,62 
OBJECT_ADD 38123078,33965758,0.000000,62 
OBJECT_ADD 38108189,33978818,0.000000,62 
OBJECT_ADD 38098088,33948800,0.000000,62 
