OBJECT_ADD 36652069,31397041,-23.000000,62 
OBJECT_ADD 36638967,31414993,-23.000000,62 
OBJECT_ADD 36653185,31395067,-23.000000,62 
OBJECT_ADD 36659143,31405033,-23.000000,62 
OBJECT_ADD 36663084,31406280,-23.000000,62 
OBJECT_ADD 36666972,31408178,-23.000000,62 
OBJECT_ADD 36674394,31411612,-23.000000,62 
OBJECT_ADD 36672232,31410744,-23.000000,62 
OBJECT_ADD 36650092,31399188,-23.000000,62 
OBJECT_ADD 36678894,31416611,-23.000000,62 
OBJECT_ADD 36680649,31420969,-23.000000,62 
OBJECT_ADD 36653371,31392518,-23.000000,62 
OBJECT_ADD 36683269,31425003,-23.000000,62 
OBJECT_ADD 36683281,31429458,-66.000000,63 
OBJECT_ADD 36666610,31377077,-77.000000,63 
OBJECT_ADD 36667983,31377571,0.000000,63 
OBJECT_ADD 36643705,31404247,-23.000000,62 
OBJECT_ADD 36689590,31393605,-23.000000,62 
OBJECT_ADD 36687665,31413918,-23.000000,62 
OBJECT_ADD 36681746,31401251,-23.000000,62 
OBJECT_ADD 36679792,31404090,-23.000000,62 
OBJECT_ADD 36678464,31406219,-23.000000,62 
OBJECT_ADD 36683252,31400045,-23.000000,62 
OBJECT_ADD 36684632,31412007,-23.000000,62 
OBJECT_ADD 36681551,31409250,-23.000000,62 
OBJECT_ADD 36696228,31394551,-23.000000,62 
OBJECT_ADD 36692506,31394940,-23.000000,62 
OBJECT_ADD 36687434,31394697,-23.000000,62 
OBJECT_ADD 36684913,31398019,-23.000000,62 
OBJECT_ADD 36657345,31407172,-66.000000,63 
OBJECT_ADD 36658842,31409137,-77.000000,63 
OBJECT_ADD 36656673,31422406,0.000000,63 
OBJECT_ADD 36654359,31383970,-23.000000,62 
OBJECT_ADD 36653723,31390414,-23.000000,62 
OBJECT_ADD 36658082,31378701,-23.000000,62 
OBJECT_ADD 36662990,31380118,-23.000000,62 
OBJECT_ADD 36653953,31387306,-23.000000,62 
OBJECT_ADD 36655476,31380586,-23.000000,62 
OBJECT_ADD 36666388,31381041,-23.000000,62 
OBJECT_ADD 36653324,31367459,-23.000000,62 
OBJECT_ADD 36655606,31367767,-23.000000,62 
OBJECT_ADD 36656625,31370038,-23.000000,62 
OBJECT_ADD 36650924,31380522,-23.000000,62 
OBJECT_ADD 36651011,31376366,-23.000000,62 
OBJECT_ADD 36648945,31375478,-23.000000,62 
OBJECT_ADD 36634713,31374596,-66.000000,63 
OBJECT_ADD 36683450,31390768,-77.000000,63 
OBJECT_ADD 36682941,31383710,0.000000,63 
OBJECT_ADD 36670414,31363734,-23.000000,62 
OBJECT_ADD 36633519,31405013,-23.000000,62 
OBJECT_ADD 36671641,31364222,-23.000000,62 
OBJECT_ADD 36634596,31407909,-23.000000,62 
OBJECT_ADD 36655887,31359798,-23.000000,62 
OBJECT_ADD 36700722,31397920,-23.000000,62 
OBJECT_ADD 36654133,31361452,-23.000000,62 
OBJECT_ADD 36652940,31379104,-23.000000,62 
OBJECT_ADD 36669360,31365899,-23.000000,62 
OBJECT_ADD 36701571,31433113,-23.000000,62 
OBJECT_ADD 36700255,31430405,-23.000000,62 
OBJECT_ADD 36693165,31419116,-23.000000,62 
OBJECT_ADD 36671264,31369787,-23.000000,62 
OBJECT_ADD 36668184,31377451,-66.000000,63 
OBJECT_ADD 36666496,31376826,-77.000000,63 
OBJECT_ADD 36665024,31376313,0.000000,63 
OBJECT_ADD 36636978,31420373,-23.000000,62 
OBJECT_ADD 36671272,31433880,-23.000000,62 
OBJECT_ADD 36662728,31426977,-23.000000,62 
OBJECT_ADD 36663070,31430486,-23.000000,62 
OBJECT_ADD 36659799,31427890,-23.000000,62 
OBJECT_ADD 36646036,31414067,-23.000000,62 
OBJECT_ADD 36689757,31418700,-23.000000,62 
OBJECT_ADD 36660990,31404451,-23.000000,62 
OBJECT_ADD 36668146,31419236,-23.000000,62 
OBJECT_ADD 36671262,31420611,-23.000000,62 
OBJECT_ADD 36650519,31376524,-23.000000,62 
OBJECT_ADD 36703261,31399192,-23.000000,62 
OBJECT_ADD 36655789,31364175,-23.000000,62 
OBJECT_ADD 36662019,31372180,-66.000000,63 
OBJECT_ADD 36681852,31373784,-77.000000,63 
OBJECT_ADD 36683003,31375130,0.000000,63 
OBJECT_ADD 36607169,31389813,-23.000000,62 
OBJECT_ADD 36601240,31384767,-23.000000,62 
OBJECT_ADD 36605182,31389367,-23.000000,62 
OBJECT_ADD 36608664,31386669,-23.000000,62 
OBJECT_ADD 36644552,31391953,-23.000000,62 
OBJECT_ADD 36627863,31410559,-23.000000,62 
OBJECT_ADD 36614332,31413276,-23.000000,62 
OBJECT_ADD 36627098,31366487,-23.000000,62 
OBJECT_ADD 36628431,31367854,-23.000000,62 
OBJECT_ADD 36630421,31387130,-23.000000,62 
OBJECT_ADD 36630449,31384820,-23.000000,62 
OBJECT_ADD 36623575,31397971,-23.000000,62 
OBJECT_ADD 36605369,31386233,-23.000000,62 
OBJECT_ADD 36593464,31394013,-66.000000,63 
OBJECT_ADD 36609411,31400240,-77.000000,63 
OBJECT_ADD 36629644,31372787,0.000000,63 
OBJECT_ADD 36579054,31383297,-23.000000,62 
OBJECT_ADD 36584540,31391540,-23.000000,62 
OBJECT_ADD 36588209,31394543,-23.000000,62 
OBJECT_ADD 36578723,31422163,-23.000000,62 
OBJECT_ADD 36580078,31421061,-23.000000,62 
OBJECT_ADD 36590113,31409664,-23.000000,62 
OBJECT_ADD 36592463,31397711,-23.000000,62 
OBJECT_ADD 36594257,31365556,-23.000000,62 
OBJECT_ADD 36595775,31369357,-23.000000,62 
OBJECT_ADD 36597949,31374626,-23.000000,62 
OBJECT_ADD 36600395,31380110,-23.000000,62 
OBJECT_ADD 36599142,31375658,-23.000000,62 
OBJECT_ADD 36590750,31397775,-23.000000,62 
OBJECT_ADD 36580936,31412998,-66.000000,63 
OBJECT_ADD 36597422,31419456,-77.000000,63 
OBJECT_ADD 36618275,31399885,0.000000,63 
OBJECT_ADD 36574600,31401470,-23.000000,62 
OBJECT_ADD 36571428,31391753,-23.000000,62 
OBJECT_ADD 36589162,31402132,-23.000000,62 
OBJECT_ADD 36587760,31404911,-23.000000,62 
OBJECT_ADD 36587875,31408438,-23.000000,62 
OBJECT_ADD 36600679,31391484,-23.000000,62 
OBJECT_ADD 36605761,31416708,-23.000000,62 
OBJECT_ADD 36588932,31413489,-23.000000,62 
OBJECT_ADD 36588046,31415536,-23.000000,62 
OBJECT_ADD 36587185,31418999,-23.000000,62 
OBJECT_ADD 36583750,31418779,-23.000000,62 
OBJECT_ADD 36585079,31421860,-23.000000,62 
OBJECT_ADD 36596004,31398631,-23.000000,62 
OBJECT_ADD 36590002,31390001,-66.000000,63 
OBJECT_ADD 36589199,31391334,-77.000000,63 
OBJECT_ADD 36583545,31406929,0.000000,63 
OBJECT_ADD 36579136,31369797,-23.000000,62 
OBJECT_ADD 36563872,31393194,-23.000000,62 
OBJECT_ADD 36577832,31377548,-23.000000,62 
OBJECT_ADD 36580541,31374942,-23.000000,62 
OBJECT_ADD 36578351,31380133,-23.000000,62 
OBJECT_ADD 36580363,31385698,-23.000000,62 
OBJECT_ADD 36582512,31389141,-23.000000,62 
OBJECT_ADD 36565249,31395621,-23.000000,62 
OBJECT_ADD 36567586,31418399,-23.000000,62 
OBJECT_ADD 36571413,31416252,-23.000000,62 
OBJECT_ADD 36567695,31396983,-23.000000,62 
OBJECT_ADD 36569326,31397570,-23.000000,62 
OBJECT_ADD 36571935,31400577,-23.000000,62 
OBJECT_ADD 36574359,31381187,-66.000000,63 
OBJECT_ADD 36577538,31390444,-77.000000,63 
OBJECT_ADD 36573878,31415038,0.000000,63 
OBJECT_ADD 36598177,31358220,-23.000000,62 
OBJECT_ADD 36600838,31359640,-23.000000,62 
OBJECT_ADD 36617341,31365947,-23.000000,62 
OBJECT_ADD 36622730,31362116,-23.000000,62 
OBJECT_ADD 36576061,31373515,-23.000000,62 
OBJECT_ADD 36610997,31361928,-23.000000,62 
OBJECT_ADD 36606353,31360317,-23.000000,62 
OBJECT_ADD 36607266,31356683,-23.000000,62 
OBJECT_ADD 36611186,31357211,-23.000000,62 
OBJECT_ADD 36590465,31411779,-23.000000,62 
OBJECT_ADD 36620429,31366089,-23.000000,62 
OBJECT_ADD 36593900,31362635,-23.000000,62 
OBJECT_ADD 36578538,31372212,-23.000000,62 
OBJECT_ADD 36575086,31419077,-66.000000,63 
OBJECT_ADD 36584502,31399324,-77.000000,63 
OBJECT_ADD 36600025,31371501,0.000000,63 
OBJECT_ADD 36658059,31224171,-23.000000,62 
OBJECT_ADD 36660441,31241945,-23.000000,62 
OBJECT_ADD 36659814,31238130,-23.000000,62 
OBJECT_ADD 36664917,31236983,-23.000000,62 
OBJECT_ADD 36652078,31226361,-23.000000,62 
OBJECT_ADD 36639724,31232234,-23.000000,62 
OBJECT_ADD 36670957,31239624,-23.000000,62 
OBJECT_ADD 36658910,31235457,-23.000000,62 
OBJECT_ADD 36649590,31232538,-23.000000,62 
OBJECT_ADD 36652767,31232578,-23.000000,62 
OBJECT_ADD 36651398,31231041,-23.000000,62 
OBJECT_ADD 36638415,31242741,-23.000000,62 
OBJECT_ADD 36645475,31247014,-23.000000,62 
OBJECT_ADD 36677052,31264980,-66.000000,63 
OBJECT_ADD 36685434,31252527,-77.000000,63 
OBJECT_ADD 36650542,31289651,0.000000,63 
OBJECT_ADD 36640152,31244658,-23.000000,62 
OBJECT_ADD 36642820,31246229,-23.000000,62 
OBJECT_ADD 36647401,31247282,-23.000000,62 
OBJECT_ADD 36643249,31240310,-23.000000,62 
OBJECT_ADD 36647809,31249794,-23.000000,62 
OBJECT_ADD 36656123,31268098,-23.000000,62 
OBJECT_ADD 36653734,31252332,-23.000000,62 
OBJECT_ADD 36661862,31239912,-23.000000,62 
OBJECT_ADD 36637493,31261699,-23.000000,62 
OBJECT_ADD 36663264,31262004,-23.000000,62 
OBJECT_ADD 36661768,31263137,-23.000000,62 
OBJECT_ADD 36650292,31251574,-23.000000,62 
OBJECT_ADD 36652336,31255073,-23.000000,62 
OBJECT_ADD 36670619,31271172,-66.000000,63 
OBJECT_ADD 36663633,31273247,-77.000000,63 
OBJECT_ADD 36640328,31264247,0.000000,63 
OBJECT_ADD 36665289,31231640,-23.000000,62 
OBJECT_ADD 36669147,31236362,-23.000000,62 
OBJECT_ADD 36670621,31242383,-23.000000,62 
OBJECT_ADD 36651679,31222021,-23.000000,62 
OBJECT_ADD 36657453,31221090,-23.000000,62 
OBJECT_ADD 36654699,31225606,-23.000000,62 
OBJECT_ADD 36660279,31225691,-23.000000,62 
OBJECT_ADD 36693572,31239561,-23.000000,62 
OBJECT_ADD 36679386,31242446,-23.000000,62 
OBJECT_ADD 36696591,31256693,-23.000000,62 
OBJECT_ADD 36679191,31269132,-23.000000,62 
OBJECT_ADD 36688478,31271379,-23.000000,62 
OBJECT_ADD 36691936,31249973,-23.000000,62 
OBJECT_ADD 36668236,31236213,-66.000000,63 
OBJECT_ADD 36643858,31244741,-77.000000,63 
OBJECT_ADD 36682180,31264361,0.000000,63 
OBJECT_ADD 36634347,31227029,-23.000000,62 
OBJECT_ADD 36634009,31230166,-23.000000,62 
OBJECT_ADD 36631467,31227506,-23.000000,62 
OBJECT_ADD 36665406,31207413,-23.000000,62 
OBJECT_ADD 36664020,31210351,-23.000000,62 
OBJECT_ADD 36658510,31201500,-23.000000,62 
OBJECT_ADD 36657996,31204373,-23.000000,62 
OBJECT_ADD 36658908,31207894,-23.000000,62 
OBJECT_ADD 36649696,31215278,-23.000000,62 
OBJECT_ADD 36653712,31214543,-23.000000,62 
OBJECT_ADD 36654423,31219222,-23.000000,62 
OBJECT_ADD 36632603,31217189,-23.000000,62 
OBJECT_ADD 36654294,31216660,-23.000000,62 
OBJECT_ADD 36633482,31228746,-66.000000,63 
OBJECT_ADD 36637584,31218839,-77.000000,63 
OBJECT_ADD 36655278,31232737,0.000000,63 
OBJECT_ADD 36689270,31276339,-23.000000,62 
OBJECT_ADD 36693981,31282077,-23.000000,62 
OBJECT_ADD 36692661,31277216,-23.000000,62 
OBJECT_ADD 36707839,31250764,-23.000000,62 
OBJECT_ADD 36708298,31225662,-23.000000,62 
OBJECT_ADD 36711662,31227672,-23.000000,62 
OBJECT_ADD 36691491,31247744,-23.000000,62 
OBJECT_ADD 36692659,31242775,-23.000000,62 
OBJECT_ADD 36695674,31257517,-23.000000,62 
OBJECT_ADD 36715576,31249284,-23.000000,62 
OBJECT_ADD 36710963,31252989,-23.000000,62 
OBJECT_ADD 36707168,31247319,-23.000000,62 
OBJECT_ADD 36707152,31244804,-23.000000,62 
OBJECT_ADD 36702666,31229947,-66.000000,63 
OBJECT_ADD 36701656,31232531,-77.000000,63 
OBJECT_ADD 36700693,31234673,0.000000,63 
OBJECT_ADD 36668949,31230868,-23.000000,62 
OBJECT_ADD 36647517,31232771,-23.000000,62 
OBJECT_ADD 36645116,31233501,-23.000000,62 
OBJECT_ADD 36632065,31234264,-23.000000,62 
OBJECT_ADD 36635380,31253034,-23.000000,62 
OBJECT_ADD 36673822,31235165,-23.000000,62 
OBJECT_ADD 36672168,31232785,-23.000000,62 
OBJECT_ADD 36634495,31232567,-23.000000,62 
OBJECT_ADD 36639362,31253590,-23.000000,62 
OBJECT_ADD 36661464,31233506,-23.000000,62 
OBJECT_ADD 36657399,31259253,-23.000000,62 
OBJECT_ADD 36635401,31240777,-23.000000,62 
OBJECT_ADD 36682261,31232396,-23.000000,62 
OBJECT_ADD 36686740,31229052,-23.000000,62 
OBJECT_ADD 36640109,31207575,-23.000000,62 
OBJECT_ADD 36637873,31209825,-23.000000,62 
OBJECT_ADD 36634804,31214365,-23.000000,62 
OBJECT_ADD 36665988,31199378,-23.000000,62 
OBJECT_ADD 36667121,31202774,-23.000000,62 
OBJECT_ADD 36665470,31205825,-23.000000,62 
OBJECT_ADD 36654904,31221716,-23.000000,62 
OBJECT_ADD 36676334,31228455,-23.000000,62 
OBJECT_ADD 36681635,31228174,-23.000000,62 
OBJECT_ADD 36677931,31232459,-23.000000,62 
OBJECT_ADD 36640307,31219261,-23.000000,62 
OBJECT_ADD 36636619,31232874,-66.000000,63 
OBJECT_ADD 36664027,31215538,-77.000000,63 
OBJECT_ADD 36667461,31201374,0.000000,63 
OBJECT_ADD 36564798,31291384,-23.000000,62 
OBJECT_ADD 36561924,31291186,-23.000000,62 
OBJECT_ADD 36596268,31357470,-23.000000,62 
OBJECT_ADD 36594299,31359970,-23.000000,62 
OBJECT_ADD 36644379,31357400,-23.000000,62 
OBJECT_ADD 36608529,31352157,-23.000000,62 
OBJECT_ADD 36586787,31269527,-23.000000,62 
OBJECT_ADD 36583070,31273791,-23.000000,62 
OBJECT_ADD 36583760,31285526,-23.000000,62 
OBJECT_ADD 36586539,31339171,-23.000000,62 
OBJECT_ADD 36585256,31282171,-23.000000,62 
OBJECT_ADD 36634223,31323132,-23.000000,62 
OBJECT_ADD 36569480,31300578,-23.000000,62 
OBJECT_ADD 36593012,31359092,-23.000000,62 
OBJECT_ADD 36583781,31341529,-23.000000,62 
OBJECT_ADD 36610407,31332657,-23.000000,62 
OBJECT_ADD 36578455,31306810,-23.000000,62 
OBJECT_ADD 36578410,31313264,-23.000000,62 
OBJECT_ADD 36597392,31351041,-23.000000,62 
OBJECT_ADD 36599204,31334856,-23.000000,62 
OBJECT_ADD 36597389,31352209,-23.000000,62 
OBJECT_ADD 36586253,31349532,-23.000000,62 
OBJECT_ADD 36618106,31284436,-66.000000,63 
OBJECT_ADD 36581282,31319558,-77.000000,63 
OBJECT_ADD 36595828,31286734,0.000000,63 
OBJECT_ADD 36550267,31289609,-23.000000,62 
OBJECT_ADD 36593234,31339641,-23.000000,62 
OBJECT_ADD 36566809,31290146,-23.000000,62 
OBJECT_ADD 36576739,31289648,-23.000000,62 
OBJECT_ADD 36579565,31289335,-23.000000,62 
OBJECT_ADD 36627541,31312689,-23.000000,62 
OBJECT_ADD 36635492,31316704,-23.000000,62 
OBJECT_ADD 36624887,31328219,-23.000000,62 
OBJECT_ADD 36619691,31324971,-23.000000,62 
OBJECT_ADD 36603332,31283866,-23.000000,62 
OBJECT_ADD 36612446,31286539,-66.000000,63 
OBJECT_ADD 36573830,31283039,-77.000000,63 
OBJECT_ADD 36557096,31320624,0.000000,63 
OBJECT_ADD 36618781,31298612,-23.000000,62 
OBJECT_ADD 36587696,31279955,-23.000000,62 
OBJECT_ADD 36553478,31295327,-23.000000,62 
OBJECT_ADD 36554903,31280747,-23.000000,62 
OBJECT_ADD 36558012,31285398,-23.000000,62 
OBJECT_ADD 36551613,31279876,-23.000000,62 
OBJECT_ADD 36566676,31330264,-23.000000,62 
OBJECT_ADD 36577720,31318573,-23.000000,62 
OBJECT_ADD 36585496,31289248,-23.000000,62 
OBJECT_ADD 36593500,31350721,-23.000000,62 
OBJECT_ADD 36610688,31283235,-66.000000,63 
OBJECT_ADD 36597051,31276696,-77.000000,63 
OBJECT_ADD 36594402,31277385,0.000000,63 
OBJECT_ADD 36631756,31334912,-23.000000,62 
OBJECT_ADD 36584702,31291316,-23.000000,62 
OBJECT_ADD 36609685,31280489,-23.000000,62 
OBJECT_ADD 36584381,31302232,-23.000000,62 
OBJECT_ADD 36598822,31371495,-23.000000,62 
OBJECT_ADD 36615614,31383928,-23.000000,62 
OBJECT_ADD 36598174,31369250,-23.000000,62 
OBJECT_ADD 36581839,31285148,-23.000000,62 
OBJECT_ADD 36605735,31352782,-23.000000,62 
OBJECT_ADD 36602085,31380288,-23.000000,62 
OBJECT_ADD 36588359,31306515,-66.000000,63 
OBJECT_ADD 36591630,31311708,-77.000000,63 
OBJECT_ADD 36559802,31318953,0.000000,63 
OBJECT_ADD 36380087,31360821,-23.000000,62 
OBJECT_ADD 36382295,31360428,-23.000000,62 
OBJECT_ADD 36406188,31389369,-23.000000,62 
OBJECT_ADD 36403309,31390636,-23.000000,62 
OBJECT_ADD 36399120,31390302,-23.000000,62 
OBJECT_ADD 36384537,31368174,-23.000000,62 
OBJECT_ADD 36391799,31358647,-23.000000,62 
OBJECT_ADD 36374586,31364136,-23.000000,62 
OBJECT_ADD 36397070,31374360,-23.000000,62 
OBJECT_ADD 36398746,31372068,-23.000000,62 
OBJECT_ADD 36412423,31360136,-23.000000,62 
OBJECT_ADD 36402092,31345971,-23.000000,62 
OBJECT_ADD 36387914,31360030,-23.000000,62 
OBJECT_ADD 36363364,31394077,-66.000000,63 
OBJECT_ADD 36378947,31347428,-77.000000,63 
OBJECT_ADD 36403820,31338631,0.000000,63 
OBJECT_ADD 36389752,31403341,-23.000000,62 
OBJECT_ADD 36383308,31400848,-23.000000,62 
OBJECT_ADD 36366280,31360143,-23.000000,62 
OBJECT_ADD 36361111,31356263,-23.000000,62 
OBJECT_ADD 36375199,31393244,-23.000000,62 
OBJECT_ADD 36372013,31370709,-23.000000,62 
OBJECT_ADD 36372688,31363680,-23.000000,62 
OBJECT_ADD 36399634,31359658,-23.000000,62 
OBJECT_ADD 36402480,31348087,-23.000000,62 
OBJECT_ADD 36413251,31344569,-23.000000,62 
OBJECT_ADD 36405305,31355099,-23.000000,62 
OBJECT_ADD 36401604,31363371,-23.000000,62 
OBJECT_ADD 36406992,31369222,-23.000000,62 
OBJECT_ADD 36368259,31379129,-66.000000,63 
OBJECT_ADD 36352381,31399315,-77.000000,63 
OBJECT_ADD 36391028,31425061,0.000000,63 
OBJECT_ADD 36379577,31456341,-23.000000,62 
OBJECT_ADD 36383477,31406299,-23.000000,62 
OBJECT_ADD 36369359,31415240,-23.000000,62 
OBJECT_ADD 36421724,31387249,-23.000000,62 
OBJECT_ADD 36420296,31389798,-23.000000,62 
OBJECT_ADD 36400780,31403542,-23.000000,62 
OBJECT_ADD 36393966,31399826,-23.000000,62 
OBJECT_ADD 36378932,31410774,-23.000000,62 
OBJECT_ADD 36359684,31357201,-23.000000,62 
OBJECT_ADD 36368047,31417950,-23.000000,62 
OBJECT_ADD 36368063,31404031,-23.000000,62 
OBJECT_ADD 36365267,31412385,-23.000000,62 
OBJECT_ADD 36373268,31411935,-23.000000,62 
OBJECT_ADD 36368607,31386619,-66.000000,63 
OBJECT_ADD 36366270,31383338,-77.000000,63 
OBJECT_ADD 36358600,31404985,0.000000,63 
OBJECT_ADD 36416449,31373136,-23.000000,62 
OBJECT_ADD 36412019,31342337,-23.000000,62 
OBJECT_ADD 36379498,31347474,-23.000000,62 
OBJECT_ADD 36411360,31349674,-23.000000,62 
OBJECT_ADD 36410653,31384326,-23.000000,62 
OBJECT_ADD 36405850,31378192,-23.000000,62 
OBJECT_ADD 36351668,31380697,-23.000000,62 
OBJECT_ADD 36391624,31349802,-23.000000,62 
OBJECT_ADD 36375918,31335052,-23.000000,62 
OBJECT_ADD 36380012,31338212,-23.000000,62 
OBJECT_ADD 36381594,31340481,-23.000000,62 
OBJECT_ADD 36408563,31366447,-23.000000,62 
OBJECT_ADD 36389190,31348416,-23.000000,62 
OBJECT_ADD 36367302,31343860,-77.000000,63 
OBJECT_ADD 36367172,31378181,0.000000,63 
OBJECT_ADD 36374840,31406539,-23.000000,62 
OBJECT_ADD 36380806,31395453,-23.000000,62 
OBJECT_ADD 36385614,31405750,-23.000000,62 
OBJECT_ADD 36407968,31389751,-23.000000,62 
OBJECT_ADD 36398850,31396684,-23.000000,62 
OBJECT_ADD 36412741,31404755,-23.000000,62 
OBJECT_ADD 36410300,31407876,-23.000000,62 
OBJECT_ADD 36417662,31419554,-23.000000,62 
OBJECT_ADD 36407207,31443525,-23.000000,62 
OBJECT_ADD 36415082,31428194,-23.000000,62 
OBJECT_ADD 36414340,31432224,-23.000000,62 
OBJECT_ADD 36368259,31407193,-23.000000,62 
OBJECT_ADD 36379702,31446482,-23.000000,62 
OBJECT_ADD 36380277,31447277,-66.000000,63 
OBJECT_ADD 36379093,31418072,-77.000000,63 
OBJECT_ADD 36367254,31400349,0.000000,63 
OBJECT_ADD 36375693,31442184,-23.000000,62 
OBJECT_ADD 36351958,31425552,-23.000000,62 
OBJECT_ADD 36350210,31427344,-23.000000,62 
OBJECT_ADD 36385393,31400710,-23.000000,62 
OBJECT_ADD 36350739,31437175,-23.000000,62 
OBJECT_ADD 36357527,31433403,-23.000000,62 
OBJECT_ADD 36368240,31418378,-23.000000,62 
OBJECT_ADD 36362534,31426930,-23.000000,62 
OBJECT_ADD 36364085,31415151,-23.000000,62 
OBJECT_ADD 36359469,31417960,-23.000000,62 
OBJECT_ADD 36356966,31420661,-23.000000,62 
OBJECT_ADD 36359893,31403019,-23.000000,62 
OBJECT_ADD 36365749,31407052,-23.000000,62 
OBJECT_ADD 36379252,31417709,-66.000000,63 
OBJECT_ADD 36404874,31427166,-77.000000,63 
OBJECT_ADD 36405475,31417252,0.000000,63 
OBJECT_ADD 36418088,31454636,-23.000000,62 
OBJECT_ADD 36414725,31449434,-23.000000,62 
OBJECT_ADD 36400838,31386643,-23.000000,62 
OBJECT_ADD 36385231,31403287,-23.000000,62 
OBJECT_ADD 36353345,31399408,-23.000000,62 
OBJECT_ADD 36352061,31404568,-23.000000,62 
OBJECT_ADD 36384002,31398337,-23.000000,62 
OBJECT_ADD 36371790,31404635,-23.000000,62 
OBJECT_ADD 36390710,31406123,-23.000000,62 
OBJECT_ADD 36403520,31418171,-23.000000,62 
OBJECT_ADD 36372085,31453695,-23.000000,62 
OBJECT_ADD 36367899,31454760,-23.000000,62 
OBJECT_ADD 36380240,31451238,-23.000000,62 
OBJECT_ADD 36372676,31443893,-66.000000,63 
OBJECT_ADD 36381302,31424841,-77.000000,63 
OBJECT_ADD 36402338,31421503,0.000000,63 
OBJECT_ADD 36376680,31363514,-23.000000,62 
OBJECT_ADD 36371878,31380247,-23.000000,62 
OBJECT_ADD 36372170,31387676,-23.000000,62 
OBJECT_ADD 36370520,31410163,-23.000000,62 
OBJECT_ADD 36412549,31436229,-23.000000,62 
OBJECT_ADD 36421916,31419813,-23.000000,62 
OBJECT_ADD 36413879,31380269,-23.000000,62 
OBJECT_ADD 36414424,31383560,-23.000000,62 
OBJECT_ADD 36409086,31357090,-23.000000,62 
OBJECT_ADD 36405622,31362513,-23.000000,62 
OBJECT_ADD 36396615,31396475,-23.000000,62 
OBJECT_ADD 36404944,31360971,-23.000000,62 
OBJECT_ADD 36401365,31366334,-23.000000,62 
OBJECT_ADD 36385982,31374313,-66.000000,63 
OBJECT_ADD 36370837,31380137,-77.000000,63 
OBJECT_ADD 36403320,31367439,0.000000,63 
OBJECT_ADD 36240661,31134979,-18.000000,62 
OBJECT_ADD 36270082,31084153,-18.000000,62 
OBJECT_ADD 36276716,31138581,-18.000000,62 
OBJECT_ADD 36325107,31149829,-72.000000,63 
OBJECT_ADD 36323437,31155338,5.000000,63 
OBJECT_ADD 36352112,31164326,-18.000000,62 
OBJECT_ADD 36350139,31168013,-18.000000,62 
OBJECT_ADD 36351065,31177362,-18.000000,62 
OBJECT_ADD 36356234,31172781,-18.000000,62 
OBJECT_ADD 36363995,31163581,-18.000000,62 
OBJECT_ADD 36331377,31175740,-18.000000,62 
OBJECT_ADD 36358248,31159659,-18.000000,62 
OBJECT_ADD 36358335,31141653,-18.000000,62 
OBJECT_ADD 36266440,31097879,-18.000000,62 
OBJECT_ADD 36351057,31144235,-18.000000,62 
OBJECT_ADD 36275791,31148436,-18.000000,62 
OBJECT_ADD 36265303,31127348,-18.000000,62 
OBJECT_ADD 36403164,31125327,-18.000000,62 
OBJECT_ADD 36399120,31126867,-18.000000,62 
OBJECT_ADD 36278423,31121346,-18.000000,62 
OBJECT_ADD 36273383,31100984,-18.000000,62 
OBJECT_ADD 36271557,31106349,-18.000000,62 
OBJECT_ADD 36366538,31098232,-18.000000,62 
OBJECT_ADD 36280296,31094480,-18.000000,62 
OBJECT_ADD 36281234,31074457,-18.000000,62 
OBJECT_ADD 36297824,31092518,-18.000000,62 
OBJECT_ADD 36389569,31087557,-18.000000,62 
OBJECT_ADD 36382494,31099297,-18.000000,62 
OBJECT_ADD 36363269,31132380,-61.000000,63 
OBJECT_ADD 36366491,31081166,-72.000000,63 
OBJECT_ADD 36289934,31152665,5.000000,63 
OBJECT_ADD 36291606,31126395,-18.000000,62 
OBJECT_ADD 36302314,31088199,-18.000000,62 
OBJECT_ADD 36312058,31139274,-18.000000,62 
OBJECT_ADD 36329214,31130144,-18.000000,62 
OBJECT_ADD 36296386,31081836,-18.000000,62 
OBJECT_ADD 36294361,31088697,-18.000000,62 
OBJECT_ADD 36295873,31066102,-18.000000,62 
OBJECT_ADD 36302522,31102094,-18.000000,62 
OBJECT_ADD 36392394,31097921,-18.000000,62 
OBJECT_ADD 36312876,31115813,-18.000000,62 
OBJECT_ADD 36367275,31119169,-61.000000,63 
OBJECT_ADD 36306645,31139823,-18.000000,62 
OBJECT_ADD 36325006,31072983,-18.000000,62 
OBJECT_ADD 36355286,31128304,-61.000000,63 
OBJECT_ADD 36324246,31125051,-72.000000,63 
OBJECT_ADD 36313687,31080045,-18.000000,62 
OBJECT_ADD 36343831,31066115,-18.000000,62 
OBJECT_ADD 36408650,31118723,-18.000000,62 
OBJECT_ADD 36382846,31134432,-18.000000,62 
OBJECT_ADD 36402008,31111387,-18.000000,62 
OBJECT_ADD 36373102,31127547,-18.000000,62 
OBJECT_ADD 36379467,31086934,-18.000000,62 
OBJECT_ADD 36365723,31071342,-18.000000,62 
OBJECT_ADD 36332581,31134334,-18.000000,62 
OBJECT_ADD 36278118,31136223,-18.000000,62 
OBJECT_ADD 36313603,31094612,-18.000000,62 
OBJECT_ADD 36338770,31071142,-18.000000,62 
OBJECT_ADD 36338650,31081468,-72.000000,63 
OBJECT_ADD 36324510,31113816,5.000000,63 
OBJECT_ADD 36377471,31131430,-18.000000,62 
OBJECT_ADD 36401754,31128699,-18.000000,62 
OBJECT_ADD 36395497,31133765,-18.000000,62 
OBJECT_ADD 36411372,31135327,-18.000000,62 
OBJECT_ADD 36374620,31103122,-18.000000,62 
OBJECT_ADD 36367222,31118599,-18.000000,62 
OBJECT_ADD 36320130,31083779,-18.000000,62 
OBJECT_ADD 36308918,31074029,-18.000000,62 
OBJECT_ADD 36411836,31127577,-18.000000,62 
OBJECT_ADD 36358555,31076242,-18.000000,62 
OBJECT_ADD 36248512,31097587,-18.000000,62 
OBJECT_ADD 36389870,31129658,-18.000000,62 
OBJECT_ADD 36315409,31072745,-18.000000,62 
OBJECT_ADD 36324732,31094624,-18.000000,62 
OBJECT_ADD 36384378,31109048,-61.000000,63 
OBJECT_ADD 36352225,31118684,-72.000000,63 
OBJECT_ADD 36341284,31086856,5.000000,63 
OBJECT_ADD 36390199,31137936,-18.000000,62 
OBJECT_ADD 36338216,31104981,-18.000000,62 
OBJECT_ADD 36393100,31157105,5.000000,63 
OBJECT_ADD 36385172,31190826,-18.000000,62 
OBJECT_ADD 36382068,31143195,-18.000000,62 
OBJECT_ADD 36397245,31136134,-18.000000,62 
OBJECT_ADD 36401547,31140717,-18.000000,62 
OBJECT_ADD 36401409,31133608,-18.000000,62 
OBJECT_ADD 36375210,31146825,-18.000000,62 
OBJECT_ADD 36370004,31155948,-18.000000,62 
OBJECT_ADD 36368056,31143868,-18.000000,62 
OBJECT_ADD 36366321,31151736,-18.000000,62 
OBJECT_ADD 36385682,31098328,-18.000000,62 
OBJECT_ADD 36372416,31144900,-18.000000,62 
OBJECT_ADD 36416607,31139828,-18.000000,62 
OBJECT_ADD 36409736,31139070,-18.000000,62 
OBJECT_ADD 36411272,31145109,-18.000000,62 
OBJECT_ADD 36413689,31168991,-18.000000,62 
OBJECT_ADD 36407872,31178766,-18.000000,62 
OBJECT_ADD 36415133,31163938,-18.000000,62 
OBJECT_ADD 36410511,31169867,-18.000000,62 
OBJECT_ADD 36365439,31146157,-18.000000,62 
OBJECT_ADD 36379722,31183959,-18.000000,62 
OBJECT_ADD 36383779,31190291,-61.000000,63 
OBJECT_ADD 36366787,31138496,-72.000000,63 
OBJECT_ADD 36364407,31135219,5.000000,63 
OBJECT_ADD 36376361,31180176,-18.000000,62 
OBJECT_ADD 36382903,31108419,-18.000000,62 
OBJECT_ADD 36393450,31111094,-18.000000,62 
OBJECT_ADD 36361047,31156682,-18.000000,62 
OBJECT_ADD 36364816,31149103,-18.000000,62 
OBJECT_ADD 36388269,31112304,-61.000000,63 
OBJECT_ADD 36404122,31162673,-72.000000,63 
OBJECT_ADD 36405703,31153015,5.000000,63 
OBJECT_ADD 36415740,31185095,-18.000000,62 
OBJECT_ADD 36412076,31181154,-18.000000,62 
OBJECT_ADD 36418769,31170809,-18.000000,62 
OBJECT_ADD 36383558,31135616,-18.000000,62 
OBJECT_ADD 36408429,31128321,-18.000000,62 
OBJECT_ADD 36407219,31159241,-18.000000,62 
OBJECT_ADD 36403824,31156973,-18.000000,62 
OBJECT_ADD 36373770,31191959,-18.000000,62 
OBJECT_ADD 36372418,31189090,-18.000000,62 
OBJECT_ADD 36368204,31188860,-18.000000,62 
OBJECT_ADD 36369085,31175918,-61.000000,63 
OBJECT_ADD 36380570,31162362,-72.000000,63 
OBJECT_ADD 36401928,31157392,5.000000,63 
OBJECT_ADD 36368907,31149000,-18.000000,62 
OBJECT_ADD 36405968,31175515,-18.000000,62 
OBJECT_ADD 36408232,31149144,-18.000000,62 
OBJECT_ADD 36447073,31303640,-23.000000,62 
OBJECT_ADD 36476519,31281025,-23.000000,62 
OBJECT_ADD 36474868,31278039,-23.000000,62 
OBJECT_ADD 36470257,31263310,-23.000000,62 
OBJECT_ADD 36481915,31281492,-23.000000,62 
OBJECT_ADD 36439269,31268100,-23.000000,62 
OBJECT_ADD 36442179,31270160,-23.000000,62 
OBJECT_ADD 36438742,31259894,-23.000000,62 
OBJECT_ADD 36436717,31266518,-23.000000,62 
OBJECT_ADD 36501585,31274526,-23.000000,62 
OBJECT_ADD 36494259,31279162,-23.000000,62 
OBJECT_ADD 36459395,31278941,-23.000000,62 
OBJECT_ADD 36447160,31251011,-23.000000,62 
OBJECT_ADD 36442651,31279955,-66.000000,63 
OBJECT_ADD 36478759,31273925,-77.000000,63 
OBJECT_ADD 36482862,31280492,0.000000,63 
OBJECT_ADD 36464842,31288968,-23.000000,62 
OBJECT_ADD 36468983,31259920,-23.000000,62 
OBJECT_ADD 36457004,31270022,-23.000000,62 
OBJECT_ADD 36455263,31276793,-23.000000,62 
OBJECT_ADD 36453718,31302253,-23.000000,62 
OBJECT_ADD 36473364,31285178,-23.000000,62 
OBJECT_ADD 36454079,31289999,-23.000000,62 
OBJECT_ADD 36491496,31300181,-23.000000,62 
OBJECT_ADD 36489659,31304240,-23.000000,62 
OBJECT_ADD 36492056,31294975,-23.000000,62 
OBJECT_ADD 36456014,31284885,-23.000000,62 
OBJECT_ADD 36456468,31281056,-23.000000,62 
OBJECT_ADD 36456033,31262977,-23.000000,62 
OBJECT_ADD 36467362,31314560,-66.000000,63 
OBJECT_ADD 36496849,31242660,-77.000000,63 
OBJECT_ADD 36504809,31272660,0.000000,63 
OBJECT_ADD 36458212,31265850,-23.000000,62 
OBJECT_ADD 36465466,31264687,-23.000000,62 
OBJECT_ADD 36463188,31249933,-23.000000,62 
OBJECT_ADD 36467476,31249357,-23.000000,62 
OBJECT_ADD 36468726,31253421,-23.000000,62 
OBJECT_ADD 36472385,31256075,-23.000000,62 
OBJECT_ADD 36476710,31255977,-23.000000,62 
OBJECT_ADD 36474868,31259580,-23.000000,62 
OBJECT_ADD 36462040,31268244,-23.000000,62 
OBJECT_ADD 36497233,31254782,-23.000000,62 
OBJECT_ADD 36490388,31267408,-23.000000,62 
OBJECT_ADD 36465355,31267839,-23.000000,62 
OBJECT_ADD 36460488,31311649,-23.000000,62 
OBJECT_ADD 36490114,31250527,-66.000000,63 
OBJECT_ADD 36491283,31252744,-77.000000,63 
OBJECT_ADD 36483288,31263562,0.000000,63 
OBJECT_ADD 36485956,31321031,0.000000,62 
OBJECT_ADD 36505197,31321112,0.000000,62 
OBJECT_ADD 36519389,31313024,0.000000,62 
OBJECT_ADD 36513423,31317524,0.000000,62 
OBJECT_ADD 36505582,31314787,0.000000,62 
OBJECT_ADD 36496526,31311709,0.000000,62 
OBJECT_ADD 36504660,31289865,0.000000,62 
OBJECT_ADD 36509541,31278383,0.000000,62 
OBJECT_ADD 36510590,31271634,0.000000,62 
OBJECT_ADD 36456484,31293312,0.000000,62 
OBJECT_ADD 36486133,31287502,0.000000,62 
OBJECT_ADD 36454443,31299023,0.000000,62 
OBJECT_ADD 36492291,31327875,0.000000,62 
OBJECT_ADD 36515595,31282068,0.000000,62 
OBJECT_ADD 36512581,31294967,0.000000,62 
OBJECT_ADD 36526224,31309282,0.000000,62 
OBJECT_ADD 36501690,31317375,0.000000,62 
OBJECT_ADD 36516357,31314308,0.000000,62 
OBJECT_ADD 36536020,31276448,0.000000,62 
OBJECT_ADD 36509642,31298805,0.000000,62 
OBJECT_ADD 36512914,31302687,0.000000,62 
OBJECT_ADD 36521956,31305825,0.000000,62 
OBJECT_ADD 36540777,31300415,0.000000,62 
OBJECT_ADD 36533295,31274639,0.000000,62 
OBJECT_ADD 36527728,31272955,0.000000,62 
OBJECT_ADD 36509050,31284972,0.000000,62 
OBJECT_ADD 36523510,31268763,0.000000,62 
OBJECT_ADD 36488263,31301149,0.000000,62 
OBJECT_ADD 36515644,31271342,0.000000,62 
OBJECT_ADD 36498125,31264400,0.000000,62 
OBJECT_ADD 36486113,31242089,0.000000,62 
OBJECT_ADD 36493089,31240936,0.000000,62 
OBJECT_ADD 36490564,31233902,0.000000,62 
OBJECT_ADD 36497251,31236872,0.000000,62 
OBJECT_ADD 36499745,31235253,0.000000,62 
OBJECT_ADD 36517988,31267686,0.000000,62 
OBJECT_ADD 36511768,31261646,0.000000,62 
OBJECT_ADD 36508185,31251721,0.000000,62 
OBJECT_ADD 36526585,31246462,0.000000,62 
OBJECT_ADD 36553917,31088451,-89.000000,62 
OBJECT_ADD 36558526,31092792,-89.000000,62 
OBJECT_ADD 36464586,31148412,0.000000,62 
OBJECT_ADD 36499563,31099871,0.000000,62 
OBJECT_ADD 36423728,31076308,0.000000,62 
OBJECT_ADD 36439835,31069917,0.000000,62 
OBJECT_ADD 36427924,31076135,0.000000,62 
OBJECT_ADD 36451906,31081182,0.000000,62 
OBJECT_ADD 36454197,31075776,0.000000,62 
OBJECT_ADD 36448371,31071412,0.000000,62 
OBJECT_ADD 36444245,31075454,0.000000,62 
OBJECT_ADD 36456445,31070958,0.000000,62 
OBJECT_ADD 36440437,31074420,0.000000,62 
OBJECT_ADD 36424288,31070772,0.000000,62 
OBJECT_ADD 36469969,31147944,0.000000,62 
OBJECT_ADD 36503654,31077810,-112.000000,62 
OBJECT_ADD 36495423,31092397,-112.000000,62 
OBJECT_ADD 36501188,31093253,-112.000000,62 
OBJECT_ADD 36531783,31087863,-112.000000,62 
OBJECT_ADD 36526363,31091465,-112.000000,62 
OBJECT_ADD 36529354,31098208,-112.000000,62 
OBJECT_ADD 36524991,31098880,-112.000000,62 
OBJECT_ADD 36509753,31085116,-112.000000,62 
OBJECT_ADD 36507280,31084524,-112.000000,62 
OBJECT_ADD 36523489,31104471,-112.000000,62 
OBJECT_ADD 36514492,31111095,-112.000000,62 
OBJECT_ADD 36512931,31081728,-112.000000,62 
OBJECT_ADD 36520025,31107920,-112.000000,62 
OBJECT_ADD 36495841,31091662,-155.000000,63 
OBJECT_ADD 36488672,31122837,-166.000000,63 
OBJECT_ADD 36499528,31100687,-89.000000,63 
OBJECT_ADD 36500490,31121356,-89.000000,62 
OBJECT_ADD 36510260,31120717,-89.000000,62 
OBJECT_ADD 36564689,31106119,-89.000000,62 
OBJECT_ADD 36562551,31107814,-89.000000,62 
OBJECT_ADD 36472761,31098375,-89.000000,62 
OBJECT_ADD 36477366,31102117,-89.000000,62 
OBJECT_ADD 36551938,31086337,-89.000000,62 
OBJECT_ADD 36534424,31081981,-89.000000,62 
OBJECT_ADD 36508520,31079367,-89.000000,62 
OBJECT_ADD 36517196,31113425,-89.000000,62 
OBJECT_ADD 36513660,31116525,-89.000000,62 
OBJECT_ADD 36520405,31114259,-89.000000,62 
OBJECT_ADD 36522333,31124137,-89.000000,62 
OBJECT_ADD 36518224,31083781,-89.000000,62 
OBJECT_ADD 36484422,31119184,-89.000000,62 
OBJECT_ADD 36489339,31114554,-89.000000,62 
OBJECT_ADD 36488391,31118493,-89.000000,62 
OBJECT_ADD 36488709,31097044,-89.000000,62 
OBJECT_ADD 36480882,31094431,-89.000000,62 
OBJECT_ADD 36460771,31136320,-89.000000,62 
OBJECT_ADD 36523838,31081614,-89.000000,62 
OBJECT_ADD 36511857,31113177,-89.000000,62 
OBJECT_ADD 36461097,31115302,-89.000000,62 
OBJECT_ADD 36472471,31118249,-89.000000,62 
OBJECT_ADD 36472521,31109282,-89.000000,62 
OBJECT_ADD 36532200,31083963,-89.000000,62 
OBJECT_ADD 36515549,31126983,-89.000000,62 
OBJECT_ADD 36494484,31106709,-89.000000,62 
OBJECT_ADD 36534367,31129649,-89.000000,62 
OBJECT_ADD 36524920,31120804,-89.000000,62 
OBJECT_ADD 36526153,31125289,-89.000000,62 
OBJECT_ADD 36498036,31121822,-89.000000,62 
OBJECT_ADD 36505336,31125906,-89.000000,62 
OBJECT_ADD 36486148,31083195,-89.000000,62 
OBJECT_ADD 36484656,31136557,-89.000000,62 
OBJECT_ADD 36549775,31146833,-89.000000,62 
OBJECT_ADD 36549554,31151159,-89.000000,62 
OBJECT_ADD 36506774,31151261,-89.000000,62 
OBJECT_ADD 36495813,31152013,-89.000000,62 
OBJECT_ADD 36532538,31148147,-89.000000,62 
OBJECT_ADD 36517438,31141752,-89.000000,62 
OBJECT_ADD 36513279,31146997,-89.000000,62 
OBJECT_ADD 36464095,31149639,-89.000000,62 
OBJECT_ADD 36468193,31148688,-89.000000,62 
OBJECT_ADD 36504180,31133091,-89.000000,62 
OBJECT_ADD 36521559,31135971,-89.000000,62 
OBJECT_ADD 36524316,31140312,-89.000000,62 
OBJECT_ADD 36531451,31138637,-89.000000,62 
OBJECT_ADD 36533587,31149740,-89.000000,62 
OBJECT_ADD 36537376,31180364,-89.000000,62 
OBJECT_ADD 36373247,31498879,-23.000000,62 
OBJECT_ADD 36382191,31491528,-23.000000,62 
OBJECT_ADD 36406084,31520469,-23.000000,62 
OBJECT_ADD 36403205,31521736,-23.000000,62 
OBJECT_ADD 36399016,31521402,-23.000000,62 
OBJECT_ADD 36384433,31499274,-23.000000,62 
OBJECT_ADD 36391695,31489747,-23.000000,62 
OBJECT_ADD 36374482,31495236,-23.000000,62 
OBJECT_ADD 36396966,31505460,-23.000000,62 
OBJECT_ADD 36398642,31503168,-23.000000,62 
OBJECT_ADD 36412400,31491297,-23.000000,62 
OBJECT_ADD 36402007,31477213,-23.000000,62 
OBJECT_ADD 36387810,31491130,-23.000000,62 
OBJECT_ADD 36363260,31525177,-66.000000,63 
OBJECT_ADD 36378843,31478528,-77.000000,63 
OBJECT_ADD 36403716,31469731,0.000000,63 
OBJECT_ADD 36389584,31534569,-23.000000,62 
OBJECT_ADD 36383204,31531948,-23.000000,62 
OBJECT_ADD 36366176,31491243,-23.000000,62 
OBJECT_ADD 36361007,31487363,-23.000000,62 
OBJECT_ADD 36375095,31524344,-23.000000,62 
OBJECT_ADD 36370677,31502818,-23.000000,62 
OBJECT_ADD 36372157,31494869,-23.000000,62 
OBJECT_ADD 36399496,31490465,-23.000000,62 
OBJECT_ADD 36402426,31479321,-23.000000,62 
OBJECT_ADD 36404510,31466872,-23.000000,62 
OBJECT_ADD 36405201,31486199,-23.000000,62 
OBJECT_ADD 36401500,31494471,-23.000000,62 
OBJECT_ADD 36406888,31500322,-23.000000,62 
OBJECT_ADD 36368155,31510229,-66.000000,63 
OBJECT_ADD 36352277,31530415,-77.000000,63 
OBJECT_ADD 36377176,31548885,0.000000,63 
OBJECT_ADD 36383373,31537399,-23.000000,62 
OBJECT_ADD 36369255,31546340,-23.000000,62 
OBJECT_ADD 36421620,31518349,-23.000000,62 
OBJECT_ADD 36422802,31523569,-23.000000,62 
OBJECT_ADD 36400676,31534642,-23.000000,62 
OBJECT_ADD 36393862,31530926,-23.000000,62 
OBJECT_ADD 36378828,31541874,-23.000000,62 
OBJECT_ADD 36359580,31488301,-23.000000,62 
OBJECT_ADD 36367943,31549050,-23.000000,62 
OBJECT_ADD 36367959,31535131,-23.000000,62 
OBJECT_ADD 36365163,31543485,-23.000000,62 
OBJECT_ADD 36373164,31543035,-23.000000,62 
OBJECT_ADD 36368503,31517719,-66.000000,63 
OBJECT_ADD 36366166,31514438,-77.000000,63 
OBJECT_ADD 36358496,31536085,0.000000,63 
OBJECT_ADD 36416345,31504236,-23.000000,62 
OBJECT_ADD 36412005,31464902,-23.000000,62 
OBJECT_ADD 36379394,31478574,-23.000000,62 
OBJECT_ADD 36408196,31466293,-23.000000,62 
OBJECT_ADD 36410549,31515426,-23.000000,62 
OBJECT_ADD 36405746,31509292,-23.000000,62 
OBJECT_ADD 36351564,31511797,-23.000000,62 
OBJECT_ADD 36391520,31480902,-23.000000,62 
OBJECT_ADD 36375814,31466152,-23.000000,62 
OBJECT_ADD 36379908,31469312,-23.000000,62 
OBJECT_ADD 36381490,31471581,-23.000000,62 
OBJECT_ADD 36408459,31497547,-23.000000,62 
OBJECT_ADD 36389086,31479516,-23.000000,62 
OBJECT_ADD 36367198,31474960,-77.000000,63 
OBJECT_ADD 36367068,31509281,0.000000,63 
OBJECT_ADD 36374736,31537639,-23.000000,62 
OBJECT_ADD 36380702,31526553,-23.000000,62 
OBJECT_ADD 36385510,31536850,-23.000000,62 
OBJECT_ADD 36407864,31520851,-23.000000,62 
OBJECT_ADD 36398746,31527784,-23.000000,62 
OBJECT_ADD 36412637,31535855,-23.000000,62 
OBJECT_ADD 36416413,31460639,-23.000000,62 
OBJECT_ADD 36423291,31460899,-23.000000,62 
OBJECT_ADD 36405545,31457704,-23.000000,62 
OBJECT_ADD 36428405,31460605,-23.000000,62 
OBJECT_ADD 36424287,31472145,-23.000000,62 
OBJECT_ADD 36368186,31538194,-23.000000,62 
OBJECT_ADD 36379005,31575365,-23.000000,62 
OBJECT_ADD 36389258,31523818,-66.000000,63 
OBJECT_ADD 36378989,31549172,-77.000000,63 
OBJECT_ADD 36367150,31531449,0.000000,63 
OBJECT_ADD 36375589,31573284,-23.000000,62 
OBJECT_ADD 36352891,31557408,-23.000000,62 
OBJECT_ADD 36350547,31560069,-23.000000,62 
OBJECT_ADD 36385289,31531810,-23.000000,62 
OBJECT_ADD 36350635,31568275,-23.000000,62 
OBJECT_ADD 36357423,31564503,-23.000000,62 
OBJECT_ADD 36368136,31549478,-23.000000,62 
OBJECT_ADD 36362430,31558030,-23.000000,62 
OBJECT_ADD 36363981,31546251,-23.000000,62 
OBJECT_ADD 36359365,31549060,-23.000000,62 
OBJECT_ADD 36356862,31551761,-23.000000,62 
OBJECT_ADD 36359789,31534119,-23.000000,62 
OBJECT_ADD 36365645,31538152,-23.000000,62 
OBJECT_ADD 36379148,31548809,-66.000000,63 
OBJECT_ADD 36424340,31482219,-77.000000,63 
OBJECT_ADD 36405401,31548256,0.000000,63 
OBJECT_ADD 36432763,31466924,-23.000000,62 
OBJECT_ADD 36415469,31476766,-23.000000,62 
OBJECT_ADD 36400334,31518934,-23.000000,62 
OBJECT_ADD 36390094,31529629,-23.000000,62 
OBJECT_ADD 36352605,31528977,-23.000000,62 
OBJECT_ADD 36352018,31537651,-23.000000,62 
OBJECT_ADD 36362406,31540562,-23.000000,62 
OBJECT_ADD 36371686,31535735,-23.000000,62 
OBJECT_ADD 36390762,31539081,-23.000000,62 
OBJECT_ADD 36404958,31549586,-23.000000,62 
OBJECT_ADD 36371146,31584379,-23.000000,62 
OBJECT_ADD 36367826,31585314,-23.000000,62 
OBJECT_ADD 36379590,31581343,-23.000000,62 
OBJECT_ADD 36373216,31577241,-66.000000,63 
OBJECT_ADD 36381518,31556424,-77.000000,63 
OBJECT_ADD 36402781,31551191,0.000000,63 
OBJECT_ADD 36376832,31494100,-23.000000,62 
OBJECT_ADD 36371804,31511123,-23.000000,62 
OBJECT_ADD 36371904,31518455,-23.000000,62 
OBJECT_ADD 36369742,31541008,-23.000000,62 
OBJECT_ADD 36412637,31567263,-23.000000,62 
OBJECT_ADD 36422423,31551620,-23.000000,62 
OBJECT_ADD 36414062,31510632,-23.000000,62 
OBJECT_ADD 36424013,31517917,-23.000000,62 
OBJECT_ADD 36408982,31488190,-23.000000,62 
OBJECT_ADD 36405518,31493613,-23.000000,62 
OBJECT_ADD 36396511,31527575,-23.000000,62 
OBJECT_ADD 36404840,31492071,-23.000000,62 
OBJECT_ADD 36401261,31497434,-23.000000,62 
OBJECT_ADD 36385878,31505413,-66.000000,63 
OBJECT_ADD 36370733,31511237,-77.000000,63 
OBJECT_ADD 36403216,31498539,0.000000,63 
OBJECT_ADD 36336863,31497458,-23.000000,62 
OBJECT_ADD 36712818,31259653,-23.000000,62 
OBJECT_ADD 36727260,31268137,-23.000000,62 
OBJECT_ADD 36728216,31262388,-23.000000,62 
OBJECT_ADD 36718132,31240787,-23.000000,62 
OBJECT_ADD 36720229,31253683,-23.000000,62 
OBJECT_ADD 36717297,31257258,-23.000000,62 
OBJECT_ADD 36709667,31227031,-23.000000,62 
OBJECT_ADD 36746288,31249398,-23.000000,62 
OBJECT_ADD 36716897,31250446,-23.000000,62 
OBJECT_ADD 36743210,31243811,-23.000000,62 
OBJECT_ADD 36726532,31267707,-66.000000,63 
OBJECT_ADD 36735620,31264177,0.000000,63 
OBJECT_ADD 36710110,31259057,0.000000,62 
OBJECT_ADD 36707237,31247867,0.000000,62 
OBJECT_ADD 36708997,31240382,0.000000,62 
OBJECT_ADD 36709876,31237187,0.000000,62 
OBJECT_ADD 36708839,31245129,0.000000,62 
OBJECT_ADD 36709995,31252928,0.000000,62 
OBJECT_ADD 36714306,31231291,0.000000,62 
OBJECT_ADD 36714459,31254814,0.000000,62 
OBJECT_ADD 36748664,31246734,0.000000,62 
OBJECT_ADD 36751675,31250466,0.000000,62 
OBJECT_ADD 36749554,31243539,0.000000,62 
OBJECT_ADD 36749761,31257105,0.000000,62 
OBJECT_ADD 36706175,31273836,0.000000,62 
OBJECT_ADD 36731189,31277682,0.000000,62 
OBJECT_ADD 36733490,31276101,0.000000,62 
OBJECT_ADD 36728053,31282225,0.000000,62 
OBJECT_ADD 36706804,31269095,0.000000,62 
OBJECT_ADD 36703704,31254174,0.000000,62 
OBJECT_ADD 36703044,31268693,0.000000,62 
OBJECT_ADD 36742226,31247584,0.000000,62 
OBJECT_ADD 36751257,31253693,0.000000,62 
OBJECT_ADD 36742377,31269570,0.000000,62 
OBJECT_ADD 36717896,31277251,0.000000,62 
OBJECT_ADD 36815942,31227727,0.000000,62 
OBJECT_ADD 36944067,31585932,-12.000000,62 
OBJECT_ADD 36949703,31565379,101.000000,62 
OBJECT_ADD 36945662,31554600,101.000000,62 
OBJECT_ADD 36948876,31559161,101.000000,62 
OBJECT_ADD 36952213,31547981,101.000000,62 
OBJECT_ADD 36945232,31531265,101.000000,62 
OBJECT_ADD 36953811,31569978,78.000000,62 
OBJECT_ADD 36947374,31542689,78.000000,62 
OBJECT_ADD 36943981,31541257,78.000000,62 
OBJECT_ADD 36949043,31545947,78.000000,62 
OBJECT_ADD 36953783,31550487,78.000000,62 
OBJECT_ADD 36961051,31582458,101.000000,63 
OBJECT_ADD 36958417,31563072,101.000000,62 
OBJECT_ADD 36950251,31562839,101.000000,62 
OBJECT_ADD 36955222,31552616,101.000000,62 
OBJECT_ADD 36943109,31550204,-12.000000,62 
OBJECT_ADD 36950227,31568462,-12.000000,62 
OBJECT_ADD 36942882,31582226,-12.000000,62 
OBJECT_ADD 36951362,31576225,-12.000000,62 
OBJECT_ADD 36925290,31571668,-12.000000,62 
OBJECT_ADD 36941223,31612842,-12.000000,62 
OBJECT_ADD 36936748,31616887,-12.000000,62 
OBJECT_ADD 36949176,31601852,-12.000000,62 
OBJECT_ADD 36929030,31590987,-12.000000,62 
OBJECT_ADD 36931677,31593672,-12.000000,62 
OBJECT_ADD 36952147,31611039,-12.000000,62 
OBJECT_ADD 36927952,31643212,-12.000000,62 
OBJECT_ADD 36945266,31647717,-55.000000,63 
OBJECT_ADD 36957997,31608974,-12.000000,62 
OBJECT_ADD 36960610,31611805,-12.000000,62 
OBJECT_ADD 36963886,31650942,-12.000000,62 
OBJECT_ADD 36913440,31600118,-55.000000,63 
OBJECT_ADD 36932869,31655360,11.000000,63 
OBJECT_ADD 36958926,31619864,-12.000000,62 
OBJECT_ADD 36956521,31631153,-12.000000,62 
OBJECT_ADD 36951812,31655899,-12.000000,62 
OBJECT_ADD 36946778,31659946,-12.000000,62 
OBJECT_ADD 36943235,31663803,-12.000000,62 
OBJECT_ADD 36964623,31677071,-12.000000,62 
OBJECT_ADD 36955994,31655157,-12.000000,62 
OBJECT_ADD 36959577,31658089,-12.000000,62 
OBJECT_ADD 36958192,31635579,-12.000000,62 
OBJECT_ADD 36958112,31628688,-12.000000,62 
OBJECT_ADD 36943995,31621609,-12.000000,62 
OBJECT_ADD 36938566,31652768,-55.000000,63 
OBJECT_ADD 36931041,31634619,-66.000000,63 
OBJECT_ADD 37004953,31577640,78.000000,62 
OBJECT_ADD 36969836,31571312,101.000000,62 
OBJECT_ADD 36967685,31576090,101.000000,62 
OBJECT_ADD 37016775,31586818,101.000000,62 
OBJECT_ADD 37009609,31583803,101.000000,62 
OBJECT_ADD 37011083,31582865,-66.000000,63 
OBJECT_ADD 36998575,31577573,11.000000,63 
OBJECT_ADD 36974335,31585315,-66.000000,63 
OBJECT_ADD 37020002,31573766,78.000000,62 
OBJECT_ADD 37020180,31587764,101.000000,62 
OBJECT_ADD 37019565,31541418,101.000000,62 
OBJECT_ADD 37014742,31530651,101.000000,62 
OBJECT_ADD 36981951,31532800,101.000000,62 
OBJECT_ADD 36998170,31546967,101.000000,62 
OBJECT_ADD 36979351,31560805,101.000000,62 
OBJECT_ADD 36977110,31550938,101.000000,62 
OBJECT_ADD 36979398,31554799,101.000000,62 
OBJECT_ADD 36961160,31549244,101.000000,62 
OBJECT_ADD 36988861,31551388,78.000000,62 
OBJECT_ADD 36981231,31539161,78.000000,62 
OBJECT_ADD 36964384,31547352,78.000000,62 
OBJECT_ADD 36967029,31544479,78.000000,62 
OBJECT_ADD 36975241,31547394,78.000000,62 
OBJECT_ADD 36982506,31571888,35.000000,63 
OBJECT_ADD 36982647,31542227,101.000000,62 
OBJECT_ADD 37004481,31543240,101.000000,62 
OBJECT_ADD 36992918,31571915,101.000000,62 
OBJECT_ADD 37015358,31559872,101.000000,62 
OBJECT_ADD 37013089,31562746,101.000000,62 
OBJECT_ADD 36983409,31558699,101.000000,62 
OBJECT_ADD 36976468,31564244,101.000000,62 
OBJECT_ADD 36980152,31547010,-12.000000,62 
OBJECT_ADD 37005460,31562143,-12.000000,62 
OBJECT_ADD 37016243,31557369,101.000000,62 
OBJECT_ADD 37043083,31607733,78.000000,62 
OBJECT_ADD 36998834,31618404,101.000000,62 
OBJECT_ADD 36999901,31590225,101.000000,62 
OBJECT_ADD 36988276,31591682,101.000000,62 
OBJECT_ADD 36974635,31592375,101.000000,62 
OBJECT_ADD 36982489,31605408,101.000000,62 
OBJECT_ADD 37030071,31591397,101.000000,62 
OBJECT_ADD 37021260,31594040,101.000000,62 
OBJECT_ADD 36980300,31592252,101.000000,62 
OBJECT_ADD 36987861,31629340,-12.000000,62 
OBJECT_ADD 36977944,31654559,-12.000000,62 
OBJECT_ADD 36989232,31634983,-12.000000,62 
OBJECT_ADD 36986241,31624610,-12.000000,62 
OBJECT_ADD 36974142,31638021,-55.000000,63 
OBJECT_ADD 36972698,31646843,-12.000000,62 
OBJECT_ADD 36983836,31620333,-12.000000,62 
OBJECT_ADD 36982787,31616412,-12.000000,62 
OBJECT_ADD 36981113,31664426,-66.000000,63 
OBJECT_ADD 36990996,31620849,-12.000000,62 
OBJECT_ADD 36967706,31632649,-12.000000,62 
OBJECT_ADD 36993890,31619843,-12.000000,62 
OBJECT_ADD 36971983,31640537,-12.000000,62 
OBJECT_ADD 36968120,31636104,-12.000000,62 
OBJECT_ADD 36979900,31669127,-12.000000,62 
OBJECT_ADD 36992659,31639746,-12.000000,62 
OBJECT_ADD 36993419,31654477,-12.000000,62 
OBJECT_ADD 36967480,31639542,-12.000000,62 
OBJECT_ADD 36982869,31644434,-12.000000,62 
OBJECT_ADD 36989790,31659704,-12.000000,62 
OBJECT_ADD 37002227,31633164,-55.000000,63 
OBJECT_ADD 36996591,31633883,-66.000000,63 
OBJECT_ADD 36998197,31650681,11.000000,63 
OBJECT_ADD 36974928,31601849,-12.000000,62 
OBJECT_ADD 36981975,31601501,-12.000000,62 
OBJECT_ADD 36985788,31601074,-12.000000,62 
OBJECT_ADD 37002403,31648273,-12.000000,62 
OBJECT_ADD 37010561,31636376,-12.000000,62 
OBJECT_ADD 37023493,31629994,-12.000000,62 
OBJECT_ADD 36980060,31610388,-12.000000,62 
OBJECT_ADD 36984895,31660117,-12.000000,62 
OBJECT_ADD 36986928,31597667,-12.000000,62 
OBJECT_ADD 36978170,31605382,-12.000000,62 
OBJECT_ADD 37009492,31611402,11.000000,63 
OBJECT_ADD 37017087,31633430,-12.000000,62 
OBJECT_ADD 37004663,31618276,-12.000000,62 
OBJECT_ADD 36999478,31624696,-12.000000,62 
OBJECT_ADD 37009638,31625799,-12.000000,62 
OBJECT_ADD 37006432,31625325,-12.000000,62 
OBJECT_ADD 37012953,31627337,-12.000000,62 
OBJECT_ADD 37009651,31610979,11.000000,63 
OBJECT_ADD 36992932,31599459,-12.000000,62 
OBJECT_ADD 37040682,31617426,101.000000,62 
OBJECT_ADD 37044685,31609227,101.000000,62 
OBJECT_ADD 37030285,31622273,-12.000000,62 
OBJECT_ADD 36922273,31599092,-23.000000,62 
OBJECT_ADD 36941236,31605120,-23.000000,62 
OBJECT_ADD 36923399,31640564,-23.000000,62 
OBJECT_ADD 36917865,31642000,-23.000000,62 
OBJECT_ADD 36913184,31637579,-23.000000,62 
OBJECT_ADD 36919173,31630859,-23.000000,62 
OBJECT_ADD 36918423,31625128,-23.000000,62 
OBJECT_ADD 36916128,31621089,-23.000000,62 
OBJECT_ADD 36915851,31612964,-23.000000,62 
OBJECT_ADD 36914811,31607992,-23.000000,62 
OBJECT_ADD 36919323,31619012,-23.000000,62 
OBJECT_ADD 36921498,31614162,-23.000000,62 
OBJECT_ADD 36934793,31611422,-23.000000,62 
OBJECT_ADD 36898272,31608926,-66.000000,63 
OBJECT_ADD 36904910,31610065,-77.000000,63 
OBJECT_ADD 36916999,31580242,0.000000,63 
