# Objects added on Fri Oct 26 11:58:54 2018

OBJECT_ADD 33646018,35914614,0.000000,62 
OBJECT_ADD 33649568,35915643,0.000000,62 
OBJECT_ADD 33662657,35954540,-107.000000,62 
OBJECT_ADD 33672763,35940970,-107.000000,62 
OBJECT_ADD 33664633,35966963,-107.000000,62 
OBJECT_ADD 33669143,35937011,-107.000000,62 
OBJECT_ADD 33653302,35927177,-107.000000,62 
OBJECT_ADD 33648727,35937873,-107.000000,62 
OBJECT_ADD 33636626,35986182,-150.000000,63 
OBJECT_ADD 33608351,35946549,-84.000000,63 
OBJECT_ADD 33650939,35932326,-107.000000,62 
OBJECT_ADD 33645800,35945817,-107.000000,62 
OBJECT_ADD 33640569,35997947,-107.000000,62 
OBJECT_ADD 33636481,35934964,-107.000000,62 
OBJECT_ADD 33628211,35967827,-107.000000,62 
OBJECT_ADD 33643479,35935347,-107.000000,62 
OBJECT_ADD 33644956,35941284,-107.000000,62 
OBJECT_ADD 33642378,35946764,-107.000000,62 
OBJECT_ADD 33676698,35944261,-107.000000,62 
OBJECT_ADD 33647725,35996672,-107.000000,62 
OBJECT_ADD 33648035,35989457,-107.000000,62 
OBJECT_ADD 33661810,35985086,-107.000000,62 
OBJECT_ADD 33652709,35981251,-107.000000,62 
OBJECT_ADD 33630478,35977372,-107.000000,62 
OBJECT_ADD 33635687,35988561,-107.000000,62 
OBJECT_ADD 33639907,35988711,-107.000000,62 
OBJECT_ADD 33637900,35984204,-107.000000,62 
OBJECT_ADD 33648536,35984646,-150.000000,63 
OBJECT_ADD 33648322,35933789,-161.000000,63 
OBJECT_ADD 33668924,35923789,-107.000000,62 
OBJECT_ADD 33641602,35978323,-107.000000,62 
OBJECT_ADD 33679221,35963883,-107.000000,62 
OBJECT_ADD 33644002,35974611,-107.000000,62 
OBJECT_ADD 33635197,35975292,-107.000000,62 
OBJECT_ADD 33676614,35944210,-107.000000,62 
OBJECT_ADD 33639548,35973100,-107.000000,62 
OBJECT_ADD 33642685,35971026,-107.000000,62 
OBJECT_ADD 33645586,35977166,-107.000000,62 
OBJECT_ADD 33655932,35969091,-150.000000,63 
OBJECT_ADD 33674647,35927284,-161.000000,63 
OBJECT_ADD 33667354,35943503,-84.000000,63 
OBJECT_ADD 33631696,35993118,-107.000000,62 
OBJECT_ADD 33625026,35963925,-107.000000,62 
OBJECT_ADD 33626109,35983680,-107.000000,62 
OBJECT_ADD 33637304,35944978,-107.000000,62 
OBJECT_ADD 33649181,35980430,-107.000000,62 
OBJECT_ADD 33652277,35978465,-107.000000,62 
OBJECT_ADD 33662021,35998072,-107.000000,62 
OBJECT_ADD 33653596,35996828,-107.000000,62 
OBJECT_ADD 33665488,35995638,-107.000000,62 
OBJECT_ADD 33695622,35990271,-150.000000,63 
OBJECT_ADD 33684049,35997271,-161.000000,63 
OBJECT_ADD 33664672,35996028,-84.000000,63 
OBJECT_ADD 33680298,35910872,-107.000000,62 
OBJECT_ADD 33672428,35916376,-107.000000,62 
OBJECT_ADD 33672112,35926899,-107.000000,62 
OBJECT_ADD 33672411,35934235,-107.000000,62 
OBJECT_ADD 33634231,35959955,-107.000000,62 
OBJECT_ADD 33632855,35967016,-107.000000,62 
OBJECT_ADD 33637440,35966906,-107.000000,62 
OBJECT_ADD 33641274,35924219,-107.000000,62 
OBJECT_ADD 33638268,35923079,-107.000000,62 
OBJECT_ADD 33638324,35962145,-107.000000,62 
OBJECT_ADD 33639732,35951649,-107.000000,62 
OBJECT_ADD 33654816,35922665,-107.000000,62 
OBJECT_ADD 33653864,35974981,-107.000000,62 
OBJECT_ADD 33644486,35951256,-107.000000,62 
OBJECT_ADD 33676956,35915435,-107.000000,62 
OBJECT_ADD 33681801,35916089,-107.000000,62 
OBJECT_ADD 33675922,35929427,-107.000000,62 
OBJECT_ADD 33647487,35954229,-107.000000,62 
OBJECT_ADD 33648349,35950951,-107.000000,62 
OBJECT_ADD 33663477,35978817,-107.000000,62 
OBJECT_ADD 33677742,35968187,-107.000000,62 
OBJECT_ADD 33677021,35959666,-107.000000,62 
OBJECT_ADD 33680729,35959052,-107.000000,62 
OBJECT_ADD 33656227,35977168,-107.000000,62 
OBJECT_ADD 33668867,35928799,-107.000000,62 
OBJECT_ADD 33648652,35950290,-150.000000,63 
OBJECT_ADD 33683486,35952162,-161.000000,63 
OBJECT_ADD 33664403,35971729,-84.000000,63 
OBJECT_ADD 33649577,35928497,0.000000,62 
OBJECT_ADD 33627380,35926512,0.000000,62 
OBJECT_ADD 33626365,35916408,0.000000,62 
OBJECT_ADD 33635058,35920357,0.000000,62 
OBJECT_ADD 33631315,35922301,0.000000,62 
OBJECT_ADD 33624346,35932695,0.000000,62 
OBJECT_ADD 33661149,35936263,0.000000,62 
OBJECT_ADD 33621412,35924200,0.000000,62 
OBJECT_ADD 33640112,35918005,0.000000,62 
OBJECT_ADD 33647425,35934568,0.000000,62 
OBJECT_ADD 33616461,35933739,0.000000,62 
OBJECT_ADD 33721658,35886091,450.000000,62 
OBJECT_ADD 33730010,35901054,450.000000,62 
OBJECT_ADD 33724363,35878447,450.000000,62 
OBJECT_ADD 33723471,35887108,450.000000,62 
OBJECT_ADD 33725823,35888188,450.000000,62 
OBJECT_ADD 33729385,35889496,450.000000,62 
OBJECT_ADD 33726845,35881452,427.000000,62 
OBJECT_ADD 33733525,35886532,427.000000,62 
OBJECT_ADD 33742898,35884603,427.000000,62 
OBJECT_ADD 33737971,35885587,427.000000,62 
OBJECT_ADD 33750990,35892015,427.000000,62 
OBJECT_ADD 33751113,35894952,427.000000,62 
OBJECT_ADD 33737495,35895380,373.000000,63 
OBJECT_ADD 33737404,35862949,450.000000,62 
OBJECT_ADD 33748531,35888619,450.000000,62 
OBJECT_ADD 33740895,35864282,450.000000,62 
OBJECT_ADD 33743473,35863331,450.000000,62 
OBJECT_ADD 33748800,35860335,450.000000,62 
OBJECT_ADD 33749804,35864398,450.000000,62 
OBJECT_ADD 33746347,35887263,450.000000,62 
OBJECT_ADD 33741646,35920229,450.000000,62 
OBJECT_ADD 33739878,35916771,450.000000,62 
OBJECT_ADD 33731220,35920065,450.000000,62 
OBJECT_ADD 33737200,35918332,450.000000,62 
OBJECT_ADD 33734694,35920960,450.000000,62 
OBJECT_ADD 33739440,35921813,450.000000,62 
OBJECT_ADD 33728829,35917834,450.000000,62 
OBJECT_ADD 33727169,35915366,450.000000,62 
OBJECT_ADD 33711920,35897574,450.000000,62 
OBJECT_ADD 33713842,35899852,450.000000,62 
OBJECT_ADD 33715908,35901788,450.000000,62 
OBJECT_ADD 33717511,35904720,450.000000,62 
OBJECT_ADD 33735114,35915287,450.000000,62 
OBJECT_ADD 33740424,35906704,450.000000,62 
OBJECT_ADD 33741449,35913964,450.000000,62 
OBJECT_ADD 33745894,35916716,450.000000,62 
OBJECT_ADD 33732390,35913621,450.000000,62 
OBJECT_ADD 33727901,35911930,450.000000,62 
OBJECT_ADD 33726106,35909771,450.000000,62 
OBJECT_ADD 33731891,35916546,450.000000,62 
OBJECT_ADD 33731937,35831646,0.000000,62 
OBJECT_ADD 33736155,35829211,0.000000,62 
OBJECT_ADD 33729427,35819743,0.000000,62 
OBJECT_ADD 33734095,35837475,0.000000,62 
OBJECT_ADD 33745304,35838437,0.000000,62 
OBJECT_ADD 33742231,35835111,0.000000,62 
OBJECT_ADD 33746165,35826581,0.000000,62 
OBJECT_ADD 33744442,35831839,0.000000,62 
OBJECT_ADD 33725786,35822457,0.000000,62 
OBJECT_ADD 33758618,35833035,0.000000,62 
OBJECT_ADD 33763488,35835885,0.000000,62 
OBJECT_ADD 33767289,35838939,0.000000,62 
OBJECT_ADD 33756661,35838355,0.000000,62 
OBJECT_ADD 33724711,35855901,0.000000,62 
OBJECT_ADD 33726477,35853561,0.000000,62 
OBJECT_ADD 33714338,35850191,0.000000,62 
OBJECT_ADD 33759774,35815859,0.000000,62 
OBJECT_ADD 33727606,35826492,0.000000,62 
OBJECT_ADD 33720750,35852799,0.000000,62 
OBJECT_ADD 33715838,35839337,0.000000,62 
OBJECT_ADD 33714036,35846030,0.000000,62 
OBJECT_ADD 33702759,35834580,0.000000,62 
OBJECT_ADD 33722141,35830495,0.000000,62 
OBJECT_ADD 33734635,35858602,0.000000,62 
OBJECT_ADD 33710805,35843428,0.000000,62 
OBJECT_ADD 33762821,35840201,0.000000,62 
OBJECT_ADD 33821998,35841989,0.000000,62 
OBJECT_ADD 33823646,35846758,0.000000,62 
OBJECT_ADD 33804905,35842054,0.000000,62 
OBJECT_ADD 33812587,35843872,0.000000,62 
OBJECT_ADD 33784957,35798532,0.000000,62 
OBJECT_ADD 33784418,35821635,0.000000,62 
OBJECT_ADD 33782095,35826856,0.000000,62 
OBJECT_ADD 33777435,35819265,0.000000,62 
OBJECT_ADD 33774207,35820584,0.000000,62 
OBJECT_ADD 33777194,35814071,0.000000,62 
OBJECT_ADD 33782115,35817962,0.000000,62 
OBJECT_ADD 33780351,35823303,0.000000,62 
OBJECT_ADD 33767070,35818410,0.000000,62 
OBJECT_ADD 33654482,36004957,-107.000000,62 
OBJECT_ADD 33647907,36011990,-107.000000,62 
OBJECT_ADD 33663833,35973102,-107.000000,62 
OBJECT_ADD 33646537,36007812,-107.000000,62 
OBJECT_ADD 33643688,36005045,-107.000000,62 
OBJECT_ADD 33646967,36002892,-107.000000,62 
OBJECT_ADD 33655863,36004504,-107.000000,62 
OBJECT_ADD 33659561,35997788,-107.000000,62 
OBJECT_ADD 33672929,36001049,-107.000000,62 
OBJECT_ADD 33678237,36000048,-107.000000,62 
OBJECT_ADD 33682097,35954763,-107.000000,62 
OBJECT_ADD 33667894,35999806,-107.000000,62 
OBJECT_ADD 33765629,35927571,450.000000,62 
OBJECT_ADD 33754363,35933000,450.000000,62 
OBJECT_ADD 33757430,35933582,427.000000,62 
OBJECT_ADD 33772674,35879126,450.000000,62 
OBJECT_ADD 33763615,35909540,427.000000,62 
OBJECT_ADD 33781474,35880112,427.000000,62 
OBJECT_ADD 33756947,35888326,427.000000,62 
OBJECT_ADD 33755555,35895296,427.000000,62 
OBJECT_ADD 33755754,35892346,427.000000,62 
OBJECT_ADD 33753272,35889590,427.000000,62 
OBJECT_ADD 33768097,35880977,384.000000,63 
OBJECT_ADD 33755428,35908496,450.000000,63 
OBJECT_ADD 33751647,35867774,450.000000,62 
OBJECT_ADD 33779711,35875942,450.000000,62 
OBJECT_ADD 33790512,35884176,450.000000,62 
OBJECT_ADD 33795207,35882473,450.000000,62 
OBJECT_ADD 33800357,35881227,450.000000,62 
OBJECT_ADD 33776523,35879571,450.000000,62 
OBJECT_ADD 33760516,35965085,450.000000,62 
OBJECT_ADD 33761702,35968470,450.000000,62 
OBJECT_ADD 33765305,35968863,450.000000,62 
OBJECT_ADD 33778150,35870676,450.000000,62 
OBJECT_ADD 33747666,35971184,450.000000,62 
OBJECT_ADD 33747626,35978156,450.000000,62 
OBJECT_ADD 33744919,35973472,450.000000,62 
OBJECT_ADD 33744150,35969331,450.000000,62 
OBJECT_ADD 33743796,35965603,450.000000,62 
OBJECT_ADD 33805150,35924369,450.000000,62 
OBJECT_ADD 33804842,35927687,450.000000,62 
OBJECT_ADD 33802651,35930198,450.000000,62 
OBJECT_ADD 33744714,35959366,450.000000,62 
OBJECT_ADD 33744424,35961764,450.000000,62 
OBJECT_ADD 33777101,35951504,450.000000,62 
OBJECT_ADD 33746815,35990262,450.000000,62 
OBJECT_ADD 33780777,35935709,450.000000,62 
OBJECT_ADD 33787131,35920889,450.000000,62 
OBJECT_ADD 33786374,35923021,450.000000,62 
OBJECT_ADD 33785970,35925721,450.000000,62 
OBJECT_ADD 33785610,35927860,450.000000,62 
OBJECT_ADD 33786396,35930225,450.000000,62 
OBJECT_ADD 33755917,35924488,450.000000,62 
OBJECT_ADD 33754792,35927995,450.000000,62 
OBJECT_ADD 33767448,35949447,450.000000,62 
OBJECT_ADD 33768010,35939444,450.000000,62 
OBJECT_ADD 33762712,35937737,450.000000,62 
OBJECT_ADD 33761224,35945812,450.000000,62 
OBJECT_ADD 33760617,35948226,450.000000,62 
OBJECT_ADD 33787835,35917890,450.000000,62 
OBJECT_ADD 33774908,35948741,450.000000,62 
OBJECT_ADD 33774657,35951958,450.000000,62 
OBJECT_ADD 33780413,35956807,450.000000,62 
OBJECT_ADD 33777131,35945487,450.000000,62 
OBJECT_ADD 33778157,35882939,450.000000,62 
OBJECT_ADD 33783630,35886512,450.000000,62 
OBJECT_ADD 33788112,35887794,450.000000,62 
OBJECT_ADD 33792185,35887694,450.000000,62 
OBJECT_ADD 33797364,35887750,450.000000,62 
OBJECT_ADD 33801632,35885346,450.000000,62 
OBJECT_ADD 33809019,35882365,450.000000,62 
OBJECT_ADD 33787114,35863249,450.000000,62 
OBJECT_ADD 33788575,35865364,450.000000,62 
OBJECT_ADD 33767590,35902102,450.000000,62 
OBJECT_ADD 33767590,35905670,450.000000,62 
OBJECT_ADD 33778248,35908200,450.000000,62 
OBJECT_ADD 33759786,35881432,450.000000,62 
OBJECT_ADD 33726392,35983019,0.000000,62 
OBJECT_ADD 33728748,35957389,0.000000,62 
OBJECT_ADD 33727030,35951107,0.000000,62 
OBJECT_ADD 33706354,35974469,0.000000,62 
OBJECT_ADD 33702489,35971823,0.000000,62 
OBJECT_ADD 33724383,35984188,0.000000,62 
OBJECT_ADD 33716753,35968209,0.000000,62 
OBJECT_ADD 33709243,35934697,0.000000,62 
OBJECT_ADD 33705594,35938014,0.000000,62 
OBJECT_ADD 33728123,35939747,0.000000,62 
OBJECT_ADD 33721254,35960788,0.000000,62 
OBJECT_ADD 33705431,35933502,0.000000,62 
OBJECT_ADD 33717894,35978930,0.000000,62 
OBJECT_ADD 33896736,35796083,91.000000,62 
OBJECT_ADD 33885570,35801705,91.000000,62 
OBJECT_ADD 33888646,35802233,68.000000,62 
OBJECT_ADD 33902935,35747521,91.000000,62 
OBJECT_ADD 33852052,35755374,91.000000,62 
OBJECT_ADD 33860664,35770193,91.000000,62 
OBJECT_ADD 33854622,35747689,91.000000,62 
OBJECT_ADD 33853880,35756361,91.000000,62 
OBJECT_ADD 33856250,35757400,91.000000,62 
OBJECT_ADD 33859836,35758648,91.000000,62 
OBJECT_ADD 33894410,35778090,68.000000,62 
OBJECT_ADD 33911750,35748353,68.000000,62 
OBJECT_ADD 33887373,35756992,68.000000,62 
OBJECT_ADD 33886103,35763989,68.000000,62 
OBJECT_ADD 33886252,35761035,68.000000,62 
OBJECT_ADD 33857154,35750646,68.000000,62 
OBJECT_ADD 33863924,35755610,68.000000,62 
OBJECT_ADD 33873258,35753517,68.000000,62 
OBJECT_ADD 33868352,35754587,68.000000,62 
OBJECT_ADD 33883720,35758323,68.000000,62 
OBJECT_ADD 33881484,35760787,68.000000,62 
OBJECT_ADD 33881655,35763723,68.000000,62 
OBJECT_ADD 33898392,35749455,25.000000,63 
OBJECT_ADD 33868047,35764387,14.000000,63 
OBJECT_ADD 33886208,35777188,91.000000,63 
OBJECT_ADD 33867391,35731962,91.000000,62 
OBJECT_ADD 33878962,35757435,91.000000,62 
OBJECT_ADD 33870905,35733232,91.000000,62 
OBJECT_ADD 33873464,35732236,91.000000,62 
OBJECT_ADD 33878740,35729151,91.000000,62 
OBJECT_ADD 33879815,35733196,91.000000,62 
OBJECT_ADD 33881713,35736537,91.000000,62 
OBJECT_ADD 33909916,35744216,91.000000,62 
OBJECT_ADD 33920860,35752259,91.000000,62 
OBJECT_ADD 33925526,35750471,91.000000,62 
OBJECT_ADD 33930650,35749139,91.000000,62 
OBJECT_ADD 33906793,35747900,91.000000,62 
OBJECT_ADD 33876755,35756117,91.000000,62 
OBJECT_ADD 33872629,35789160,91.000000,62 
OBJECT_ADD 33870803,35785732,91.000000,62 
OBJECT_ADD 33914104,35817609,91.000000,62 
OBJECT_ADD 33913539,35821997,91.000000,62 
OBJECT_ADD 33910615,35819229,91.000000,62 
OBJECT_ADD 33862203,35789178,91.000000,62 
OBJECT_ADD 33868152,35787340,91.000000,62 
OBJECT_ADD 33865692,35790011,91.000000,62 
OBJECT_ADD 33870454,35790783,91.000000,62 
OBJECT_ADD 33909528,35739248,91.000000,62 
OBJECT_ADD 33859775,35786989,91.000000,62 
OBJECT_ADD 33858070,35784549,91.000000,62 
OBJECT_ADD 33839117,35802579,91.000000,62 
OBJECT_ADD 33925992,35817879,91.000000,62 
OBJECT_ADD 33925109,35824723,91.000000,62 
OBJECT_ADD 33860439,35809677,91.000000,62 
OBJECT_ADD 33845806,35801019,91.000000,62 
OBJECT_ADD 33937139,35792455,91.000000,62 
OBJECT_ADD 33935948,35795515,91.000000,62 
OBJECT_ADD 33936418,35793968,91.000000,62 
OBJECT_ADD 33935852,35817055,91.000000,62 
OBJECT_ADD 33927948,35810451,91.000000,62 
OBJECT_ADD 33911204,35815169,91.000000,62 
OBJECT_ADD 33915459,35820842,91.000000,62 
OBJECT_ADD 33912564,35803850,91.000000,62 
OBJECT_ADD 33918119,35789025,91.000000,62 
OBJECT_ADD 33917403,35791171,91.000000,62 
OBJECT_ADD 33917043,35793879,91.000000,62 
OBJECT_ADD 33916722,35796021,91.000000,62 
OBJECT_ADD 33917547,35798374,91.000000,62 
OBJECT_ADD 33886971,35793170,91.000000,62 
OBJECT_ADD 33885912,35796693,91.000000,62 
OBJECT_ADD 33898937,35817924,91.000000,62 
OBJECT_ADD 33899326,35807910,91.000000,62 
OBJECT_ADD 33893996,35806296,91.000000,62 
OBJECT_ADD 33892649,35814398,91.000000,62 
OBJECT_ADD 33892088,35816820,91.000000,62 
OBJECT_ADD 33918773,35786015,91.000000,62 
OBJECT_ADD 33906384,35817086,91.000000,62 
OBJECT_ADD 33906191,35820307,91.000000,62 
OBJECT_ADD 33912027,35825056,91.000000,62 
OBJECT_ADD 33842555,35766565,91.000000,62 
OBJECT_ADD 33844632,35769270,91.000000,62 
OBJECT_ADD 33847166,35771190,91.000000,62 
OBJECT_ADD 33849333,35773468,91.000000,62 
OBJECT_ADD 33908552,35813792,91.000000,62 
OBJECT_ADD 33866015,35784331,91.000000,62 
OBJECT_ADD 33871170,35775660,91.000000,62 
OBJECT_ADD 33872324,35782898,91.000000,62 
OBJECT_ADD 33876816,35785573,91.000000,62 
OBJECT_ADD 33862481,35781962,91.000000,62 
OBJECT_ADD 33858782,35780957,91.000000,62 
OBJECT_ADD 33855702,35791167,91.000000,62 
OBJECT_ADD 33862811,35785649,91.000000,62 
OBJECT_ADD 33908485,35751236,91.000000,62 
OBJECT_ADD 33914019,35754714,91.000000,62 
OBJECT_ADD 33918524,35755918,91.000000,62 
OBJECT_ADD 33922593,35755750,91.000000,62 
OBJECT_ADD 33927773,35755714,91.000000,62 
OBJECT_ADD 33931997,35753235,91.000000,62 
OBJECT_ADD 33939330,35750126,91.000000,62 
OBJECT_ADD 33917096,35731396,91.000000,62 
OBJECT_ADD 33918594,35733484,91.000000,62 
OBJECT_ADD 33898252,35770583,91.000000,62 
OBJECT_ADD 33898319,35774150,91.000000,62 
OBJECT_ADD 33909017,35776494,91.000000,62 
OBJECT_ADD 33890093,35750054,91.000000,62 
OBJECT_ADD 33876224,35827439,89.000000,62 
OBJECT_ADD 33847729,35848537,89.000000,62 
OBJECT_ADD 33850986,35852068,66.000000,62 
OBJECT_ADD 33852480,35885446,89.000000,62 
OBJECT_ADD 33860568,35900556,89.000000,62 
OBJECT_ADD 33854272,35886497,89.000000,62 
OBJECT_ADD 33856607,35887618,89.000000,62 
OBJECT_ADD 33860146,35888988,89.000000,62 
OBJECT_ADD 33899359,35840286,66.000000,62 
OBJECT_ADD 33887422,35888894,66.000000,62 
OBJECT_ADD 33886211,35895243,66.000000,62 
OBJECT_ADD 33886459,35892296,66.000000,62 
OBJECT_ADD 33857743,35880901,66.000000,62 
OBJECT_ADD 33864336,35886095,66.000000,62 
OBJECT_ADD 33873739,35884331,66.000000,62 
OBJECT_ADD 33868798,35885227,66.000000,62 
OBJECT_ADD 33884022,35889499,66.000000,62 
OBJECT_ADD 33881703,35891882,66.000000,62 
OBJECT_ADD 33881774,35894823,66.000000,62 
OBJECT_ADD 33868148,35895010,12.000000,63 
OBJECT_ADD 33885853,35908440,89.000000,63 
OBJECT_ADD 33879304,35888446,89.000000,62 
OBJECT_ADD 33925841,35877915,89.000000,62 
OBJECT_ADD 33929975,35907558,89.000000,62 
OBJECT_ADD 33931248,35881958,89.000000,62 
OBJECT_ADD 33877141,35887049,89.000000,62 
OBJECT_ADD 33871866,35919929,89.000000,62 
OBJECT_ADD 33870161,35916442,89.000000,62 
OBJECT_ADD 33890488,35833381,89.000000,62 
OBJECT_ADD 33893198,35836007,89.000000,62 
OBJECT_ADD 33896273,35837164,89.000000,62 
OBJECT_ADD 33861446,35919585,89.000000,62 
OBJECT_ADD 33867412,35918070,89.000000,62 
OBJECT_ADD 33864881,35920596,89.000000,62 
OBJECT_ADD 33869551,35921532,89.000000,62 
OBJECT_ADD 33859096,35917313,89.000000,62 
OBJECT_ADD 33857805,35914806,89.000000,62 
OBJECT_ADD 33885811,35839241,89.000000,62 
OBJECT_ADD 33880027,35860782,89.000000,62 
OBJECT_ADD 33875093,35862912,89.000000,62 
OBJECT_ADD 33871355,35861209,89.000000,62 
OBJECT_ADD 33868816,35863816,89.000000,62 
OBJECT_ADD 33890014,35839507,89.000000,62 
OBJECT_ADD 33875901,35831227,89.000000,62 
OBJECT_ADD 33874093,35834323,89.000000,62 
OBJECT_ADD 33876102,35837342,89.000000,62 
OBJECT_ADD 33873317,35839294,89.000000,62 
OBJECT_ADD 33879605,35838942,89.000000,62 
OBJECT_ADD 33875880,35842885,89.000000,62 
OBJECT_ADD 33881775,35864794,89.000000,62 
OBJECT_ADD 33917036,35920183,89.000000,62 
OBJECT_ADD 33883310,35868272,89.000000,62 
OBJECT_ADD 33908810,35875076,89.000000,62 
OBJECT_ADD 33910552,35878830,89.000000,62 
OBJECT_ADD 33912039,35871517,89.000000,62 
OBJECT_ADD 33914636,35874616,89.000000,62 
OBJECT_ADD 33914843,35877966,89.000000,62 
OBJECT_ADD 33891729,35873486,89.000000,62 
OBJECT_ADD 33858872,35826161,89.000000,62 
OBJECT_ADD 33909298,35823083,89.000000,62 
OBJECT_ADD 33898609,35888887,89.000000,62 
OBJECT_ADD 33864568,35858676,89.000000,62 
OBJECT_ADD 33857026,35853217,89.000000,62 
OBJECT_ADD 33859264,35855400,89.000000,62 
OBJECT_ADD 33853339,35853158,89.000000,62 
OBJECT_ADD 33864981,35834967,89.000000,62 
OBJECT_ADD 33842539,35896756,89.000000,62 
OBJECT_ADD 33844424,35899072,89.000000,62 
OBJECT_ADD 33846458,35901042,89.000000,62 
OBJECT_ADD 33848008,35904003,89.000000,62 
OBJECT_ADD 33896963,35849023,89.000000,62 
OBJECT_ADD 33866618,35913813,89.000000,62 
OBJECT_ADD 33870881,35906388,89.000000,62 
OBJECT_ADD 33871782,35913659,89.000000,62 
OBJECT_ADD 33876175,35916491,89.000000,62 
OBJECT_ADD 33862727,35913162,89.000000,62 
OBJECT_ADD 33855821,35920597,89.000000,62 
OBJECT_ADD 33861272,35910443,89.000000,62 
OBJECT_ADD 33862177,35916080,89.000000,62 
OBJECT_ADD 33909022,35883280,89.000000,62 
OBJECT_ADD 33914432,35886949,89.000000,62 
OBJECT_ADD 33912559,35884157,89.000000,62 
OBJECT_ADD 33934202,35902318,89.000000,62 
OBJECT_ADD 33931763,35900620,89.000000,62 
OBJECT_ADD 33936423,35882781,89.000000,62 
OBJECT_ADD 33939766,35883251,89.000000,62 
OBJECT_ADD 33876685,35848118,89.000000,62 
OBJECT_ADD 33845202,35892434,89.000000,62 
OBJECT_ADD 33906517,35878694,89.000000,62 
OBJECT_ADD 33890688,35881454,89.000000,62 
OBJECT_ADD 33761187,35840071,450.000000,62 
OBJECT_ADD 33763070,35837025,450.000000,62 
OBJECT_ADD 33764187,35840969,450.000000,62 
OBJECT_ADD 33767301,35840898,450.000000,62 
OBJECT_ADD 33983422,35754512,90.000000,62 
OBJECT_ADD 33991774,35769478,90.000000,62 
OBJECT_ADD 33986125,35746873,90.000000,62 
OBJECT_ADD 33985235,35755531,90.000000,62 
OBJECT_ADD 33987584,35756610,90.000000,62 
OBJECT_ADD 33991149,35757920,90.000000,62 
OBJECT_ADD 33988607,35749875,67.000000,62 
OBJECT_ADD 33992983,35788488,90.000000,62 
OBJECT_ADD 33990592,35786258,90.000000,62 
OBJECT_ADD 33988932,35783788,90.000000,62 
OBJECT_ADD 33973682,35765995,90.000000,62 
OBJECT_ADD 33975604,35768278,90.000000,62 
OBJECT_ADD 33977671,35770212,90.000000,62 
OBJECT_ADD 33979275,35773143,90.000000,62 
OBJECT_ADD 33994155,35782044,90.000000,62 
OBJECT_ADD 33989662,35780353,90.000000,62 
OBJECT_ADD 33987869,35778195,90.000000,62 
OBJECT_ADD 33993652,35784968,90.000000,62 
OBJECT_ADD 33889768,35708221,91.000000,62 
OBJECT_ADD 33892602,35705591,91.000000,62 
OBJECT_ADD 33893786,35709519,91.000000,62 
OBJECT_ADD 33896898,35709391,91.000000,62 
OBJECT_ADD 33903608,35879370,89.000000,62 
OBJECT_ADD 33891824,35839639,89.000000,62 
OBJECT_ADD 33894740,35837109,89.000000,62 
OBJECT_ADD 33895788,35841075,89.000000,62 
OBJECT_ADD 33898901,35841057,89.000000,62 
OBJECT_ADD 33855316,35877854,89.000000,62 
OBJECT_ADD 33912389,35880514,66.000000,62 
OBJECT_ADD 33899001,35881147,23.000000,63 
OBJECT_ADD 33868627,35862584,89.000000,62 
OBJECT_ADD 33872094,35863976,89.000000,62 
OBJECT_ADD 33874684,35863072,89.000000,62 
OBJECT_ADD 33880065,35860172,89.000000,62 
OBJECT_ADD 33880998,35864250,89.000000,62 
OBJECT_ADD 33882780,35867656,89.000000,62 
OBJECT_ADD 33910698,35876312,89.000000,62 
OBJECT_ADD 33907447,35879885,89.000000,62 
OBJECT_ADD 33909699,35871171,89.000000,62 
OBJECT_ADD 33918320,35863752,89.000000,62 
OBJECT_ADD 33919743,35865890,89.000000,62 
OBJECT_ADD 34027391,35795993,90.000000,62 
OBJECT_ADD 34016126,35801425,90.000000,62 
OBJECT_ADD 34019194,35802005,67.000000,62 
OBJECT_ADD 34034436,35747548,90.000000,62 
OBJECT_ADD 34025376,35777964,67.000000,62 
OBJECT_ADD 34043239,35748536,67.000000,62 
OBJECT_ADD 34018710,35756748,67.000000,62 
OBJECT_ADD 34017318,35763719,67.000000,62 
OBJECT_ADD 34017515,35760767,67.000000,62 
OBJECT_ADD 33995285,35754955,67.000000,62 
OBJECT_ADD 34004658,35753026,67.000000,62 
OBJECT_ADD 33999733,35754011,67.000000,62 
OBJECT_ADD 34015035,35758015,67.000000,62 
OBJECT_ADD 34012755,35760439,67.000000,62 
OBJECT_ADD 34012877,35763376,67.000000,62 
OBJECT_ADD 34029860,35749401,24.000000,63 
OBJECT_ADD 33999255,35763804,13.000000,63 
OBJECT_ADD 34017191,35776920,90.000000,63 
OBJECT_ADD 33999168,35731373,90.000000,62 
OBJECT_ADD 34010294,35757044,90.000000,62 
OBJECT_ADD 34002657,35732705,90.000000,62 
OBJECT_ADD 34005234,35731755,90.000000,62 
OBJECT_ADD 34010563,35728759,90.000000,62 
OBJECT_ADD 34011567,35732822,90.000000,62 
OBJECT_ADD 34013407,35736197,90.000000,62 
OBJECT_ADD 34041473,35744365,90.000000,62 
OBJECT_ADD 34052276,35752599,90.000000,62 
OBJECT_ADD 34056969,35750894,90.000000,62 
OBJECT_ADD 34062117,35749648,90.000000,62 
OBJECT_ADD 34038284,35747993,90.000000,62 
OBJECT_ADD 34008108,35755687,90.000000,62 
OBJECT_ADD 34003409,35788653,90.000000,62 
OBJECT_ADD 34001641,35785196,90.000000,62 
OBJECT_ADD 34044380,35817822,90.000000,62 
OBJECT_ADD 34043738,35822200,90.000000,62 
OBJECT_ADD 34040861,35819381,90.000000,62 
OBJECT_ADD 33998962,35786754,90.000000,62 
OBJECT_ADD 33996455,35789382,90.000000,62 
OBJECT_ADD 34001204,35790235,90.000000,62 
OBJECT_ADD 34040384,35739241,90.000000,62 
OBJECT_ADD 34072377,35820209,90.000000,62 
OBJECT_ADD 34056262,35818298,90.000000,62 
OBJECT_ADD 34055259,35825133,90.000000,62 
OBJECT_ADD 34055009,35832926,90.000000,62 
OBJECT_ADD 34053514,35836533,90.000000,62 
OBJECT_ADD 34067851,35793073,90.000000,62 
OBJECT_ADD 34066605,35796109,90.000000,62 
OBJECT_ADD 34064415,35798620,90.000000,62 
OBJECT_ADD 34066133,35817648,90.000000,62 
OBJECT_ADD 34058348,35810906,90.000000,62 
OBJECT_ADD 34041524,35815329,90.000000,62 
OBJECT_ADD 34045676,35821076,90.000000,62 
OBJECT_ADD 34043079,35804038,90.000000,62 
OBJECT_ADD 34048893,35789313,90.000000,62 
OBJECT_ADD 34048139,35791443,90.000000,62 
OBJECT_ADD 34047780,35794109,90.000000,62 
OBJECT_ADD 34047372,35796282,90.000000,62 
OBJECT_ADD 34048159,35798648,90.000000,62 
OBJECT_ADD 34017679,35792912,90.000000,62 
OBJECT_ADD 34016555,35796415,90.000000,62 
OBJECT_ADD 34029212,35817869,90.000000,62 
OBJECT_ADD 34029774,35807867,90.000000,62 
OBJECT_ADD 34024475,35806159,90.000000,62 
OBJECT_ADD 34022984,35814235,90.000000,62 
OBJECT_ADD 34022381,35816647,90.000000,62 
OBJECT_ADD 34049597,35786315,90.000000,62 
OBJECT_ADD 34036668,35817162,90.000000,62 
OBJECT_ADD 34036420,35820381,90.000000,62 
OBJECT_ADD 34042175,35825232,90.000000,62 
OBJECT_ADD 34038893,35813908,90.000000,62 
OBJECT_ADD 33996877,35783711,90.000000,62 
OBJECT_ADD 34002185,35775127,90.000000,62 
OBJECT_ADD 34003212,35782387,90.000000,62 
OBJECT_ADD 34007656,35785138,90.000000,62 
OBJECT_ADD 34039920,35751360,90.000000,62 
OBJECT_ADD 34045393,35754933,90.000000,62 
OBJECT_ADD 34049876,35756215,90.000000,62 
OBJECT_ADD 34053948,35756118,90.000000,62 
OBJECT_ADD 34059126,35756173,90.000000,62 
OBJECT_ADD 34063408,35753678,90.000000,62 
OBJECT_ADD 34070780,35750789,90.000000,62 
OBJECT_ADD 34047928,35751533,90.000000,62 
OBJECT_ADD 33986548,35765193,90.000000,62 
OBJECT_ADD 34029353,35770525,90.000000,62 
OBJECT_ADD 34029353,35774093,90.000000,62 
OBJECT_ADD 34040009,35776623,90.000000,62 
OBJECT_ADD 34021552,35749862,90.000000,62 
OBJECT_ADD 34065179,35952220,177.000000,62 
OBJECT_ADD 34063305,35949800,177.000000,62 
OBJECT_ADD 34061721,35952000,177.000000,62 
OBJECT_ADD 34048793,35953058,177.000000,62 
OBJECT_ADD 34042905,35964488,177.000000,62 
OBJECT_ADD 34044087,35962567,177.000000,62 
OBJECT_ADD 34046120,35964895,177.000000,62 
OBJECT_ADD 34047942,35964099,177.000000,62 
OBJECT_ADD 34050668,35963119,177.000000,62 
OBJECT_ADD 34062131,35968309,177.000000,62 
OBJECT_ADD 34064743,35968547,177.000000,62 
OBJECT_ADD 34065877,35969693,177.000000,62 
OBJECT_ADD 34043035,35945859,177.000000,62 
OBJECT_ADD 34038682,35941321,177.000000,62 
OBJECT_ADD 34037980,35944087,177.000000,62 
OBJECT_ADD 34040179,35943993,177.000000,62 
OBJECT_ADD 34050782,35945181,177.000000,62 
OBJECT_ADD 34054406,35943483,177.000000,62 
OBJECT_ADD 34060925,35941014,177.000000,62 
OBJECT_ADD 34030830,35953256,177.000000,62 
OBJECT_ADD 34034139,35956525,177.000000,62 
OBJECT_ADD 34035118,35942337,177.000000,62 
OBJECT_ADD 34076162,35947804,177.000000,62 
OBJECT_ADD 34068665,35951505,177.000000,62 
OBJECT_ADD 34071467,35952698,177.000000,62 
OBJECT_ADD 34030138,35950656,177.000000,62 
OBJECT_ADD 34031529,35942592,177.000000,62 
OBJECT_ADD 34030078,35944600,177.000000,62 
OBJECT_ADD 34030154,35940034,177.000000,62 
OBJECT_ADD 34026958,35955664,177.000000,62 
OBJECT_ADD 34037137,35963050,177.000000,62 
OBJECT_ADD 34040366,35938351,177.000000,62 
OBJECT_ADD 34042873,35938686,177.000000,62 
OBJECT_ADD 34043940,35935829,177.000000,62 
OBJECT_ADD 34069076,35928251,177.000000,62 
OBJECT_ADD 34068110,35931150,177.000000,62 
OBJECT_ADD 34063794,35940922,177.000000,62 
OBJECT_ADD 34037370,35939079,177.000000,62 
OBJECT_ADD 34034149,35938955,177.000000,62 
OBJECT_ADD 34038402,35927858,177.000000,62 
OBJECT_ADD 34071105,35940124,177.000000,62 
OBJECT_ADD 34075132,35939346,177.000000,62 
OBJECT_ADD 34035629,35932993,177.000000,62 
OBJECT_ADD 34039301,35931568,177.000000,62 
OBJECT_ADD 34039632,35919841,177.000000,62 
OBJECT_ADD 34042452,35918094,177.000000,62 
OBJECT_ADD 34055783,35913867,177.000000,62 
OBJECT_ADD 34045680,35916803,177.000000,62 
OBJECT_ADD 34035861,35925176,177.000000,62 
OBJECT_ADD 34048663,35915029,177.000000,62 
OBJECT_ADD 34059113,35915963,177.000000,62 
OBJECT_ADD 34062052,35916190,177.000000,62 
OBJECT_ADD 34065428,35916736,177.000000,62 
OBJECT_ADD 34059350,35931218,177.000000,62 
OBJECT_ADD 33970063,35734035,90.000000,62 
OBJECT_ADD 33971404,35728723,90.000000,62 
OBJECT_ADD 33968460,35738061,90.000000,62 
OBJECT_ADD 33967894,35743618,90.000000,62 
OBJECT_ADD 34026594,35953564,177.000000,62 
OBJECT_ADD 34022633,35942789,177.000000,62 
OBJECT_ADD 34024224,35945707,177.000000,62 
OBJECT_ADD 34021148,35954959,177.000000,62 
OBJECT_ADD 34021488,35957009,177.000000,62 
OBJECT_ADD 33933854,35862954,0.000000,62 
OBJECT_ADD 33928427,35851685,0.000000,62 
OBJECT_ADD 33927844,35854757,-23.000000,62 
OBJECT_ADD 33982294,35869998,0.000000,62 
OBJECT_ADD 34021824,35857514,0.000000,62 
OBJECT_ADD 34020454,35861509,0.000000,62 
OBJECT_ADD 34020527,35864623,0.000000,62 
OBJECT_ADD 33975342,35818985,0.000000,62 
OBJECT_ADD 33960364,35827333,0.000000,62 
OBJECT_ADD 33982978,35821683,0.000000,62 
OBJECT_ADD 33974317,35820793,0.000000,62 
OBJECT_ADD 33973237,35823143,0.000000,62 
OBJECT_ADD 33971922,35826707,0.000000,62 
OBJECT_ADD 33951883,35860937,-23.000000,62 
OBJECT_ADD 33981313,35878787,-23.000000,62 
OBJECT_ADD 33973103,35854268,-23.000000,62 
OBJECT_ADD 33966131,35852875,-23.000000,62 
OBJECT_ADD 33969082,35853072,-23.000000,62 
OBJECT_ADD 33979979,35824167,-23.000000,62 
OBJECT_ADD 33974896,35830853,-23.000000,62 
OBJECT_ADD 33976820,35840220,-23.000000,62 
OBJECT_ADD 33975837,35835292,-23.000000,62 
OBJECT_ADD 33971834,35850593,-23.000000,62 
OBJECT_ADD 33969409,35848309,-23.000000,62 
OBJECT_ADD 33966471,35848439,-23.000000,62 
OBJECT_ADD 33980454,35865417,-66.000000,63 
OBJECT_ADD 33966046,35834813,-77.000000,63 
OBJECT_ADD 33952931,35852747,0.000000,63 
OBJECT_ADD 33998473,35834734,0.000000,62 
OBJECT_ADD 33972804,35845851,0.000000,62 
OBJECT_ADD 33997144,35838216,0.000000,62 
OBJECT_ADD 33998097,35840787,0.000000,62 
OBJECT_ADD 34001091,35846122,0.000000,62 
OBJECT_ADD 33997034,35847129,0.000000,62 
OBJECT_ADD 33993652,35848966,0.000000,62 
OBJECT_ADD 33985480,35877031,0.000000,62 
OBJECT_ADD 33977246,35887833,0.000000,62 
OBJECT_ADD 33978963,35892530,0.000000,62 
OBJECT_ADD 33979809,35897993,0.000000,62 
OBJECT_ADD 33981855,35873843,0.000000,62 
OBJECT_ADD 33974163,35843672,0.000000,62 
OBJECT_ADD 33941193,35838966,0.000000,62 
OBJECT_ADD 33944652,35837199,0.000000,62 
OBJECT_ADD 33848286,35883147,0.000000,62 
OBJECT_ADD 33822520,35917226,0.000000,62 
OBJECT_ADD 33818426,35919406,0.000000,62 
OBJECT_ADD 33940803,35829390,0.000000,62 
OBJECT_ADD 33943095,35834526,0.000000,62 
OBJECT_ADD 33940467,35832020,0.000000,62 
OBJECT_ADD 33939618,35836756,0.000000,62 
OBJECT_ADD 33990612,35875947,0.000000,62 
OBJECT_ADD 33943591,35826150,0.000000,62 
OBJECT_ADD 33946057,35824496,0.000000,62 
OBJECT_ADD 33855915,35896126,0.000000,62 
OBJECT_ADD 33838528,35861309,0.000000,62 
OBJECT_ADD 33838101,35870695,0.000000,62 
OBJECT_ADD 33838583,35866580,0.000000,62 
OBJECT_ADD 33817189,35913063,0.000000,62 
OBJECT_ADD 33936770,35903404,0.000000,62 
OBJECT_ADD 33933732,35902174,0.000000,62 
OBJECT_ADD 33931212,35899898,0.000000,62 
OBJECT_ADD 33874371,35918569,0.000000,62 
OBJECT_ADD 33827132,35916685,0.000000,62 
OBJECT_ADD 33824195,35913954,0.000000,62 
OBJECT_ADD 33827251,35912033,0.000000,62 
OBJECT_ADD 33925806,35878640,0.000000,62 
OBJECT_ADD 33940529,35884453,0.000000,62 
OBJECT_ADD 33938400,35883708,0.000000,62 
OBJECT_ADD 33935704,35883290,0.000000,62 
OBJECT_ADD 33933566,35882932,0.000000,62 
OBJECT_ADD 33931200,35883717,0.000000,62 
OBJECT_ADD 33936939,35853236,0.000000,62 
OBJECT_ADD 33933431,35852119,0.000000,62 
OBJECT_ADD 33911980,35864766,0.000000,62 
OBJECT_ADD 33921980,35865327,0.000000,62 
OBJECT_ADD 33923687,35860030,0.000000,62 
OBJECT_ADD 33915604,35858549,0.000000,62 
OBJECT_ADD 33912795,35857362,0.000000,62 
OBJECT_ADD 33943541,35885158,0.000000,62 
OBJECT_ADD 33850233,35906503,0.000000,62 
OBJECT_ADD 33830599,35916066,0.000000,62 
OBJECT_ADD 33898770,35880570,0.000000,62 
OBJECT_ADD 33963851,35809245,0.000000,62 
OBJECT_ADD 33961568,35811163,0.000000,62 
OBJECT_ADD 33960907,35813864,0.000000,62 
OBJECT_ADD 33956699,35814831,0.000000,62 
OBJECT_ADD 33880323,35907519,0.000000,62 
OBJECT_ADD 33946141,35832438,0.000000,62 
OBJECT_ADD 33954724,35837744,0.000000,62 
OBJECT_ADD 33947493,35838710,0.000000,62 
OBJECT_ADD 33944713,35843217,0.000000,62 
OBJECT_ADD 33947807,35829714,0.000000,62 
OBJECT_ADD 33949495,35825218,0.000000,62 
OBJECT_ADD 33951651,35823421,0.000000,62 
OBJECT_ADD 33944877,35829207,0.000000,62 
OBJECT_ADD 33978486,35875473,0.000000,62 
OBJECT_ADD 33974916,35880951,0.000000,62 
OBJECT_ADD 33973610,35885338,0.000000,62 
OBJECT_ADD 33973743,35889504,0.000000,62 
OBJECT_ADD 33973677,35894691,0.000000,62 
OBJECT_ADD 33985003,35819537,0.000000,62 
OBJECT_ADD 33979071,35901644,0.000000,62 
OBJECT_ADD 33999502,35880250,0.000000,62 
OBJECT_ADD 33993812,35876473,0.000000,62 
OBJECT_ADD 33959376,35864364,0.000000,62 
OBJECT_ADD 33955956,35864530,0.000000,62 
OBJECT_ADD 33953223,35875569,0.000000,62 
OBJECT_ADD 33981255,35857073,0.000000,62 
OBJECT_ADD 34024407,35860398,0.000000,62 
OBJECT_ADD 33389945,35872779,-472.000000,62 
OBJECT_ADD 33384380,35830673,-472.000000,62 
OBJECT_ADD 33366895,35849705,-472.000000,62 
OBJECT_ADD 33365763,35858583,-472.000000,62 
OBJECT_ADD 33358766,35891774,-472.000000,62 
OBJECT_ADD 33362034,35888157,-472.000000,62 
OBJECT_ADD 33329393,35836248,-472.000000,62 
OBJECT_ADD 33369935,35863239,-472.000000,62 
OBJECT_ADD 33374911,35833356,-472.000000,62 
OBJECT_ADD 33354341,35883492,-472.000000,62 
OBJECT_ADD 33374616,35881327,-472.000000,62 
OBJECT_ADD 33379314,35867222,-472.000000,62 
OBJECT_ADD 33375862,35866513,-472.000000,62 
OBJECT_ADD 33332012,35840724,-515.000000,63 
OBJECT_ADD 33405499,35888124,-526.000000,63 
OBJECT_ADD 33405089,35848016,-449.000000,63 
OBJECT_ADD 33356880,35835880,-472.000000,62 
OBJECT_ADD 33353038,35857959,-472.000000,62 
OBJECT_ADD 33391945,35878014,-472.000000,62 
OBJECT_ADD 33382979,35882671,-472.000000,62 
OBJECT_ADD 33373494,35875744,-472.000000,62 
OBJECT_ADD 33354792,35826817,-472.000000,62 
OBJECT_ADD 33350930,35834478,-472.000000,62 
OBJECT_ADD 33324048,35868905,-472.000000,62 
OBJECT_ADD 33332496,35866562,-472.000000,62 
OBJECT_ADD 33338566,35865454,-472.000000,62 
OBJECT_ADD 33352285,35892185,-472.000000,62 
OBJECT_ADD 33378361,35882213,-472.000000,62 
OBJECT_ADD 33352399,35831198,-472.000000,62 
OBJECT_ADD 33366975,35829660,-515.000000,63 
OBJECT_ADD 33390533,35846878,-526.000000,63 
OBJECT_ADD 33392109,35847917,-449.000000,63 
OBJECT_ADD 33323793,35879532,-449.000000,62 
OBJECT_ADD 33356795,35856785,-449.000000,62 
OBJECT_ADD 33371370,35822327,-449.000000,62 
OBJECT_ADD 33345341,35882130,-449.000000,62 
OBJECT_ADD 33387051,35886093,-449.000000,62 
OBJECT_ADD 33397318,35873484,-449.000000,62 
OBJECT_ADD 33401914,35878151,-449.000000,62 
OBJECT_ADD 33398309,35874673,-449.000000,62 
OBJECT_ADD 33394902,35868986,-449.000000,62 
OBJECT_ADD 33400077,35864360,-449.000000,62 
OBJECT_ADD 33403592,35860373,-449.000000,62 
OBJECT_ADD 33405878,35858111,-449.000000,62 
OBJECT_ADD 33390330,35882867,-449.000000,62 
OBJECT_ADD 33326265,35880692,-449.000000,62 
OBJECT_ADD 33364852,35891658,-449.000000,62 
OBJECT_ADD 33347840,35890338,-449.000000,62 
OBJECT_ADD 33358958,35831709,-449.000000,62 
OBJECT_ADD 33371631,35895093,-449.000000,62 
OBJECT_ADD 33379619,35895072,-449.000000,62 
OBJECT_ADD 33320763,35877713,-449.000000,62 
OBJECT_ADD 33333741,35885953,-449.000000,62 
OBJECT_ADD 33337934,35886624,-449.000000,62 
OBJECT_ADD 33332510,35879862,-449.000000,62 
OBJECT_ADD 33363289,35826678,-449.000000,62 
OBJECT_ADD 33389308,35876026,-449.000000,62 
OBJECT_ADD 33385453,35872299,-449.000000,62 
OBJECT_ADD 33379479,35863043,-449.000000,62 
OBJECT_ADD 33377253,35861009,-449.000000,62 
OBJECT_ADD 33374312,35857558,-449.000000,62 
OBJECT_ADD 33374602,35850933,-449.000000,62 
OBJECT_ADD 33336441,35881559,-449.000000,62 
OBJECT_ADD 33406758,35808251,0.000000,62 
OBJECT_ADD 33399226,35784112,0.000000,62 
OBJECT_ADD 33392375,35795815,0.000000,62 
OBJECT_ADD 33403915,35800550,0.000000,62 
OBJECT_ADD 33417062,35789162,0.000000,62 
OBJECT_ADD 33418006,35795249,0.000000,62 
OBJECT_ADD 33405553,35792464,0.000000,62 
OBJECT_ADD 33392259,35774818,0.000000,62 
OBJECT_ADD 33393435,35770926,0.000000,62 
OBJECT_ADD 33409801,35784468,0.000000,62 
OBJECT_ADD 33405531,35778608,0.000000,62 
OBJECT_ADD 33410193,35779012,0.000000,62 
OBJECT_ADD 33409927,35774203,0.000000,62 
OBJECT_ADD 33413338,35813924,0.000000,62 
OBJECT_ADD 33400235,35810583,0.000000,62 
OBJECT_ADD 33364956,35778109,0.000000,62 
OBJECT_ADD 33362736,35775160,0.000000,62 
OBJECT_ADD 33365880,35772551,0.000000,62 
OBJECT_ADD 33373011,35771390,0.000000,62 
OBJECT_ADD 33376783,35770558,0.000000,62 
OBJECT_ADD 33381549,35770893,0.000000,62 
OBJECT_ADD 33366497,35792341,0.000000,62 
OBJECT_ADD 33380661,35800076,0.000000,62 
OBJECT_ADD 33383269,35791293,0.000000,62 
OBJECT_ADD 33368213,35814714,0.000000,62 
OBJECT_ADD 33380604,35801549,0.000000,62 
OBJECT_ADD 33531282,35898324,0.000000,62 
OBJECT_ADD 33478970,35915738,0.000000,62 
OBJECT_ADD 33434825,35904323,0.000000,62 
OBJECT_ADD 33439834,35906332,0.000000,62 
OBJECT_ADD 33444035,35909978,0.000000,62 
OBJECT_ADD 33427837,35868476,0.000000,62 
OBJECT_ADD 33431025,35905714,0.000000,62 
OBJECT_ADD 33362458,35828241,-449.000000,62 
OBJECT_ADD 33345714,35862412,-449.000000,62 
OBJECT_ADD 33344917,35889105,-449.000000,62 
OBJECT_ADD 33369014,35859231,-449.000000,62 
OBJECT_ADD 33351076,35852124,-449.000000,62 
OBJECT_ADD 33350908,35839852,-449.000000,62 
OBJECT_ADD 33374332,35854441,-449.000000,62 
OBJECT_ADD 33383062,35869163,-449.000000,62 
OBJECT_ADD 33449145,36023302,-269.000000,62 
OBJECT_ADD 33404674,35851007,0.000000,62 
OBJECT_ADD 33405267,35848647,0.000000,62 
OBJECT_ADD 33405387,35845383,0.000000,62 
OBJECT_ADD 33405000,35840340,0.000000,62 
OBJECT_ADD 33423016,35801578,0.000000,62 
OBJECT_ADD 33423944,35804839,0.000000,62 
OBJECT_ADD 33423222,35808619,0.000000,62 
OBJECT_ADD 33426891,35815875,0.000000,62 
OBJECT_ADD 33421513,35817839,0.000000,62 
OBJECT_ADD 33429665,35829686,0.000000,62 
OBJECT_ADD 33421719,35858862,0.000000,62 
OBJECT_ADD 33422126,35862759,0.000000,62 
OBJECT_ADD 33426516,35874464,0.000000,62 
OBJECT_ADD 33449212,35912500,0.000000,62 
OBJECT_ADD 33454487,35913522,0.000000,62 
OBJECT_ADD 33452827,35917298,0.000000,62 
OBJECT_ADD 33459331,35917675,0.000000,62 
OBJECT_ADD 33466274,35921589,0.000000,62 
OBJECT_ADD 33401087,35898308,0.000000,62 
OBJECT_ADD 33464354,35934500,0.000000,62 
OBJECT_ADD 33450035,35934682,0.000000,62 
OBJECT_ADD 33425875,35934389,0.000000,62 
OBJECT_ADD 33422235,35933769,0.000000,62 
OBJECT_ADD 33419384,35922521,0.000000,62 
OBJECT_ADD 33415195,35920122,0.000000,62 
OBJECT_ADD 33389060,35891163,0.000000,62 
OBJECT_ADD 33402248,35883159,0.000000,62 
OBJECT_ADD 33380826,35900545,0.000000,62 
OBJECT_ADD 33412139,35888813,0.000000,62 
OBJECT_ADD 33407346,35895305,0.000000,62 
OBJECT_ADD 33379759,35907443,0.000000,62 
OBJECT_ADD 33391755,35901233,0.000000,62 
OBJECT_ADD 33494455,35991157,-292.000000,62 
OBJECT_ADD 33491593,35990735,-292.000000,62 
OBJECT_ADD 33488559,35995723,-292.000000,62 
OBJECT_ADD 33488046,35983602,-292.000000,62 
OBJECT_ADD 33491003,36000067,-292.000000,62 
OBJECT_ADD 33470466,36002229,-292.000000,62 
OBJECT_ADD 33448379,35990489,-292.000000,62 
OBJECT_ADD 33436838,35983232,-292.000000,62 
OBJECT_ADD 33440415,35984677,-292.000000,62 
OBJECT_ADD 33445726,35988520,-292.000000,62 
OBJECT_ADD 33466660,35989231,-292.000000,62 
OBJECT_ADD 33469372,35986749,-292.000000,62 
OBJECT_ADD 33452480,35988092,-292.000000,62 
OBJECT_ADD 33429002,35978598,-335.000000,63 
OBJECT_ADD 33465024,36016104,-346.000000,63 
OBJECT_ADD 33477400,35979057,-269.000000,63 
OBJECT_ADD 33451553,35993498,-269.000000,62 
OBJECT_ADD 33452471,35990611,-269.000000,62 
OBJECT_ADD 33465474,35986697,-269.000000,62 
OBJECT_ADD 33469438,35983127,-269.000000,62 
OBJECT_ADD 33478531,35981470,-269.000000,62 
OBJECT_ADD 33477677,35978944,-269.000000,62 
OBJECT_ADD 33481749,36013693,-269.000000,62 
OBJECT_ADD 33467277,35994863,-269.000000,62 
OBJECT_ADD 33444480,36001132,-269.000000,62 
OBJECT_ADD 33445710,35996657,-269.000000,62 
OBJECT_ADD 33447739,35993557,-269.000000,62 
OBJECT_ADD 33442945,36007952,-269.000000,62 
OBJECT_ADD 33913706,36022280,90.000000,62 
OBJECT_ADD 33926995,35941314,90.000000,62 
OBJECT_ADD 33939924,35943930,90.000000,62 
OBJECT_ADD 33944346,35939129,90.000000,62 
OBJECT_ADD 34077387,35911290,0.000000,62 
OBJECT_ADD 34083342,35919050,0.000000,62 
OBJECT_ADD 34089852,35914715,0.000000,62 
OBJECT_ADD 34081904,35915911,0.000000,62 
OBJECT_ADD 34076696,35905428,0.000000,62 
OBJECT_ADD 34089958,35926388,0.000000,62 
OBJECT_ADD 34077391,35932609,0.000000,62 
OBJECT_ADD 34074166,35914790,0.000000,62 
OBJECT_ADD 34090127,35886476,0.000000,62 
OBJECT_ADD 34016499,35928453,0.000000,62 
OBJECT_ADD 33963979,35942891,0.000000,62 
OBJECT_ADD 34076497,35884328,0.000000,62 
OBJECT_ADD 34073775,35885268,0.000000,62 
OBJECT_ADD 34074086,35880685,0.000000,62 
OBJECT_ADD 33943316,36041345,90.000000,62 
OBJECT_ADD 33934244,36029025,90.000000,62 
OBJECT_ADD 33941983,36014727,90.000000,62 
OBJECT_ADD 33941211,36024570,67.000000,62 
OBJECT_ADD 33945544,36026235,67.000000,62 
OBJECT_ADD 33940950,36019364,67.000000,62 
OBJECT_ADD 33941768,36009994,67.000000,62 
OBJECT_ADD 33943450,36004151,67.000000,62 
OBJECT_ADD 33939522,36006248,67.000000,62 
OBJECT_ADD 33937171,36001386,90.000000,62 
OBJECT_ADD 33945673,35995969,90.000000,62 
OBJECT_ADD 33935624,35997000,90.000000,62 
OBJECT_ADD 33940032,35990789,90.000000,62 
OBJECT_ADD 33940479,35971960,90.000000,62 
OBJECT_ADD 33933190,35982671,90.000000,62 
OBJECT_ADD 33932396,35989967,90.000000,62 
OBJECT_ADD 33945983,35988857,90.000000,62 
OBJECT_ADD 33935568,35950406,90.000000,62 
OBJECT_ADD 33945788,35976500,90.000000,62 
OBJECT_ADD 33936179,35966661,90.000000,62 
OBJECT_ADD 33921000,35949162,90.000000,62 
OBJECT_ADD 33930959,35965101,90.000000,62 
OBJECT_ADD 33932106,35962030,90.000000,62 
OBJECT_ADD 33918239,36026702,90.000000,62 
OBJECT_ADD 33964721,36052629,67.000000,62 
OBJECT_ADD 33946203,36035608,67.000000,62 
OBJECT_ADD 33973063,36016102,67.000000,62 
OBJECT_ADD 33955753,36035233,67.000000,62 
OBJECT_ADD 33952408,36046341,90.000000,62 
OBJECT_ADD 33944696,36045427,90.000000,62 
OBJECT_ADD 33946942,36047930,90.000000,62 
OBJECT_ADD 33962650,36026987,90.000000,62 
OBJECT_ADD 33999647,36025040,90.000000,62 
OBJECT_ADD 33983836,36047118,90.000000,62 
OBJECT_ADD 33975515,36046255,90.000000,62 
OBJECT_ADD 33993365,36044388,90.000000,62 
OBJECT_ADD 33976793,36023776,67.000000,62 
OBJECT_ADD 33972593,36020306,67.000000,62 
OBJECT_ADD 33948929,36031259,67.000000,62 
OBJECT_ADD 33967830,35952266,24.000000,63 
OBJECT_ADD 33988582,36008589,13.000000,63 
OBJECT_ADD 33991128,36010825,90.000000,63 
OBJECT_ADD 33973319,35985703,90.000000,62 
OBJECT_ADD 33964932,35998270,90.000000,62 
OBJECT_ADD 33983814,35999819,90.000000,62 
OBJECT_ADD 33997886,36035109,90.000000,62 
OBJECT_ADD 33995057,36028709,90.000000,62 
OBJECT_ADD 33949959,35980259,90.000000,62 
OBJECT_ADD 33965315,35959627,90.000000,62 
OBJECT_ADD 33969171,35959285,90.000000,62 
OBJECT_ADD 33976771,36007106,90.000000,62 
OBJECT_ADD 33953978,35982835,90.000000,62 
OBJECT_ADD 33961367,35968518,90.000000,62 
OBJECT_ADD 33981410,36004306,90.000000,62 
OBJECT_ADD 33967066,35989632,90.000000,62 
OBJECT_ADD 33947740,35953716,90.000000,62 
OBJECT_ADD 33979521,35972228,90.000000,62 
OBJECT_ADD 34005444,36044448,90.000000,62 
OBJECT_ADD 33964553,36072222,90.000000,62 
OBJECT_ADD 34001101,36044976,90.000000,62 
OBJECT_ADD 33998397,36042774,90.000000,62 
OBJECT_ADD 33970601,36054400,90.000000,62 
OBJECT_ADD 33975986,36051231,90.000000,62 
OBJECT_ADD 33986188,36058971,90.000000,62 
OBJECT_ADD 34006022,36006968,0.000000,62 
OBJECT_ADD 34003403,35996844,0.000000,62 
OBJECT_ADD 33997099,35994311,0.000000,62 
OBJECT_ADD 34008618,35988879,0.000000,62 
OBJECT_ADD 34014360,35994414,0.000000,62 
OBJECT_ADD 34009314,36000228,0.000000,62 
OBJECT_ADD 34010186,35994460,0.000000,62 
OBJECT_ADD 33998554,36004323,0.000000,62 
OBJECT_ADD 33992056,35991668,0.000000,62 
OBJECT_ADD 34020347,35986712,0.000000,62 
OBJECT_ADD 34018716,35994317,0.000000,62 
OBJECT_ADD 33985695,35990779,0.000000,62 
OBJECT_ADD 34007924,35991451,0.000000,62 
OBJECT_ADD 33993746,35963634,0.000000,62 
OBJECT_ADD 33997606,35960670,0.000000,62 
OBJECT_ADD 34019574,35990868,0.000000,62 
OBJECT_ADD 33975243,35926038,0.000000,62 
OBJECT_ADD 34035711,35995888,0.000000,62 
OBJECT_ADD 34026547,35980464,0.000000,62 
OBJECT_ADD 34027844,35977152,0.000000,62 
OBJECT_ADD 34072145,35994128,0.000000,62 
OBJECT_ADD 34011752,35964987,0.000000,62 
OBJECT_ADD 34013601,35950288,0.000000,62 
OBJECT_ADD 34014816,35953283,0.000000,62 
OBJECT_ADD 34021759,35958120,0.000000,62 
OBJECT_ADD 34035188,35983812,0.000000,62 
OBJECT_ADD 33983313,35992167,-23.000000,62 
OBJECT_ADD 34031892,35995777,-23.000000,62 
OBJECT_ADD 34025591,36002005,-23.000000,62 
OBJECT_ADD 33980227,35933259,-23.000000,62 
OBJECT_ADD 34027588,35998139,-23.000000,62 
OBJECT_ADD 34027731,35993274,-23.000000,62 
OBJECT_ADD 34030264,35989460,-23.000000,62 
OBJECT_ADD 34023199,35995299,-23.000000,62 
OBJECT_ADD 34009050,36006480,-23.000000,62 
OBJECT_ADD 33975781,36012009,-23.000000,62 
OBJECT_ADD 33982220,35958679,-23.000000,62 
OBJECT_ADD 33992880,35951150,-23.000000,62 
OBJECT_ADD 33973407,35964723,-23.000000,62 
OBJECT_ADD 34034942,35985463,-66.000000,63 
OBJECT_ADD 33998588,35976926,-77.000000,63 
OBJECT_ADD 34004771,36007484,0.000000,63 
OBJECT_ADD 33972910,35976841,0.000000,62 
OBJECT_ADD 34023327,35998708,0.000000,62 
OBJECT_ADD 33982970,35962872,0.000000,62 
OBJECT_ADD 34012468,36003062,0.000000,62 
OBJECT_ADD 33977924,36009737,0.000000,62 
OBJECT_ADD 33981072,35926906,0.000000,62 
OBJECT_ADD 34077665,35954359,0.000000,62 
OBJECT_ADD 33998979,35976535,0.000000,62 
OBJECT_ADD 34078621,35971595,0.000000,62 
OBJECT_ADD 34005395,35975480,0.000000,62 
OBJECT_ADD 33993669,35979062,0.000000,62 
OBJECT_ADD 33994101,35969491,0.000000,62 
OBJECT_ADD 34033020,35987602,0.000000,62 
OBJECT_ADD 34005097,35920914,0.000000,62 
OBJECT_ADD 34018415,35935986,0.000000,62 
OBJECT_ADD 34042681,35989729,0.000000,62 
OBJECT_ADD 34044884,35984815,0.000000,62 
OBJECT_ADD 34000940,35922583,0.000000,62 
OBJECT_ADD 34013494,36045084,0.000000,62 
OBJECT_ADD 34009488,36046081,0.000000,62 
OBJECT_ADD 33927236,36002052,0.000000,62 
OBJECT_ADD 33932826,36004466,0.000000,62 
OBJECT_ADD 33973430,36041527,0.000000,62 
OBJECT_ADD 33935923,36019947,0.000000,62 
OBJECT_ADD 33941239,35984871,0.000000,62 
OBJECT_ADD 33998343,36030106,0.000000,62 
OBJECT_ADD 33994005,36052979,0.000000,62 
OBJECT_ADD 33978300,36057052,0.000000,62 
OBJECT_ADD 34012102,36029550,0.000000,62 
OBJECT_ADD 34033124,36047859,0.000000,62 
OBJECT_ADD 34038387,36044752,0.000000,62 
OBJECT_ADD 34028015,36046115,0.000000,62 
OBJECT_ADD 34041855,36046622,0.000000,62 
OBJECT_ADD 34042212,36052047,0.000000,62 
OBJECT_ADD 34042780,36058622,0.000000,62 
OBJECT_ADD 34020294,36045581,0.000000,62 
OBJECT_ADD 34043613,36042429,0.000000,62 
OBJECT_ADD 34065717,35951829,-180.000000,62 
OBJECT_ADD 34063719,35949508,-180.000000,62 
OBJECT_ADD 34062253,35951789,-180.000000,62 
OBJECT_ADD 34063084,35968360,-180.000000,62 
OBJECT_ADD 34063832,35970609,-180.000000,62 
OBJECT_ADD 34067328,35969241,-180.000000,62 
OBJECT_ADD 34054503,35943664,-180.000000,62 
OBJECT_ADD 34068354,35927686,-180.000000,62 
OBJECT_ADD 34067543,35930633,-180.000000,62 
OBJECT_ADD 34060883,35940860,-180.000000,62 
OBJECT_ADD 34063741,35940618,-180.000000,62 
OBJECT_ADD 34075145,35947301,-180.000000,62 
OBJECT_ADD 34071002,35939438,-180.000000,62 
OBJECT_ADD 34074983,35938449,-180.000000,62 
OBJECT_ADD 34068378,35951905,-180.000000,62 
OBJECT_ADD 34071918,35952919,-180.000000,62 
OBJECT_ADD 34054327,35914018,-180.000000,62 
OBJECT_ADD 34057760,35915936,-180.000000,62 
OBJECT_ADD 34060708,35916011,-180.000000,62 
OBJECT_ADD 34064109,35916376,-180.000000,62 
OBJECT_ADD 34058796,35931158,-180.000000,62 
OBJECT_ADD 33985624,36079451,0.000000,62 
OBJECT_ADD 33980564,36079400,0.000000,62 
OBJECT_ADD 34084472,35931204,0.000000,62 
OBJECT_ADD 34077306,35938070,0.000000,62 
OBJECT_ADD 34074022,35926351,0.000000,62 
OBJECT_ADD 34071585,35995291,0.000000,62 
OBJECT_ADD 34086745,35899874,-23.000000,62 
OBJECT_ADD 34091118,35900003,-23.000000,62 
OBJECT_ADD 34089517,35896469,-23.000000,62 
OBJECT_ADD 34094586,35901153,-23.000000,62 
OBJECT_ADD 34093709,35905705,-23.000000,62 
OBJECT_ADD 34119678,35880773,-23.000000,62 
OBJECT_ADD 34119273,35886514,-23.000000,62 
OBJECT_ADD 34115538,35888476,-23.000000,62 
OBJECT_ADD 34073908,35908628,-23.000000,62 
OBJECT_ADD 34116527,35891643,-23.000000,62 
OBJECT_ADD 34112744,35896393,-23.000000,62 
OBJECT_ADD 34108747,35903308,-23.000000,62 
OBJECT_ADD 34095582,35893138,-23.000000,62 
OBJECT_ADD 34088167,35902572,-66.000000,63 
OBJECT_ADD 34089433,35870882,-77.000000,63 
OBJECT_ADD 34074263,35878238,0.000000,63 
OBJECT_ADD 34080314,35879602,0.000000,62 
OBJECT_ADD 34066109,35890722,0.000000,62 
OBJECT_ADD 34068161,35885882,0.000000,62 
OBJECT_ADD 34068870,35881187,0.000000,62 
OBJECT_ADD 34070846,35873364,0.000000,62 
OBJECT_ADD 34086669,35884561,0.000000,62 
OBJECT_ADD 34081581,35871168,0.000000,62 
OBJECT_ADD 34084746,35869929,0.000000,62 
OBJECT_ADD 34099591,35867956,0.000000,62 
OBJECT_ADD 34064952,35894941,0.000000,62 
OBJECT_ADD 34054419,35937774,0.000000,62 
OBJECT_ADD 34050817,35991797,0.000000,62 
OBJECT_ADD 34053219,35991594,0.000000,62 
OBJECT_ADD 34066489,35987760,0.000000,62 
OBJECT_ADD 34070949,35988156,0.000000,62 
OBJECT_ADD 34053833,35973873,0.000000,62 
OBJECT_ADD 34053260,36061781,0.000000,62 
OBJECT_ADD 34047763,36041347,0.000000,62 
OBJECT_ADD 34054103,36044987,0.000000,62 
OBJECT_ADD 34056570,36043418,0.000000,62 
OBJECT_ADD 34060238,36054076,0.000000,62 
OBJECT_ADD 34049397,35953522,-180.000000,62 
OBJECT_ADD 34044319,35965045,-180.000000,62 
OBJECT_ADD 33986119,35922415,-180.000000,62 
OBJECT_ADD 34047911,35964726,-180.000000,62 
OBJECT_ADD 34051211,35963542,-180.000000,62 
OBJECT_ADD 33986395,35929644,-180.000000,62 
OBJECT_ADD 34043830,35946182,-180.000000,62 
OBJECT_ADD 34038377,35941085,-180.000000,62 
OBJECT_ADD 34027237,35923626,-180.000000,62 
OBJECT_ADD 34040108,35945088,-180.000000,62 
OBJECT_ADD 34035861,35943573,-180.000000,62 
OBJECT_ADD 34043397,35938828,-180.000000,62 
OBJECT_ADD 34043093,35936517,-180.000000,62 
OBJECT_ADD 34051428,35945404,-180.000000,62 
OBJECT_ADD 34034969,35941106,-180.000000,62 
OBJECT_ADD 34030765,35953948,-180.000000,62 
OBJECT_ADD 33985773,35933996,-180.000000,62 
OBJECT_ADD 33986035,35938625,-180.000000,62 
OBJECT_ADD 33984212,35945036,-180.000000,62 
OBJECT_ADD 34037703,35928901,-180.000000,62 
OBJECT_ADD 34035202,35934171,-180.000000,62 
OBJECT_ADD 34039232,35932132,-180.000000,62 
OBJECT_ADD 34031056,35950868,-180.000000,62 
OBJECT_ADD 33993219,35943040,-180.000000,62 
OBJECT_ADD 34030265,35946052,-180.000000,62 
OBJECT_ADD 34038511,35920828,-180.000000,62 
OBJECT_ADD 34041235,35918937,-180.000000,62 
OBJECT_ADD 34044700,35916991,-180.000000,62 
OBJECT_ADD 34023828,35925906,-180.000000,62 
OBJECT_ADD 34035025,35926354,-180.000000,62 
OBJECT_ADD 34047278,35915551,-180.000000,62 
OBJECT_ADD 34028365,35956023,-180.000000,62 
OBJECT_ADD 34023188,35943661,-180.000000,62 
OBJECT_ADD 34024082,35948466,-180.000000,62 
OBJECT_ADD 33987973,35949043,-180.000000,62 
OBJECT_ADD 34015191,35932694,-180.000000,62 
OBJECT_ADD 34021322,35940743,-180.000000,62 
OBJECT_ADD 34038273,35964110,-180.000000,62 
OBJECT_ADD 33813544,36040615,90.000000,62 
OBJECT_ADD 33804472,36028295,90.000000,62 
OBJECT_ADD 33812262,36013947,90.000000,62 
OBJECT_ADD 33811439,36023840,67.000000,62 
OBJECT_ADD 33815772,36025505,67.000000,62 
OBJECT_ADD 33811229,36018584,67.000000,62 
OBJECT_ADD 33811996,36009264,67.000000,62 
OBJECT_ADD 33813678,36003421,67.000000,62 
OBJECT_ADD 33809750,36005518,67.000000,62 
OBJECT_ADD 33807399,36000656,90.000000,62 
OBJECT_ADD 33815901,35995239,90.000000,62 
OBJECT_ADD 33805852,35996270,90.000000,62 
OBJECT_ADD 33810260,35990059,90.000000,62 
OBJECT_ADD 33810707,35971230,90.000000,62 
OBJECT_ADD 33803418,35981941,90.000000,62 
OBJECT_ADD 33802624,35989237,90.000000,62 
OBJECT_ADD 33816211,35988127,90.000000,62 
OBJECT_ADD 33797366,35940575,90.000000,62 
OBJECT_ADD 33810152,35943200,90.000000,62 
OBJECT_ADD 33805796,35949676,90.000000,62 
OBJECT_ADD 33816016,35975770,90.000000,62 
OBJECT_ADD 33806537,35965992,90.000000,62 
OBJECT_ADD 33791127,35948331,90.000000,62 
OBJECT_ADD 33801187,35964371,90.000000,62 
OBJECT_ADD 33802334,35961300,90.000000,62 
OBJECT_ADD 33788467,36025972,90.000000,62 
OBJECT_ADD 33783934,36021550,90.000000,62 
OBJECT_ADD 33814574,35938399,90.000000,62 
OBJECT_ADD 33834949,36051899,67.000000,62 
OBJECT_ADD 33816431,36034878,67.000000,62 
OBJECT_ADD 33843291,36015372,67.000000,62 
OBJECT_ADD 33825930,36034553,67.000000,62 
OBJECT_ADD 33822636,36045611,90.000000,62 
OBJECT_ADD 33814924,36044697,90.000000,62 
OBJECT_ADD 33817170,36047200,90.000000,62 
OBJECT_ADD 33832878,36026257,90.000000,62 
OBJECT_ADD 33869875,36024310,90.000000,62 
OBJECT_ADD 33854014,36046337,90.000000,62 
OBJECT_ADD 33845743,36045525,90.000000,62 
OBJECT_ADD 33863593,36043658,90.000000,62 
OBJECT_ADD 33847021,36023046,67.000000,62 
OBJECT_ADD 33842720,36019576,67.000000,62 
OBJECT_ADD 33819157,36030529,67.000000,62 
OBJECT_ADD 33838058,35951536,24.000000,63 
OBJECT_ADD 33858054,36008295,13.000000,63 
OBJECT_ADD 33859889,36010352,90.000000,63 
OBJECT_ADD 33843547,35984973,90.000000,62 
OBJECT_ADD 33835160,35997540,90.000000,62 
OBJECT_ADD 33854042,35999089,90.000000,62 
OBJECT_ADD 33864569,36035479,90.000000,62 
OBJECT_ADD 33865285,36027979,90.000000,62 
OBJECT_ADD 33820187,35979529,90.000000,62 
OBJECT_ADD 33835543,35958897,90.000000,62 
OBJECT_ADD 33839399,35958555,90.000000,62 
OBJECT_ADD 33846999,36006376,90.000000,62 
OBJECT_ADD 33824206,35982105,90.000000,62 
OBJECT_ADD 33831595,35967788,90.000000,62 
OBJECT_ADD 33851638,36003576,90.000000,62 
OBJECT_ADD 33837294,35988902,90.000000,62 
OBJECT_ADD 33817968,35952986,90.000000,62 
OBJECT_ADD 33849684,35971468,90.000000,62 
OBJECT_ADD 33875672,36043718,90.000000,62 
OBJECT_ADD 33834781,36071492,90.000000,62 
OBJECT_ADD 33871329,36044246,90.000000,62 
OBJECT_ADD 33868625,36042044,90.000000,62 
OBJECT_ADD 33840829,36053670,90.000000,62 
OBJECT_ADD 33846214,36050501,90.000000,62 
OBJECT_ADD 33856416,36058241,90.000000,62 
OBJECT_ADD 33876250,36006238,0.000000,62 
OBJECT_ADD 33873631,35996114,0.000000,62 
OBJECT_ADD 33867327,35993581,0.000000,62 
OBJECT_ADD 33878846,35988149,0.000000,62 
OBJECT_ADD 33884588,35993684,0.000000,62 
OBJECT_ADD 33879542,35999498,0.000000,62 
OBJECT_ADD 33880414,35993730,0.000000,62 
OBJECT_ADD 33868782,36003593,0.000000,62 
OBJECT_ADD 33861773,35991643,0.000000,62 
OBJECT_ADD 33889507,35986932,0.000000,62 
OBJECT_ADD 33888944,35993587,0.000000,62 
OBJECT_ADD 33855918,35989978,0.000000,62 
OBJECT_ADD 33878152,35990721,0.000000,62 
OBJECT_ADD 33863974,35962904,0.000000,62 
OBJECT_ADD 33867969,35961444,0.000000,62 
OBJECT_ADD 33888984,35989774,0.000000,62 
OBJECT_ADD 33880509,35957637,0.000000,62 
OBJECT_ADD 33904451,35968007,0.000000,62 
OBJECT_ADD 33895099,35981026,0.000000,62 
OBJECT_ADD 33897500,35977888,0.000000,62 
OBJECT_ADD 33904201,35965343,0.000000,62 
OBJECT_ADD 33880717,35964793,0.000000,62 
OBJECT_ADD 33884622,35958553,0.000000,62 
OBJECT_ADD 33888410,35956748,0.000000,62 
OBJECT_ADD 33892240,35954745,0.000000,62 
OBJECT_ADD 33905416,35983082,0.000000,62 
OBJECT_ADD 33853541,35991437,-23.000000,62 
OBJECT_ADD 33899887,35995746,-23.000000,62 
OBJECT_ADD 33892966,36003688,-23.000000,62 
OBJECT_ADD 33894805,35998676,-23.000000,62 
OBJECT_ADD 33897816,35997409,-23.000000,62 
OBJECT_ADD 33897959,35992544,-23.000000,62 
OBJECT_ADD 33900492,35988730,-23.000000,62 
OBJECT_ADD 33893427,35994569,-23.000000,62 
OBJECT_ADD 33878926,36007224,-23.000000,62 
OBJECT_ADD 33846161,36011331,-23.000000,62 
OBJECT_ADD 33850793,35959559,-23.000000,62 
OBJECT_ADD 33857333,35950520,-23.000000,62 
OBJECT_ADD 33876442,35954820,-23.000000,62 
OBJECT_ADD 33905170,35984733,-66.000000,63 
OBJECT_ADD 33868816,35976196,-77.000000,63 
OBJECT_ADD 33874999,36006754,0.000000,63 
OBJECT_ADD 33926198,35912062,0.000000,62 
OBJECT_ADD 33924585,35916307,0.000000,62 
OBJECT_ADD 33922189,35912268,0.000000,62 
OBJECT_ADD 33917009,35911860,0.000000,62 
OBJECT_ADD 33914122,35931452,0.000000,62 
OBJECT_ADD 33912773,35925970,0.000000,62 
OBJECT_ADD 33912093,35919047,0.000000,62 
OBJECT_ADD 33908208,35913014,0.000000,62 
OBJECT_ADD 33897825,35914534,0.000000,62 
OBJECT_ADD 33903504,35916188,0.000000,62 
OBJECT_ADD 33912748,35911577,0.000000,62 
OBJECT_ADD 33900280,35918552,0.000000,62 
OBJECT_ADD 33887004,35927562,0.000000,62 
OBJECT_ADD 33834207,35942161,0.000000,62 
OBJECT_ADD 33841672,35975546,0.000000,62 
OBJECT_ADD 33893555,35997978,0.000000,62 
OBJECT_ADD 33851874,35963200,0.000000,62 
OBJECT_ADD 33882390,36002634,0.000000,62 
OBJECT_ADD 33847540,36009611,0.000000,62 
OBJECT_ADD 33851473,35946595,0.000000,62 
OBJECT_ADD 33877890,35945459,0.000000,62 
OBJECT_ADD 33869207,35975805,0.000000,62 
OBJECT_ADD 33869852,35965856,0.000000,62 
OBJECT_ADD 33875623,35974750,0.000000,62 
OBJECT_ADD 33863897,35978332,0.000000,62 
OBJECT_ADD 33864329,35968761,0.000000,62 
OBJECT_ADD 33904152,35988299,0.000000,62 
OBJECT_ADD 33903168,35976680,0.000000,62 
OBJECT_ADD 33905646,35970829,0.000000,62 
OBJECT_ADD 33921232,35964747,0.000000,62 
OBJECT_ADD 33912909,35988999,0.000000,62 
OBJECT_ADD 33915112,35984085,0.000000,62 
OBJECT_ADD 33921045,35991067,0.000000,62 
OBJECT_ADD 33923447,35990864,0.000000,62 
OBJECT_ADD 33924843,35953435,0.000000,62 
OBJECT_ADD 33922964,35931188,0.000000,62 
OBJECT_ADD 33911188,35950662,0.000000,62 
OBJECT_ADD 33922348,35949409,0.000000,62 
OBJECT_ADD 33918634,35961905,0.000000,62 
OBJECT_ADD 33883722,36044354,0.000000,62 
OBJECT_ADD 33879716,36045351,0.000000,62 
OBJECT_ADD 33797464,36001322,0.000000,62 
OBJECT_ADD 33803054,36003736,0.000000,62 
OBJECT_ADD 33855852,36078721,0.000000,62 
OBJECT_ADD 33851436,36078639,0.000000,62 
OBJECT_ADD 33843658,36040797,0.000000,62 
OBJECT_ADD 33806151,36019217,0.000000,62 
OBJECT_ADD 33811467,35984141,0.000000,62 
OBJECT_ADD 33868571,36029376,0.000000,62 
OBJECT_ADD 33864233,36052249,0.000000,62 
OBJECT_ADD 33848528,36056322,0.000000,62 
OBJECT_ADD 33882330,36028820,0.000000,62 
OBJECT_ADD 33903352,36047129,0.000000,62 
OBJECT_ADD 33908615,36044022,0.000000,62 
OBJECT_ADD 33898243,36045385,0.000000,62 
OBJECT_ADD 33912083,36045892,0.000000,62 
OBJECT_ADD 33912440,36051317,0.000000,62 
OBJECT_ADD 33923488,36061051,0.000000,62 
OBJECT_ADD 33917991,36040617,0.000000,62 
OBJECT_ADD 33924331,36044257,0.000000,62 
OBJECT_ADD 33926798,36042688,0.000000,62 
OBJECT_ADD 33930466,36053346,0.000000,62 
OBJECT_ADD 33913008,36057892,0.000000,62 
OBJECT_ADD 33890522,36044851,0.000000,62 
OBJECT_ADD 33913841,36041699,0.000000,62 
OBJECT_ADD 33421908,36009365,-4.000000,62 
OBJECT_ADD 33422555,36041896,-4.000000,62 
OBJECT_ADD 33415219,36038699,-4.000000,62 
OBJECT_ADD 33399455,36003779,-117.000000,62 
OBJECT_ADD 33377514,35991530,-117.000000,62 
OBJECT_ADD 33394602,36005116,-117.000000,62 
OBJECT_ADD 33403850,36001846,-117.000000,62 
OBJECT_ADD 33416029,35960681,-117.000000,62 
OBJECT_ADD 33414432,35963741,-117.000000,62 
OBJECT_ADD 33395350,35989762,-160.000000,63 
OBJECT_ADD 33403950,35975303,-117.000000,62 
OBJECT_ADD 33380408,35984471,-117.000000,62 
OBJECT_ADD 33418359,35996527,-117.000000,62 
OBJECT_ADD 33407250,35999861,-117.000000,62 
OBJECT_ADD 33414466,35996932,-117.000000,62 
OBJECT_ADD 33398031,35944486,-117.000000,62 
OBJECT_ADD 33389396,35962034,-160.000000,63 
OBJECT_ADD 33376427,35968788,-171.000000,63 
OBJECT_ADD 33398037,35993015,-117.000000,62 
OBJECT_ADD 33399739,35963908,-117.000000,62 
OBJECT_ADD 33384617,35981165,-117.000000,62 
OBJECT_ADD 33387450,36008952,-117.000000,62 
OBJECT_ADD 33398061,35999093,-117.000000,62 
OBJECT_ADD 33380662,35988021,-117.000000,62 
OBJECT_ADD 33391183,36010375,-117.000000,62 
OBJECT_ADD 33396989,36008141,-117.000000,62 
OBJECT_ADD 33379287,36001420,-117.000000,62 
OBJECT_ADD 33373950,35967985,-94.000000,63 
OBJECT_ADD 33390205,36005558,-117.000000,62 
OBJECT_ADD 33374591,35996478,-117.000000,62 
OBJECT_ADD 33384573,36003456,-117.000000,62 
OBJECT_ADD 33378145,35996631,-117.000000,62 
OBJECT_ADD 33407673,35978599,-117.000000,62 
OBJECT_ADD 33407271,35973179,-117.000000,62 
OBJECT_ADD 33398645,35974641,-117.000000,62 
OBJECT_ADD 33398548,35957156,-117.000000,62 
OBJECT_ADD 33393378,35954680,-117.000000,62 
OBJECT_ADD 33371977,35968211,-117.000000,62 
OBJECT_ADD 33381756,35966140,-117.000000,62 
OBJECT_ADD 33386175,35964715,-117.000000,62 
OBJECT_ADD 33401899,35971847,-117.000000,62 
OBJECT_ADD 33397854,36013107,-160.000000,63 
OBJECT_ADD 33389954,36019852,-171.000000,63 
OBJECT_ADD 33385173,36014838,-94.000000,63 
OBJECT_ADD 33421579,36016083,-117.000000,62 
OBJECT_ADD 33405887,35956584,-117.000000,62 
OBJECT_ADD 33387496,36011964,-117.000000,62 
OBJECT_ADD 33390850,36015721,-117.000000,62 
OBJECT_ADD 33415930,36031493,-117.000000,62 
OBJECT_ADD 33420940,36012435,-117.000000,62 
OBJECT_ADD 33393975,35976254,-117.000000,62 
OBJECT_ADD 33420489,36021590,-117.000000,62 
OBJECT_ADD 33422770,35999613,-117.000000,62 
OBJECT_ADD 33411333,35970754,-117.000000,62 
OBJECT_ADD 33404498,35951172,-160.000000,63 
OBJECT_ADD 33379976,35973922,-171.000000,63 
OBJECT_ADD 33407838,36012633,-94.000000,63 
OBJECT_ADD 33393766,36040843,-117.000000,62 
OBJECT_ADD 33361978,36035732,-117.000000,62 
OBJECT_ADD 33421261,36027004,-117.000000,62 
OBJECT_ADD 33416594,36028285,-117.000000,62 
OBJECT_ADD 33378309,36033452,-117.000000,62 
OBJECT_ADD 33409122,36034528,-117.000000,62 
OBJECT_ADD 33382095,36022830,-117.000000,62 
OBJECT_ADD 33408897,36024495,-94.000000,63 
OBJECT_ADD 33422233,36020410,-117.000000,62 
OBJECT_ADD 33525528,35899635,0.000000,62 
OBJECT_ADD 33537609,35895668,0.000000,62 
OBJECT_ADD 33424109,35984674,-160.000000,63 
OBJECT_ADD 33423690,35995252,-117.000000,62 
OBJECT_ADD 33425844,36012576,-117.000000,62 
OBJECT_ADD 33344781,35982195,-4.000000,62 
OBJECT_ADD 33352861,35985717,-4.000000,62 
OBJECT_ADD 33359915,35986439,-4.000000,62 
OBJECT_ADD 33409723,35996906,-4.000000,62 
OBJECT_ADD 33385499,35994548,-4.000000,62 
OBJECT_ADD 33373335,36002483,-4.000000,62 
OBJECT_ADD 33404577,36023940,-4.000000,62 
OBJECT_ADD 33358236,35988917,-4.000000,62 
OBJECT_ADD 33331816,36027830,-4.000000,62 
OBJECT_ADD 33335354,36030188,-4.000000,62 
OBJECT_ADD 33347478,36022738,-4.000000,62 
OBJECT_ADD 33403002,36061350,-4.000000,62 
OBJECT_ADD 33356916,36020131,-4.000000,62 
OBJECT_ADD 33353238,36007711,-27.000000,62 
OBJECT_ADD 33340574,36046247,-27.000000,62 
OBJECT_ADD 33419782,36062047,-27.000000,62 
OBJECT_ADD 33363957,36078289,-27.000000,62 
OBJECT_ADD 33342086,36077730,-27.000000,62 
OBJECT_ADD 33348959,36074880,-27.000000,62 
OBJECT_ADD 33337212,36032441,-27.000000,62 
OBJECT_ADD 33428836,36051233,-27.000000,62 
OBJECT_ADD 33427234,36048294,-27.000000,62 
OBJECT_ADD 33352820,36076122,-27.000000,62 
OBJECT_ADD 33358080,36074599,-27.000000,62 
OBJECT_ADD 33405705,36053966,-27.000000,62 
OBJECT_ADD 33391486,36048430,-70.000000,63 
OBJECT_ADD 33391337,36046334,-4.000000,63 
OBJECT_ADD 33391564,36082679,-4.000000,62 
OBJECT_ADD 33377255,36079531,-4.000000,62 
OBJECT_ADD 33419476,36017443,-4.000000,62 
OBJECT_ADD 33416987,36041242,-4.000000,62 
OBJECT_ADD 33405992,36026500,-4.000000,62 
OBJECT_ADD 33408808,36040720,-4.000000,62 
OBJECT_ADD 33375618,36040953,-4.000000,62 
OBJECT_ADD 33416652,36088180,-4.000000,62 
OBJECT_ADD 33414857,36092073,-4.000000,62 
OBJECT_ADD 33405304,36087303,-4.000000,62 
OBJECT_ADD 33410072,36050482,-4.000000,62 
OBJECT_ADD 33398087,36077468,-4.000000,62 
OBJECT_ADD 33432197,36032559,-4.000000,62 
OBJECT_ADD 33432914,36029836,-4.000000,62 
OBJECT_ADD 33431070,36026532,-4.000000,62 
OBJECT_ADD 33379514,36059006,-4.000000,62 
OBJECT_ADD 33429735,35996317,-4.000000,62 
OBJECT_ADD 33359194,36042381,-4.000000,62 
OBJECT_ADD 33428828,36036559,-4.000000,62 
OBJECT_ADD 33425431,36038820,-4.000000,62 
OBJECT_ADD 33374809,36031697,-4.000000,62 
OBJECT_ADD 33430536,36036843,-171.000000,63 
OBJECT_ADD 33414008,36093192,-117.000000,62 
OBJECT_ADD 33395017,36088936,-117.000000,62 
OBJECT_ADD 33386495,36043456,-117.000000,62 
OBJECT_ADD 33400084,36048220,-117.000000,62 
OBJECT_ADD 33384735,36057417,-117.000000,62 
OBJECT_ADD 33384526,36097126,-117.000000,62 
OBJECT_ADD 33398384,36096384,-117.000000,62 
OBJECT_ADD 33397012,36032487,-94.000000,63 
OBJECT_ADD 33419955,35993164,-117.000000,62 
OBJECT_ADD 33368326,36069847,-117.000000,62 
OBJECT_ADD 33361948,36074692,-117.000000,62 
OBJECT_ADD 33428706,35984732,-117.000000,62 
OBJECT_ADD 33427397,36027467,-171.000000,63 
OBJECT_ADD 33546203,35920131,0.000000,62 
OBJECT_ADD 33403602,36087515,-27.000000,62 
OBJECT_ADD 33409811,36069774,-4.000000,62 
OBJECT_ADD 33368711,36079992,-4.000000,62 
OBJECT_ADD 34197230,35598351,0.000000,62 
OBJECT_ADD 34189342,35596240,0.000000,62 
OBJECT_ADD 34180817,35606213,0.000000,62 
OBJECT_ADD 34166215,35594891,0.000000,62 
OBJECT_ADD 34173276,35587782,0.000000,62 
OBJECT_ADD 34196031,35647495,0.000000,62 
OBJECT_ADD 34200316,35602719,0.000000,62 
OBJECT_ADD 34192748,35632400,0.000000,62 
OBJECT_ADD 34194922,35611217,0.000000,62 
OBJECT_ADD 34202526,35608592,0.000000,62 
OBJECT_ADD 34196508,35641477,0.000000,62 
OBJECT_ADD 34207960,35631711,0.000000,62 
OBJECT_ADD 34203657,35612625,0.000000,62 
OBJECT_ADD 34206311,35617015,0.000000,62 
OBJECT_ADD 34208138,35620829,0.000000,62 
OBJECT_ADD 34207527,35634684,0.000000,62 
OBJECT_ADD 34193046,35640898,0.000000,62 
OBJECT_ADD 34185224,35615716,0.000000,62 
OBJECT_ADD 34200327,35646938,0.000000,62 
OBJECT_ADD 34206002,35645492,0.000000,62 
OBJECT_ADD 34182766,35611480,0.000000,62 
OBJECT_ADD 34094450,35645774,658.000000,62 
OBJECT_ADD 34127185,35645522,180.000000,62 
OBJECT_ADD 34095262,35641930,638.000000,62 
OBJECT_ADD 34121563,35642128,658.000000,62 
OBJECT_ADD 34110299,35641683,658.000000,62 
OBJECT_ADD 34112284,35637880,658.000000,62 
OBJECT_ADD 34220744,35646257,0.000000,62 
OBJECT_ADD 34215681,35649639,0.000000,62 
OBJECT_ADD 34212655,35649600,0.000000,62 
OBJECT_ADD 34219385,35649760,0.000000,62 
OBJECT_ADD 34210935,35627735,0.000000,62 
OBJECT_ADD 34252703,35644544,0.000000,62 
OBJECT_ADD 33576971,35865778,0.000000,62 
OBJECT_ADD 33575519,35870023,0.000000,62 
OBJECT_ADD 33574396,35874525,0.000000,62 
OBJECT_ADD 33559070,35869294,0.000000,62 
OBJECT_ADD 33568907,35875122,0.000000,62 
OBJECT_ADD 33564669,35879758,0.000000,62 
OBJECT_ADD 33555931,35906643,0.000000,62 
OBJECT_ADD 33557086,35903628,0.000000,62 
OBJECT_ADD 33563333,35933802,0.000000,62 
OBJECT_ADD 33571263,35925834,0.000000,62 
OBJECT_ADD 34074853,35663387,638.000000,62 
OBJECT_ADD 34072763,35727549,638.000000,62 
OBJECT_ADD 34071287,35690384,658.000000,62 
OBJECT_ADD 34070311,35723536,658.000000,62 
OBJECT_ADD 34074058,35685685,658.000000,62 
OBJECT_ADD 34170363,35656019,0.000000,62 
OBJECT_ADD 34209696,35660650,0.000000,62 
OBJECT_ADD 34209482,35656597,0.000000,62 
OBJECT_ADD 34208169,35662951,0.000000,62 
OBJECT_ADD 34205525,35658503,0.000000,62 
OBJECT_ADD 34205301,35654193,0.000000,62 
OBJECT_ADD 34191070,35653055,0.000000,62 
OBJECT_ADD 34125488,35782588,90.000000,62 
OBJECT_ADD 34196261,35689762,180.000000,62 
OBJECT_ADD 34194264,35687439,180.000000,62 
OBJECT_ADD 34192797,35689717,180.000000,62 
OBJECT_ADD 34179942,35691449,180.000000,62 
OBJECT_ADD 34174427,35703256,180.000000,62 
OBJECT_ADD 34176667,35701549,180.000000,62 
OBJECT_ADD 34178291,35703342,180.000000,62 
OBJECT_ADD 34180721,35702278,180.000000,62 
OBJECT_ADD 34182651,35700435,180.000000,62 
OBJECT_ADD 34193629,35706291,180.000000,62 
OBJECT_ADD 34194375,35708540,180.000000,62 
OBJECT_ADD 34197871,35707172,180.000000,62 
OBJECT_ADD 34173814,35684565,180.000000,62 
OBJECT_ADD 34170605,35677284,180.000000,62 
OBJECT_ADD 34168379,35681396,180.000000,62 
OBJECT_ADD 34171092,35682995,180.000000,62 
OBJECT_ADD 34166560,35680078,180.000000,62 
OBJECT_ADD 34173893,35676666,180.000000,62 
OBJECT_ADD 34175712,35673966,180.000000,62 
OBJECT_ADD 34181516,35683484,180.000000,62 
OBJECT_ADD 34185048,35681594,180.000000,62 
OBJECT_ADD 34185846,35711969,180.000000,62 
OBJECT_ADD 34198085,35668563,180.000000,62 
OBJECT_ADD 34191427,35678787,180.000000,62 
OBJECT_ADD 34194285,35678547,180.000000,62 
OBJECT_ADD 34161322,35709972,180.000000,62 
OBJECT_ADD 34164606,35711030,180.000000,62 
OBJECT_ADD 34167934,35666261,180.000000,62 
OBJECT_ADD 34205690,35685232,180.000000,62 
OBJECT_ADD 34201352,35677408,180.000000,62 
OBJECT_ADD 34208905,35691901,180.000000,62 
OBJECT_ADD 34165745,35672101,180.000000,62 
OBJECT_ADD 34169675,35670231,180.000000,62 
OBJECT_ADD 34201055,35689858,180.000000,62 
OBJECT_ADD 34202528,35690831,180.000000,62 
OBJECT_ADD 34169054,35658755,180.000000,62 
OBJECT_ADD 34184872,35651946,180.000000,62 
OBJECT_ADD 34174934,35655409,180.000000,62 
OBJECT_ADD 34177823,35653481,180.000000,62 
OBJECT_ADD 34188107,35652653,180.000000,62 
OBJECT_ADD 34191381,35653734,180.000000,62 
OBJECT_ADD 34198029,35668780,180.000000,62 
OBJECT_ADD 34189341,35669088,180.000000,62 
OBJECT_ADD 34140891,35656522,180.000000,62 
OBJECT_ADD 34201767,35729049,0.000000,62 
OBJECT_ADD 34202078,35724466,0.000000,62 
OBJECT_ADD 34116942,35693894,638.000000,62 
OBJECT_ADD 34120051,35677689,638.000000,62 
OBJECT_ADD 34122920,35691819,638.000000,62 
OBJECT_ADD 34123742,35721600,638.000000,62 
OBJECT_ADD 34116102,35743824,638.000000,62 
OBJECT_ADD 34132440,35703011,638.000000,62 
OBJECT_ADD 34110755,35676838,638.000000,62 
OBJECT_ADD 34094043,35693200,638.000000,62 
OBJECT_ADD 34118301,35671329,638.000000,62 
OBJECT_ADD 34129603,35688420,638.000000,62 
OBJECT_ADD 34116931,35684306,638.000000,62 
OBJECT_ADD 34085150,35730035,615.000000,62 
OBJECT_ADD 34092030,35664719,615.000000,62 
OBJECT_ADD 34101302,35697770,615.000000,62 
OBJECT_ADD 34115473,35687851,615.000000,62 
OBJECT_ADD 34106376,35692849,615.000000,62 
OBJECT_ADD 34105887,35698238,615.000000,62 
OBJECT_ADD 34149062,35675785,615.000000,62 
OBJECT_ADD 34123422,35725391,615.000000,62 
OBJECT_ADD 34122932,35718057,615.000000,62 
OBJECT_ADD 34086132,35679721,615.000000,62 
OBJECT_ADD 34115379,35700416,615.000000,62 
OBJECT_ADD 34091991,35679173,615.000000,62 
OBJECT_ADD 34123797,35699494,615.000000,62 
OBJECT_ADD 34175714,35724534,572.000000,63 
OBJECT_ADD 34116993,35708983,561.000000,63 
OBJECT_ADD 34135543,35666742,638.000000,63 
OBJECT_ADD 34123587,35708477,638.000000,62 
OBJECT_ADD 34126040,35712822,638.000000,62 
OBJECT_ADD 34147009,35724839,638.000000,62 
OBJECT_ADD 34082577,35738602,638.000000,62 
OBJECT_ADD 34158940,35731351,638.000000,62 
OBJECT_ADD 34115214,35716681,638.000000,62 
OBJECT_ADD 34082393,35673021,638.000000,62 
OBJECT_ADD 34101315,35652269,638.000000,62 
OBJECT_ADD 34118464,35682327,638.000000,62 
OBJECT_ADD 34112586,35672780,638.000000,62 
OBJECT_ADD 34111425,35667407,638.000000,62 
OBJECT_ADD 34123919,35680391,638.000000,62 
OBJECT_ADD 34129290,35740909,658.000000,62 
OBJECT_ADD 34101550,35718628,658.000000,62 
OBJECT_ADD 34106120,35670065,658.000000,62 
OBJECT_ADD 34126672,35751269,658.000000,62 
OBJECT_ADD 34152581,35739612,658.000000,62 
OBJECT_ADD 34124500,35747558,658.000000,62 
OBJECT_ADD 34139688,35724131,658.000000,62 
OBJECT_ADD 34126321,35733386,658.000000,62 
OBJECT_ADD 34113261,35748991,658.000000,62 
OBJECT_ADD 34110433,35716267,658.000000,62 
OBJECT_ADD 34109405,35721889,658.000000,62 
OBJECT_ADD 34106692,35721039,658.000000,62 
OBJECT_ADD 34126560,35736634,658.000000,62 
OBJECT_ADD 34129407,35707594,658.000000,62 
OBJECT_ADD 34142526,35694906,658.000000,62 
OBJECT_ADD 34139088,35699072,658.000000,62 
OBJECT_ADD 34135460,35698222,658.000000,62 
OBJECT_ADD 34127580,35723270,658.000000,62 
OBJECT_ADD 34132864,35720403,658.000000,62 
OBJECT_ADD 34146249,35712092,658.000000,62 
OBJECT_ADD 34154174,35700673,658.000000,62 
OBJECT_ADD 34137021,35719035,658.000000,62 
OBJECT_ADD 34142586,35716001,658.000000,62 
OBJECT_ADD 34159362,35694021,658.000000,62 
OBJECT_ADD 34153020,35696402,658.000000,62 
OBJECT_ADD 34120212,35688431,658.000000,62 
OBJECT_ADD 34117599,35666452,658.000000,62 
OBJECT_ADD 34117660,35654809,658.000000,62 
OBJECT_ADD 34124742,35658640,658.000000,62 
OBJECT_ADD 34106949,35663710,658.000000,62 
OBJECT_ADD 34115067,35661192,658.000000,62 
OBJECT_ADD 34124851,35668720,658.000000,62 
OBJECT_ADD 34106192,35674438,658.000000,62 
OBJECT_ADD 34147067,35687977,658.000000,62 
OBJECT_ADD 34144366,35689780,658.000000,62 
OBJECT_ADD 34145395,35668920,658.000000,62 
OBJECT_ADD 34093960,35651680,658.000000,62 
OBJECT_ADD 34087727,35652291,658.000000,62 
OBJECT_ADD 34098518,35702187,658.000000,62 
OBJECT_ADD 34097247,35696618,658.000000,62 
OBJECT_ADD 34088791,35692803,658.000000,62 
OBJECT_ADD 34099895,35674167,658.000000,62 
OBJECT_ADD 34082400,35655950,658.000000,62 
OBJECT_ADD 34087202,35666924,658.000000,62 
OBJECT_ADD 34086678,35694341,658.000000,62 
OBJECT_ADD 34114753,35755060,90.000000,62 
OBJECT_ADD 34123110,35770021,90.000000,62 
OBJECT_ADD 34117461,35747414,90.000000,62 
OBJECT_ADD 34116570,35756077,90.000000,62 
OBJECT_ADD 34117668,35753523,90.000000,62 
OBJECT_ADD 34119942,35750421,67.000000,62 
OBJECT_ADD 34130593,35764349,13.000000,63 
OBJECT_ADD 34130502,35731914,90.000000,62 
OBJECT_ADD 34141634,35757588,90.000000,62 
OBJECT_ADD 34133997,35733249,90.000000,62 
OBJECT_ADD 34136569,35732302,90.000000,62 
OBJECT_ADD 34141901,35729305,90.000000,62 
OBJECT_ADD 34207058,35782199,90.000000,62 
OBJECT_ADD 34105016,35766540,90.000000,62 
OBJECT_ADD 34106942,35768819,90.000000,62 
OBJECT_ADD 34109007,35770756,90.000000,62 
OBJECT_ADD 34110609,35773686,90.000000,62 
OBJECT_ADD 34133524,35775675,90.000000,62 
OBJECT_ADD 34120999,35780896,90.000000,62 
OBJECT_ADD 34119206,35778743,90.000000,62 
OBJECT_ADD 34162016,35692593,180.000000,62 
OBJECT_ADD 34165490,35695680,180.000000,62 
OBJECT_ADD 34164579,35678133,180.000000,62 
OBJECT_ADD 34161184,35690032,180.000000,62 
OBJECT_ADD 34162153,35681904,180.000000,62 
OBJECT_ADD 34160809,35683980,180.000000,62 
OBJECT_ADD 34160648,35679419,180.000000,62 
OBJECT_ADD 34165571,35664286,180.000000,62 
OBJECT_ADD 34157800,35693116,180.000000,62 
OBJECT_ADD 34153283,35682567,180.000000,62 
OBJECT_ADD 34155020,35685394,180.000000,62 
OBJECT_ADD 34152434,35694798,180.000000,62 
OBJECT_ADD 34158273,35695197,180.000000,62 
OBJECT_ADD 34152881,35696827,180.000000,62 
OBJECT_ADD 34205015,35727490,0.000000,62 
OBJECT_ADD 34196330,35724151,0.000000,62 
OBJECT_ADD 34203478,35733361,0.000000,62 
OBJECT_ADD 34203106,35736886,0.000000,62 
OBJECT_ADD 34199526,35738197,0.000000,62 
OBJECT_ADD 34202280,35743417,0.000000,62 
OBJECT_ADD 34176693,35736615,0.000000,62 
OBJECT_ADD 34181270,35744959,90.000000,62 
OBJECT_ADD 34184852,35746551,90.000000,62 
OBJECT_ADD 34158836,35732160,90.000000,62 
OBJECT_ADD 34158977,35728242,90.000000,62 
OBJECT_ADD 34149662,35726025,90.000000,62 
OBJECT_ADD 34154973,35778109,67.000000,62 
OBJECT_ADD 34150048,35757294,67.000000,62 
OBJECT_ADD 34148654,35764267,67.000000,62 
OBJECT_ADD 34148715,35761282,67.000000,62 
OBJECT_ADD 34146369,35758561,67.000000,62 
OBJECT_ADD 34144093,35760983,67.000000,62 
OBJECT_ADD 34144212,35763921,67.000000,62 
OBJECT_ADD 34161198,35749946,24.000000,63 
OBJECT_ADD 34148532,35777467,90.000000,63 
OBJECT_ADD 34142909,35733368,90.000000,62 
OBJECT_ADD 34128847,35738815,90.000000,62 
OBJECT_ADD 34183613,35753144,90.000000,62 
OBJECT_ADD 34188305,35751442,90.000000,62 
OBJECT_ADD 34193456,35750197,90.000000,62 
OBJECT_ADD 34176727,35755479,90.000000,62 
OBJECT_ADD 34181213,35756763,90.000000,62 
OBJECT_ADD 34185284,35756666,90.000000,62 
OBJECT_ADD 34190461,35756721,90.000000,62 
OBJECT_ADD 34194732,35754314,90.000000,62 
OBJECT_ADD 34202115,35751333,90.000000,62 
OBJECT_ADD 34160691,35771072,90.000000,62 
OBJECT_ADD 34160689,35774639,90.000000,62 
OBJECT_ADD 34171345,35777169,90.000000,62 
OBJECT_ADD 34152913,35750398,90.000000,62 
OBJECT_ADD 34134745,35789197,90.000000,62 
OBJECT_ADD 34132977,35785739,90.000000,62 
OBJECT_ADD 34124317,35789032,90.000000,62 
OBJECT_ADD 34130292,35787298,90.000000,62 
OBJECT_ADD 34127789,35789927,90.000000,62 
OBJECT_ADD 34132543,35790778,90.000000,62 
OBJECT_ADD 34121929,35786803,90.000000,62 
OBJECT_ADD 34120267,35784331,90.000000,62 
OBJECT_ADD 34128214,35784254,90.000000,62 
OBJECT_ADD 34134548,35782930,90.000000,62 
OBJECT_ADD 34138992,35785684,90.000000,62 
OBJECT_ADD 34124989,35785514,90.000000,62 
OBJECT_ADD 34158727,35796538,90.000000,62 
OBJECT_ADD 34147464,35801966,90.000000,62 
OBJECT_ADD 34150527,35802548,67.000000,62 
OBJECT_ADD 34175713,35818365,90.000000,62 
OBJECT_ADD 34175074,35822745,90.000000,62 
OBJECT_ADD 34172195,35819923,90.000000,62 
OBJECT_ADD 34203712,35820748,90.000000,62 
OBJECT_ADD 34187602,35818843,90.000000,62 
OBJECT_ADD 34186596,35825674,90.000000,62 
OBJECT_ADD 34189042,35814116,90.000000,62 
OBJECT_ADD 34199191,35793616,90.000000,62 
OBJECT_ADD 34197938,35796656,90.000000,62 
OBJECT_ADD 34195752,35799168,90.000000,62 
OBJECT_ADD 34197466,35818193,90.000000,62 
OBJECT_ADD 34189683,35811447,90.000000,62 
OBJECT_ADD 34172856,35815878,90.000000,62 
OBJECT_ADD 34177011,35821623,90.000000,62 
OBJECT_ADD 34174418,35804580,90.000000,62 
OBJECT_ADD 34180229,35789855,90.000000,62 
OBJECT_ADD 34179474,35791989,90.000000,62 
OBJECT_ADD 34179068,35794692,90.000000,62 
OBJECT_ADD 34178709,35796829,90.000000,62 
OBJECT_ADD 34179493,35799196,90.000000,62 
OBJECT_ADD 34149012,35793455,90.000000,62 
OBJECT_ADD 34147890,35796962,90.000000,62 
OBJECT_ADD 34160545,35818418,90.000000,62 
OBJECT_ADD 34161112,35808412,90.000000,62 
OBJECT_ADD 34155811,35806705,90.000000,62 
OBJECT_ADD 34154318,35814779,90.000000,62 
OBJECT_ADD 34153719,35817191,90.000000,62 
OBJECT_ADD 34180931,35786856,90.000000,62 
OBJECT_ADD 34168005,35817711,90.000000,62 
OBJECT_ADD 34167759,35820924,90.000000,62 
OBJECT_ADD 34173512,35825777,90.000000,62 
OBJECT_ADD 34170229,35814454,90.000000,62 
OBJECT_ADD 34209732,35788943,90.000000,62 
OBJECT_ADD 34220619,35664423,0.000000,62 
OBJECT_ADD 34224506,35666634,0.000000,62 
OBJECT_ADD 34223247,35660322,0.000000,62 
OBJECT_ADD 34226719,35662668,0.000000,62 
OBJECT_ADD 34236599,35662953,0.000000,62 
OBJECT_ADD 34239271,35660345,0.000000,62 
OBJECT_ADD 34254488,35700929,-20.000000,62 
OBJECT_ADD 34251720,35698027,-20.000000,62 
OBJECT_ADD 34269727,35700250,-20.000000,62 
OBJECT_ADD 34284156,35696950,-20.000000,62 
OBJECT_ADD 34266495,35695736,-20.000000,62 
OBJECT_ADD 34282610,35701018,-43.000000,62 
OBJECT_ADD 34224886,35700610,-20.000000,62 
OBJECT_ADD 34259475,35699579,-20.000000,62 
OBJECT_ADD 34247894,35697867,-20.000000,62 
OBJECT_ADD 34242029,35696380,-20.000000,62 
OBJECT_ADD 34275933,35698405,-20.000000,62 
OBJECT_ADD 34271027,35683994,0.000000,62 
OBJECT_ADD 34275445,35687306,0.000000,62 
OBJECT_ADD 34291292,35687744,0.000000,62 
OBJECT_ADD 34291950,35682090,0.000000,62 
OBJECT_ADD 34305611,35694435,0.000000,62 
OBJECT_ADD 34299964,35693255,0.000000,62 
OBJECT_ADD 34300862,35697871,0.000000,62 
OBJECT_ADD 34254188,35656286,0.000000,62 
OBJECT_ADD 34263016,35671739,0.000000,62 
OBJECT_ADD 34258697,35657785,0.000000,62 
OBJECT_ADD 34262013,35658705,0.000000,62 
OBJECT_ADD 34274147,35681240,0.000000,62 
OBJECT_ADD 34225654,35686583,0.000000,62 
OBJECT_ADD 34229740,35689496,0.000000,62 
OBJECT_ADD 34229853,35686586,0.000000,62 
OBJECT_ADD 34233169,35690335,0.000000,62 
OBJECT_ADD 34237596,35689130,0.000000,62 
OBJECT_ADD 34240605,35700482,0.000000,62 
OBJECT_ADD 34243567,35688071,0.000000,62 
OBJECT_ADD 34247563,35689247,0.000000,62 
OBJECT_ADD 34245608,35694814,0.000000,62 
OBJECT_ADD 34273382,35684118,0.000000,62 
OBJECT_ADD 34268909,35682376,0.000000,62 
OBJECT_ADD 34270409,35679325,0.000000,62 
OBJECT_ADD 34221790,35683775,0.000000,62 
OBJECT_ADD 34216929,35728766,0.000000,62 
OBJECT_ADD 34214908,35732302,0.000000,62 
OBJECT_ADD 34214030,35735813,0.000000,62 
OBJECT_ADD 34213400,35740508,0.000000,62 
OBJECT_ADD 34220213,35781067,90.000000,62 
OBJECT_ADD 34210498,35782390,90.000000,62 
OBJECT_ADD 34226715,35711685,-20.000000,62 
OBJECT_ADD 34297446,35725325,-20.000000,62 
OBJECT_ADD 34294894,35726806,-20.000000,62 
OBJECT_ADD 34295776,35724269,-20.000000,62 
OBJECT_ADD 34252076,35703578,-20.000000,62 
OBJECT_ADD 34252191,35726470,-20.000000,62 
OBJECT_ADD 34257560,35707930,-20.000000,62 
OBJECT_ADD 34260027,35703506,-20.000000,62 
OBJECT_ADD 34268554,35723172,-43.000000,62 
OBJECT_ADD 34265011,35709902,-43.000000,62 
OBJECT_ADD 34265048,35721623,-43.000000,62 
OBJECT_ADD 34261064,35707198,-43.000000,62 
OBJECT_ADD 34267487,35712549,-43.000000,62 
OBJECT_ADD 34267630,35718794,-43.000000,62 
OBJECT_ADD 34298122,35716011,-43.000000,62 
OBJECT_ADD 34295571,35714075,-43.000000,62 
OBJECT_ADD 34276315,35715337,-43.000000,62 
OBJECT_ADD 34273419,35710374,-43.000000,62 
OBJECT_ADD 34258617,35711653,-43.000000,62 
OBJECT_ADD 34270899,35705378,-43.000000,62 
OBJECT_ADD 34259187,35714494,-86.000000,63 
OBJECT_ADD 34284642,35711139,-97.000000,63 
OBJECT_ADD 34254557,35706502,-20.000000,63 
OBJECT_ADD 34285997,35704315,-20.000000,62 
OBJECT_ADD 34288800,35706223,-20.000000,62 
OBJECT_ADD 34303009,35719705,-20.000000,62 
OBJECT_ADD 34300677,35718287,-20.000000,62 
OBJECT_ADD 34289870,35707347,-20.000000,62 
OBJECT_ADD 34294490,35708258,-20.000000,62 
OBJECT_ADD 34253164,35724040,-20.000000,62 
OBJECT_ADD 34282066,35734787,0.000000,62 
OBJECT_ADD 34280744,35737829,0.000000,62 
OBJECT_ADD 34303297,35733310,0.000000,62 
OBJECT_ADD 34299243,35734390,0.000000,62 
OBJECT_ADD 34247568,35743714,0.000000,62 
OBJECT_ADD 34219357,35696034,0.000000,62 
OBJECT_ADD 34220064,35700871,0.000000,62 
OBJECT_ADD 34221819,35710303,0.000000,62 
OBJECT_ADD 34263289,35735015,0.000000,62 
OBJECT_ADD 34261873,35731518,0.000000,62 
OBJECT_ADD 34259434,35731221,0.000000,62 
OBJECT_ADD 34256164,35749797,0.000000,62 
OBJECT_ADD 34237464,35724996,0.000000,62 
OBJECT_ADD 34244760,35753920,0.000000,62 
OBJECT_ADD 34262419,35746621,0.000000,62 
OBJECT_ADD 34248083,35740019,0.000000,62 
OBJECT_ADD 34241592,35740369,0.000000,62 
OBJECT_ADD 34304342,35717567,-20.000000,62 
OBJECT_ADD 34316471,35720793,0.000000,62 
OBJECT_ADD 34325805,35722029,0.000000,62 
OBJECT_ADD 34326815,35726079,0.000000,62 
OBJECT_ADD 34319779,35726154,0.000000,62 
OBJECT_ADD 34320929,35729346,0.000000,62 
OBJECT_ADD 34314733,35728713,0.000000,62 
OBJECT_ADD 34313189,35731305,0.000000,62 
OBJECT_ADD 34308181,35733830,0.000000,62 
OBJECT_ADD 34310555,35726800,0.000000,62 
OBJECT_ADD 34217389,35828185,90.000000,62 
OBJECT_ADD 34229177,35803995,90.000000,62 
OBJECT_ADD 34231283,35793747,67.000000,62 
OBJECT_ADD 34227976,35792580,67.000000,62 
OBJECT_ADD 34222671,35814193,67.000000,62 
OBJECT_ADD 34214235,35787163,67.000000,62 
OBJECT_ADD 34222546,35785643,90.000000,62 
OBJECT_ADD 34224845,35783232,90.000000,62 
OBJECT_ADD 34216850,35783868,90.000000,62
OBJECT_ADD 33313478,35886044,0.000000,62 
OBJECT_ADD 33304941,35888358,0.000000,62 
OBJECT_ADD 33335273,35940267,0.000000,62 
OBJECT_ADD 33293971,35882822,0.000000,62 
OBJECT_ADD 33320232,35901326,0.000000,62 
OBJECT_ADD 33301736,35887884,0.000000,62 
OBJECT_ADD 33365214,35926607,0.000000,62 
OBJECT_ADD 33301467,35883678,0.000000,62 
OBJECT_ADD 33326019,35888336,0.000000,62 
OBJECT_ADD 33352094,35910156,0.000000,62 
OBJECT_ADD 33319724,35886235,0.000000,62 
OBJECT_ADD 33311780,36002040,0.000000,62 
OBJECT_ADD 33313778,36004362,0.000000,62 
OBJECT_ADD 33315244,36002082,0.000000,62 
OBJECT_ADD 33328416,36003838,0.000000,62 
OBJECT_ADD 33353211,35954724,0.000000,62 
OBJECT_ADD 33385321,36006877,0.000000,62 
OBJECT_ADD 33263914,36004627,0.000000,62 
OBJECT_ADD 33270563,36001660,0.000000,62 
OBJECT_ADD 33274801,35997877,0.000000,62 
OBJECT_ADD 33336808,35984265,0.000000,62 
OBJECT_ADD 33374846,35951626,0.000000,62 
OBJECT_ADD 33372092,35949685,0.000000,62 
OBJECT_ADD 33373981,35993429,0.000000,62 
OBJECT_ADD 33358766,36035373,0.000000,62 
OBJECT_ADD 33275425,35976438,0.000000,62 
OBJECT_ADD 33269497,35973557,0.000000,62 
OBJECT_ADD 33273850,35970602,0.000000,62 
OBJECT_ADD 33278541,35974084,0.000000,62 
OBJECT_ADD 33333245,36017676,0.000000,62 
OBJECT_ADD 33283822,36038816,0.000000,62 
OBJECT_ADD 33285407,36029090,0.000000,62 
OBJECT_ADD 33288914,36025015,0.000000,62 
OBJECT_ADD 33300576,36033912,0.000000,62 
OBJECT_ADD 33313220,36015255,0.000000,62 
OBJECT_ADD 33288915,36019274,0.000000,62 
OBJECT_ADD 33288961,36014195,0.000000,62 
OBJECT_ADD 33280911,35996667,0.000000,62 
OBJECT_ADD 33290968,35993603,0.000000,62 
OBJECT_ADD 33279143,35969782,0.000000,62 
OBJECT_ADD 33370881,35970373,0.000000,62 
OBJECT_ADD 33344033,36047618,0.000000,62 
OBJECT_ADD 33292573,36009708,0.000000,62 
OBJECT_ADD 33305808,36022895,0.000000,62 
OBJECT_ADD 33298107,35985380,0.000000,62 
OBJECT_ADD 33307594,35947135,0.000000,62 
OBJECT_ADD 33304752,35943243,0.000000,62 
OBJECT_ADD 33325492,35957820,0.000000,62 
OBJECT_ADD 33331864,35956799,0.000000,62 
OBJECT_ADD 33363684,35984250,0.000000,62 
OBJECT_ADD 33315477,35969220,0.000000,62 
OBJECT_ADD 33321426,35972162,0.000000,62 
OBJECT_ADD 33340352,36031587,0.000000,62 
OBJECT_ADD 33347664,35976433,0.000000,62 
OBJECT_ADD 33347212,35972852,0.000000,62 
OBJECT_ADD 33333137,36048484,0.000000,62 
OBJECT_ADD 33350378,35981617,0.000000,62 
OBJECT_ADD 33326584,36050928,0.000000,62 
OBJECT_ADD 33323705,36048049,0.000000,62 
OBJECT_ADD 33319479,36035222,0.000000,62 
OBJECT_ADD 33316426,36039765,0.000000,62 
OBJECT_ADD 33317154,36043882,0.000000,62 
OBJECT_ADD 33301570,36029848,0.000000,62 
OBJECT_ADD 33328547,35974311,0.000000,62 
OBJECT_ADD 33335368,35954215,0.000000,62 
OBJECT_ADD 33353021,36006405,0.000000,62 
OBJECT_ADD 33358765,36018584,0.000000,62 
OBJECT_ADD 33347818,35996762,0.000000,62 
OBJECT_ADD 33358793,36011570,0.000000,62 
OBJECT_ADD 33332425,35982748,0.000000,62 
OBJECT_ADD 33291507,35901314,0.000000,62 
OBJECT_ADD 33293505,35903636,0.000000,62 
OBJECT_ADD 33294971,35901356,0.000000,62 
OBJECT_ADD 33307827,35899623,0.000000,62 
OBJECT_ADD 33313954,35906511,0.000000,62 
OBJECT_ADD 33320084,35914775,0.000000,62 
OBJECT_ADD 33317643,35908383,0.000000,62 
OBJECT_ADD 33322686,35909233,0.000000,62 
OBJECT_ADD 33316934,35901304,0.000000,62 
OBJECT_ADD 33311104,35914362,0.000000,62 
OBJECT_ADD 33305483,35911637,0.000000,62 
OBJECT_ADD 33374367,35934088,0.000000,62 
OBJECT_ADD 33369492,35933444,0.000000,62 
OBJECT_ADD 33362818,35938638,0.000000,62 
OBJECT_ADD 33273526,35938045,0.000000,62 
OBJECT_ADD 33255784,35882984,0.000000,62 
OBJECT_ADD 33252794,35878284,0.000000,62 
OBJECT_ADD 33365636,35921637,0.000000,62 
OBJECT_ADD 33366698,35916567,0.000000,62 
OBJECT_ADD 33375358,35932563,0.000000,62 
OBJECT_ADD 33317134,35921076,0.000000,62 
OBJECT_ADD 33322376,35920284,0.000000,62 
OBJECT_ADD 33320444,35958876,0.000000,62 
OBJECT_ADD 33320527,35953702,0.000000,62 
OBJECT_ADD 33282242,35914694,0.000000,62 
OBJECT_ADD 33320615,35950436,0.000000,62 
OBJECT_ADD 33307037,35941308,0.000000,62 
OBJECT_ADD 33271886,35875649,0.000000,62 
OBJECT_ADD 33279622,35879152,0.000000,62 
OBJECT_ADD 33326584,35900973,0.000000,62 
OBJECT_ADD 33266451,35896012,0.000000,62 
OBJECT_ADD 33323041,35885428,0.000000,62 
OBJECT_ADD 33303027,35914655,0.000000,62 
OBJECT_ADD 33285400,35921255,0.000000,62 
OBJECT_ADD 33293300,35921942,0.000000,62 
OBJECT_ADD 33264324,35888884,0.000000,62 
OBJECT_ADD 33266368,35884934,0.000000,62 
OBJECT_ADD 33316273,35927659,0.000000,62 
OBJECT_ADD 33308004,35920736,0.000000,62 
OBJECT_ADD 33300180,35929541,0.000000,62 
OBJECT_ADD 33292752,35927747,0.000000,62 
OBJECT_ADD 33290047,35939792,0.000000,62 
OBJECT_ADD 33304333,35925041,0.000000,62 
OBJECT_ADD 33277802,35885176,0.000000,62 
OBJECT_ADD 33333404,35908880,0.000000,62 
OBJECT_ADD 33310649,35900485,0.000000,62 
OBJECT_ADD 33281703,35889689,0.000000,62 
OBJECT_ADD 33310108,35889600,0.000000,62 
OBJECT_ADD 33360413,35945181,0.000000,62 
OBJECT_ADD 33353854,35947338,0.000000,62 
OBJECT_ADD 33350936,35943591,0.000000,62 
OBJECT_ADD 33331133,35941140,0.000000,62 
OBJECT_ADD 33340837,35934140,0.000000,62 
OBJECT_ADD 33330397,35911255,0.000000,62 
OBJECT_ADD 33343267,35925823,0.000000,62 
OBJECT_ADD 33344441,35922922,0.000000,62 
OBJECT_ADD 33324746,35933729,0.000000,62 
OBJECT_ADD 33357434,35938455,0.000000,62 
OBJECT_ADD 33331288,35937112,0.000000,62 
OBJECT_ADD 33307764,35926319,0.000000,62 
OBJECT_ADD 33338366,35922090,0.000000,62 
OBJECT_ADD 33436418,35648280,0.000000,62 
OBJECT_ADD 33254469,35677990,0.000000,62 
OBJECT_ADD 33257113,35674963,0.000000,62 
OBJECT_ADD 33258808,35671276,0.000000,62 
OBJECT_ADD 33344014,35667311,0.000000,62 
OBJECT_ADD 33352929,35654784,0.000000,62 
OBJECT_ADD 33355186,35686362,0.000000,62 
OBJECT_ADD 33318385,35673011,0.000000,62 
OBJECT_ADD 33399069,35690114,0.000000,62 
OBJECT_ADD 33359408,35654592,0.000000,62 
OBJECT_ADD 33373563,35694735,0.000000,62 
OBJECT_ADD 33363247,35653962,0.000000,62 
OBJECT_ADD 33376027,35682458,0.000000,62 
OBJECT_ADD 33365070,35692014,0.000000,62 
OBJECT_ADD 33363817,35688849,0.000000,62 
OBJECT_ADD 33363363,35686019,0.000000,62 
OBJECT_ADD 33393634,35693827,0.000000,62 
OBJECT_ADD 33377552,35685234,0.000000,62 
OBJECT_ADD 33383453,35669619,0.000000,62 
OBJECT_ADD 33386725,35665369,0.000000,62 
OBJECT_ADD 33385531,35670914,0.000000,62 
OBJECT_ADD 33378614,35680994,0.000000,62 
OBJECT_ADD 33387409,35673692,0.000000,62 
OBJECT_ADD 33382303,35680676,0.000000,62 
OBJECT_ADD 33396363,35694180,0.000000,62 
OBJECT_ADD 33405973,35694530,0.000000,62 
OBJECT_ADD 33421778,35685797,0.000000,62 
OBJECT_ADD 33402229,35694423,0.000000,62 
OBJECT_ADD 33499272,35695214,0.000000,62 
OBJECT_ADD 33486980,35662785,0.000000,62 
OBJECT_ADD 33461447,35677556,0.000000,62 
OBJECT_ADD 33424717,35653859,0.000000,62 
OBJECT_ADD 33448286,35668894,0.000000,62 
OBJECT_ADD 33415742,35685155,0.000000,62 
OBJECT_ADD 33498627,35654750,0.000000,62 
OBJECT_ADD 33492362,35682156,0.000000,62 
OBJECT_ADD 33502536,35707179,0.000000,62 
OBJECT_ADD 33441937,35665639,0.000000,62 
OBJECT_ADD 33440101,35712199,0.000000,62 
OBJECT_ADD 33457432,35710678,0.000000,62 
OBJECT_ADD 33473468,35667256,0.000000,62 
OBJECT_ADD 33461090,35717554,0.000000,62 
OBJECT_ADD 33458141,35687523,0.000000,62 
OBJECT_ADD 33444824,35692439,0.000000,62 
OBJECT_ADD 33454753,35684429,0.000000,62 
OBJECT_ADD 33452755,35670377,0.000000,62 
OBJECT_ADD 33464816,35676325,0.000000,62 
OBJECT_ADD 33426918,35688868,0.000000,62 
OBJECT_ADD 33431043,35691175,0.000000,62 
OBJECT_ADD 33437696,35689127,0.000000,62 
OBJECT_ADD 33424507,35691958,0.000000,62 
OBJECT_ADD 33441559,35647061,0.000000,62 
OBJECT_ADD 33482928,35655268,0.000000,62 
OBJECT_ADD 33432015,35683155,0.000000,62 
OBJECT_ADD 33382252,35674268,0.000000,62 
OBJECT_ADD 33478806,35653913,0.000000,62 
OBJECT_ADD 33484503,35655444,0.000000,62 
OBJECT_ADD 33489911,35652883,0.000000,62 
OBJECT_ADD 33379742,35677100,0.000000,62 
