OBJECT_ADD 37068967,48134320,0.000000,62 
OBJECT_ADD 37078925,48153606,0.000000,62 
OBJECT_ADD 37074541,48144398,0.000000,62 
OBJECT_ADD 37076357,48147136,0.000000,62 
OBJECT_ADD 37081137,48150449,0.000000,62 
OBJECT_ADD 37081577,48146000,0.000000,62 
OBJECT_ADD 37064124,48127437,0.000000,62 
OBJECT_ADD 37082407,48132359,0.000000,62 
OBJECT_ADD 37068076,48129203,0.000000,62 
OBJECT_ADD 37075421,48128980,0.000000,62 
OBJECT_ADD 37030645,48209459,-90.000000,62 
OBJECT_ADD 37030141,48199481,-90.000000,62 
OBJECT_ADD 37086754,48189933,-113.000000,62 
OBJECT_ADD 37088148,48220166,-113.000000,62 
OBJECT_ADD 37088851,48160551,-113.000000,62 
OBJECT_ADD 37086886,48205795,-90.000000,62 
OBJECT_ADD 37084907,48221794,-90.000000,62 
OBJECT_ADD 37081178,48218591,-90.000000,62 
OBJECT_ADD 37085313,48185853,-113.000000,62 
OBJECT_ADD 37091588,48182788,-90.000000,62 
OBJECT_ADD 37091115,48198677,-90.000000,62 
OBJECT_ADD 37089016,48194962,-90.000000,62 
OBJECT_ADD 37079579,48205641,-90.000000,62 
OBJECT_ADD 37090078,48173203,0.000000,62 
OBJECT_ADD 37075780,48165243,0.000000,62 
OBJECT_ADD 37076573,48174774,0.000000,62 
OBJECT_ADD 37073758,48177513,0.000000,62 
OBJECT_ADD 37078183,48161248,0.000000,62 
OBJECT_ADD 37082201,48156828,0.000000,62 
OBJECT_ADD 37079274,48165499,0.000000,62 
OBJECT_ADD 37078048,48171973,0.000000,62 
OBJECT_ADD 37074349,48176755,0.000000,62 
OBJECT_ADD 37082353,48161570,0.000000,62 
OBJECT_ADD 37080251,48213539,0.000000,62 
OBJECT_ADD 37085485,48213865,0.000000,62 
OBJECT_ADD 37086309,48163807,0.000000,62 
OBJECT_ADD 37086109,48174472,0.000000,62 
OBJECT_ADD 37081991,48173499,0.000000,62 
OBJECT_ADD 37091043,48174688,0.000000,62 
OBJECT_ADD 37091601,48177872,0.000000,62 
OBJECT_ADD 37070876,48179599,0.000000,62 
OBJECT_ADD 37089628,48210398,-113.000000,62 
OBJECT_ADD 37083859,48209246,-113.000000,62 
OBJECT_ADD 37091768,48182620,-167.000000,63 
OBJECT_ADD 37086557,48213985,-90.000000,62 
OBJECT_ADD 37199507,47998289,-86.000000,62 
OBJECT_ADD 37209539,47989983,-86.000000,62 
OBJECT_ADD 37222005,47987112,-66.000000,62 
OBJECT_ADD 37217730,47991495,-66.000000,62 
OBJECT_ADD 37221639,47995644,-66.000000,62 
OBJECT_ADD 37222727,47980300,-66.000000,62 
OBJECT_ADD 37189796,47995767,-66.000000,62 
OBJECT_ADD 37194542,47993699,-66.000000,62 
OBJECT_ADD 37220628,48019287,-86.000000,62 
OBJECT_ADD 37222152,48015576,-86.000000,62 
OBJECT_ADD 37217456,48068620,-86.000000,62 
OBJECT_ADD 37213421,48066725,-86.000000,62 
OBJECT_ADD 37219858,48076344,-86.000000,62 
OBJECT_ADD 37217229,48018163,-86.000000,62 
OBJECT_ADD 37196931,48027160,-86.000000,62 
OBJECT_ADD 37215482,48024940,-86.000000,62 
OBJECT_ADD 37220527,48025395,-86.000000,62 
OBJECT_ADD 37201138,48066895,-109.000000,62 
OBJECT_ADD 37216710,48032551,-109.000000,62 
OBJECT_ADD 37206359,48030215,-109.000000,62 
OBJECT_ADD 37217575,48027846,-109.000000,62 
OBJECT_ADD 37215299,48035891,-109.000000,62 
OBJECT_ADD 37210485,48042421,-109.000000,62 
OBJECT_ADD 37216832,48046304,-109.000000,62 
OBJECT_ADD 37219634,48039854,-109.000000,62 
OBJECT_ADD 37210433,48027756,-109.000000,62 
OBJECT_ADD 37223531,48028932,-109.000000,62 
OBJECT_ADD 37210148,48029095,-152.000000,63 
OBJECT_ADD 37223567,48050983,-163.000000,63 
OBJECT_ADD 37215565,48021618,-86.000000,63 
OBJECT_ADD 37222559,48072452,-86.000000,62 
OBJECT_ADD 37222294,48066600,-86.000000,62 
OBJECT_ADD 37213566,48054198,-86.000000,62 
OBJECT_ADD 37212135,48050040,-86.000000,62 
OBJECT_ADD 37198975,48027479,-86.000000,62 
OBJECT_ADD 37223888,48023292,-86.000000,62 
OBJECT_ADD 37220743,48012017,-86.000000,62 
OBJECT_ADD 37218492,48006967,-86.000000,62 
OBJECT_ADD 37200915,48058249,-66.000000,62 
OBJECT_ADD 37197742,48058211,-66.000000,62 
OBJECT_ADD 37200029,48087416,-66.000000,62 
OBJECT_ADD 37213210,48087937,-66.000000,62 
OBJECT_ADD 37219411,48091099,-66.000000,62 
OBJECT_ADD 37219808,48088402,-66.000000,62 
OBJECT_ADD 37219484,48084371,-66.000000,62 
OBJECT_ADD 37219379,48071590,-66.000000,62 
OBJECT_ADD 37223016,48075101,-66.000000,62 
OBJECT_ADD 37201850,48072143,-66.000000,62 
OBJECT_ADD 37215602,48073547,-66.000000,62 
OBJECT_ADD 37221764,48043613,-66.000000,62 
OBJECT_ADD 37223054,48063714,-66.000000,62 
OBJECT_ADD 37220026,48000872,-66.000000,62 
OBJECT_ADD 37216108,47998416,-66.000000,62 
OBJECT_ADD 37217132,48011807,-66.000000,62 
OBJECT_ADD 37223416,48008022,-66.000000,62 
OBJECT_ADD 37208950,48014381,-66.000000,62 
OBJECT_ADD 37219211,47973995,-66.000000,62 
OBJECT_ADD 37178726,48030368,-66.000000,62 
OBJECT_ADD 37203089,48034414,-66.000000,62 
OBJECT_ADD 37181425,48052413,-66.000000,62 
OBJECT_ADD 37182104,48048392,-66.000000,62 
OBJECT_ADD 37208499,48055235,-66.000000,62 
OBJECT_ADD 37177032,48022494,-66.000000,62 
OBJECT_ADD 37174964,48018994,-66.000000,62 
OBJECT_ADD 37182193,48020443,-66.000000,62 
OBJECT_ADD 37201272,48017607,-66.000000,62 
OBJECT_ADD 37095256,48136377,0.000000,62 
OBJECT_ADD 37129263,48162809,-113.000000,62 
OBJECT_ADD 37104441,48182348,-113.000000,62 
OBJECT_ADD 37121208,48166335,-113.000000,62 
OBJECT_ADD 37093830,48223849,-113.000000,62 
OBJECT_ADD 37100444,48217939,-113.000000,62 
OBJECT_ADD 37118295,48191814,-113.000000,62 
OBJECT_ADD 37115439,48163367,-113.000000,62 
OBJECT_ADD 37093681,48213910,-113.000000,62 
OBJECT_ADD 37126144,48163842,-113.000000,62 
OBJECT_ADD 37120546,48190835,-113.000000,62 
OBJECT_ADD 37114270,48198130,-113.000000,62 
OBJECT_ADD 37110352,48144722,-113.000000,62 
OBJECT_ADD 37112632,48201778,-113.000000,62 
OBJECT_ADD 37109402,48211113,-113.000000,62 
OBJECT_ADD 37104727,48160219,-113.000000,62 
OBJECT_ADD 37103528,48209252,-113.000000,62 
OBJECT_ADD 37097334,48169692,-156.000000,63 
OBJECT_ADD 37112076,48156574,-90.000000,62 
OBJECT_ADD 37124833,48217666,-90.000000,62 
OBJECT_ADD 37105215,48214269,-90.000000,62 
OBJECT_ADD 37107376,48207316,-90.000000,62 
OBJECT_ADD 37121839,48195315,-90.000000,62 
OBJECT_ADD 37116093,48194107,-90.000000,62 
OBJECT_ADD 37126959,48172446,-90.000000,62 
OBJECT_ADD 37122440,48175422,-90.000000,62 
OBJECT_ADD 37116651,48167680,-113.000000,62 
OBJECT_ADD 37111006,48175210,-156.000000,63 
OBJECT_ADD 37113369,48185301,-113.000000,62 
OBJECT_ADD 37118490,48227138,-90.000000,62 
OBJECT_ADD 37106547,48226506,-90.000000,62 
OBJECT_ADD 37113241,48171572,-90.000000,62 
OBJECT_ADD 37099461,48188299,-90.000000,62 
OBJECT_ADD 37102644,48183172,-90.000000,62 
OBJECT_ADD 37095002,48231170,-90.000000,62 
OBJECT_ADD 37112713,48150406,0.000000,62 
OBJECT_ADD 37097219,48206522,0.000000,62 
OBJECT_ADD 37147797,48154970,0.000000,62 
OBJECT_ADD 37155118,48141539,0.000000,62 
OBJECT_ADD 37149015,48144010,0.000000,62 
OBJECT_ADD 37099143,48202929,0.000000,62 
OBJECT_ADD 37145552,48139703,0.000000,62 
OBJECT_ADD 37108044,48128831,0.000000,62 
OBJECT_ADD 37153269,48159139,0.000000,62 
OBJECT_ADD 37155269,48138714,0.000000,62 
OBJECT_ADD 37136031,48130675,0.000000,62 
OBJECT_ADD 37137090,48153010,0.000000,62 
OBJECT_ADD 37131284,48170380,0.000000,62 
OBJECT_ADD 37161124,48168591,0.000000,62 
OBJECT_ADD 37167743,48156059,0.000000,62 
OBJECT_ADD 37164158,48151330,0.000000,62 
OBJECT_ADD 37148869,48151731,0.000000,62 
OBJECT_ADD 37095649,48160065,0.000000,62 
OBJECT_ADD 37098597,48160180,0.000000,62 
OBJECT_ADD 37138354,48135395,0.000000,62 
OBJECT_ADD 37112180,48151671,0.000000,62 
OBJECT_ADD 37105542,48135182,0.000000,62 
OBJECT_ADD 37110582,48136668,0.000000,62 
OBJECT_ADD 37152026,48148661,0.000000,62 
OBJECT_ADD 37168587,48162840,0.000000,62 
OBJECT_ADD 37156087,48147994,0.000000,62 
OBJECT_ADD 37103448,48139120,0.000000,62 
OBJECT_ADD 37102171,48143608,0.000000,62 
OBJECT_ADD 37109675,48204819,0.000000,62 
OBJECT_ADD 37151561,48191406,0.000000,62 
OBJECT_ADD 37152743,48153075,0.000000,62 
OBJECT_ADD 37110718,48141011,0.000000,62 
OBJECT_ADD 37105933,48162653,0.000000,62 
OBJECT_ADD 37123641,48166779,0.000000,62 
OBJECT_ADD 37170794,48190685,0.000000,62 
OBJECT_ADD 37170478,48153490,0.000000,62 
OBJECT_ADD 37174821,48168693,0.000000,62 
OBJECT_ADD 37175453,48160763,0.000000,62 
OBJECT_ADD 37179651,48163724,0.000000,62 
OBJECT_ADD 37167240,48136748,0.000000,62 
OBJECT_ADD 37157198,48154155,0.000000,62 
OBJECT_ADD 37102704,48140863,0.000000,62 
OBJECT_ADD 37103859,48137848,0.000000,62 
OBJECT_ADD 37133066,48216683,-113.000000,62 
OBJECT_ADD 37134259,48212303,-167.000000,63 
OBJECT_ADD 37138754,48176101,-90.000000,63 
OBJECT_ADD 37105696,48219382,-113.000000,62 
OBJECT_ADD 37115393,48183782,-90.000000,63 
OBJECT_ADD 37129972,48220812,-90.000000,62 
OBJECT_ADD 37168095,48200056,-90.000000,62 
OBJECT_ADD 37109818,48203963,-90.000000,62 
OBJECT_ADD 37171024,48200167,-90.000000,62 
OBJECT_ADD 37158699,48195919,-90.000000,62 
OBJECT_ADD 37123555,48225287,-90.000000,62 
OBJECT_ADD 37136928,48153178,-90.000000,62 
OBJECT_ADD 37125199,48213136,-90.000000,62 
OBJECT_ADD 37140595,48224076,-90.000000,62 
OBJECT_ADD 37150846,48222758,-90.000000,62 
OBJECT_ADD 37127913,48234101,-90.000000,62 
OBJECT_ADD 37141807,48225147,-90.000000,62 
OBJECT_ADD 37128416,48225910,-90.000000,62 
OBJECT_ADD 37128503,48227394,-90.000000,62 
OBJECT_ADD 37226888,47988345,-66.000000,62 
OBJECT_ADD 37249307,47998344,-66.000000,62 
OBJECT_ADD 37240292,47992425,-86.000000,62 
OBJECT_ADD 37243757,48025264,-86.000000,62 
OBJECT_ADD 37243325,47998965,-86.000000,62 
OBJECT_ADD 37230785,48054308,-109.000000,62 
OBJECT_ADD 37224596,48065497,-109.000000,62 
OBJECT_ADD 37239075,48012847,-109.000000,62 
OBJECT_ADD 37231564,48049671,-86.000000,62 
OBJECT_ADD 37232243,48053595,-86.000000,62 
OBJECT_ADD 37232426,48073099,-86.000000,62 
OBJECT_ADD 37231655,48037852,-86.000000,62 
OBJECT_ADD 37227989,48082638,-66.000000,62 
OBJECT_ADD 37238536,48086178,-66.000000,62 
OBJECT_ADD 37242032,48019430,-66.000000,62 
OBJECT_ADD 37246815,48034435,-66.000000,62 
OBJECT_ADD 37226656,48042674,-66.000000,62 
OBJECT_ADD 37228014,48037408,-66.000000,62 
OBJECT_ADD 37232721,48034704,-66.000000,62 
OBJECT_ADD 37245286,48046384,-66.000000,62 
OBJECT_ADD 37248109,48058684,-66.000000,62 
OBJECT_ADD 37241821,48076653,-66.000000,62 
OBJECT_ADD 37244121,48077893,-66.000000,62 
OBJECT_ADD 37242627,48060188,-66.000000,62 
OBJECT_ADD 37246612,48029237,-66.000000,62 
OBJECT_ADD 37226141,47975821,-66.000000,62 
OBJECT_ADD 37245282,48057529,-66.000000,62 
OBJECT_ADD 37226597,48064271,-66.000000,62 
OBJECT_ADD 37118090,48236043,-90.000000,62 
OBJECT_ADD 37160876,48281581,69.000000,62 
OBJECT_ADD 37158320,48281483,69.000000,62 
OBJECT_ADD 37142426,48268790,15.000000,63 
OBJECT_ADD 37142874,48267400,92.000000,63 
OBJECT_ADD 37182941,48221611,69.000000,62 
OBJECT_ADD 37200341,48289231,69.000000,62 
OBJECT_ADD 37167720,48250504,69.000000,62 
OBJECT_ADD 37151489,48280239,69.000000,62 
OBJECT_ADD 37156205,48281204,69.000000,62 
OBJECT_ADD 37144348,48277257,69.000000,62 
OBJECT_ADD 37145593,48272304,69.000000,62 
OBJECT_ADD 37154091,48280562,69.000000,62 
OBJECT_ADD 37146729,48278074,69.000000,62 
OBJECT_ADD 37147178,48268999,69.000000,62 
OBJECT_ADD 37211992,48300733,69.000000,62 
OBJECT_ADD 37134295,48279160,69.000000,62 
OBJECT_ADD 37137015,48278298,69.000000,62 
OBJECT_ADD 37145936,48282942,69.000000,62 
OBJECT_ADD 37211555,48284936,69.000000,62 
OBJECT_ADD 37210357,48265809,69.000000,62 
OBJECT_ADD 37215572,48280538,26.000000,63 
OBJECT_ADD 37165079,48258053,15.000000,63 
OBJECT_ADD 37150798,48250838,92.000000,63 
OBJECT_ADD 37130279,48263733,69.000000,62 
OBJECT_ADD 37202971,48283784,69.000000,62 
OBJECT_ADD 37205795,48276403,69.000000,62 
OBJECT_ADD 37207852,48269700,69.000000,62 
OBJECT_ADD 37142196,48251247,69.000000,62 
OBJECT_ADD 37126262,48252939,69.000000,62 
OBJECT_ADD 37137254,48262907,69.000000,62 
OBJECT_ADD 37141068,48265877,26.000000,63 
OBJECT_ADD 37146234,48266126,15.000000,63 
OBJECT_ADD 37140612,48265682,92.000000,63 
OBJECT_ADD 37142437,48284889,69.000000,62 
OBJECT_ADD 37130316,48278581,69.000000,62 
OBJECT_ADD 37142218,48268499,26.000000,63 
OBJECT_ADD 37137023,48255406,15.000000,63 
OBJECT_ADD 37141977,48248937,92.000000,63 
OBJECT_ADD 37208543,48138308,-88.000000,62 
OBJECT_ADD 37210195,48134654,-88.000000,62 
OBJECT_ADD 37194930,48116923,-111.000000,62 
OBJECT_ADD 37192694,48139501,-111.000000,62 
OBJECT_ADD 37185482,48166375,-111.000000,62 
OBJECT_ADD 37215920,48149177,-88.000000,63 
OBJECT_ADD 37189608,48121679,-88.000000,62 
OBJECT_ADD 37189801,48142674,-88.000000,62 
OBJECT_ADD 37189495,48134158,-88.000000,62 
OBJECT_ADD 37215586,48141507,-88.000000,62 
OBJECT_ADD 37225761,48222454,0.000000,62 
OBJECT_ADD 37226306,48216019,0.000000,62 
OBJECT_ADD 37193211,48180441,0.000000,62 
OBJECT_ADD 37178202,48196279,0.000000,62 
OBJECT_ADD 37182010,48215665,0.000000,62 
OBJECT_ADD 37178622,48214336,0.000000,62 
OBJECT_ADD 37186903,48207046,0.000000,62 
OBJECT_ADD 37186244,48187662,0.000000,62 
OBJECT_ADD 37188851,48218635,0.000000,62 
OBJECT_ADD 37185685,48218784,0.000000,62 
OBJECT_ADD 37175548,48216189,0.000000,62 
OBJECT_ADD 37207203,48203707,0.000000,62 
OBJECT_ADD 37197485,48191045,0.000000,62 
OBJECT_ADD 37182572,48199862,0.000000,62 
OBJECT_ADD 37222062,48231422,0.000000,62 
OBJECT_ADD 37207149,48203484,0.000000,62 
OBJECT_ADD 37214645,48229991,0.000000,62 
OBJECT_ADD 37211235,48228911,0.000000,62 
OBJECT_ADD 37212591,48192989,0.000000,62 
OBJECT_ADD 37214974,48195365,0.000000,62 
OBJECT_ADD 37216465,48203736,0.000000,62 
OBJECT_ADD 37221359,48198668,0.000000,62 
OBJECT_ADD 37236048,48202548,0.000000,62 
OBJECT_ADD 37198916,48186084,0.000000,62 
OBJECT_ADD 37225722,48196398,0.000000,62 
OBJECT_ADD 37226054,48193115,0.000000,62 
OBJECT_ADD 37208116,48213353,0.000000,62 
OBJECT_ADD 37214109,48190602,0.000000,62 
OBJECT_ADD 37324650,48080681,-92.000000,62 
OBJECT_ADD 37305025,48089956,-92.000000,62 
OBJECT_ADD 37314381,48085894,-92.000000,62 
OBJECT_ADD 37311582,48087619,-92.000000,62 
OBJECT_ADD 37308104,48092279,-92.000000,62 
OBJECT_ADD 37312535,48092877,-92.000000,62 
OBJECT_ADD 37331693,48076076,-92.000000,62 
OBJECT_ADD 37326135,48094181,-92.000000,62 
OBJECT_ADD 37329795,48079964,-92.000000,62 
OBJECT_ADD 37329760,48087315,-92.000000,62 
OBJECT_ADD 37321677,48106878,-92.000000,62 
OBJECT_ADD 37250892,48039758,-182.000000,62 
OBJECT_ADD 37260881,48039603,-182.000000,62 
OBJECT_ADD 37294177,48140065,-205.000000,62 
OBJECT_ADD 37275411,48114461,-205.000000,62 
OBJECT_ADD 37290826,48131772,-205.000000,62 
OBJECT_ADD 37234304,48102402,-205.000000,62 
OBJECT_ADD 37239981,48109224,-205.000000,62 
OBJECT_ADD 37265461,48127972,-205.000000,62 
OBJECT_ADD 37293992,48126107,-205.000000,62 
OBJECT_ADD 37244243,48102602,-205.000000,62 
OBJECT_ADD 37293151,48136790,-205.000000,62 
OBJECT_ADD 37266370,48130252,-205.000000,62 
OBJECT_ADD 37259293,48123726,-205.000000,62 
OBJECT_ADD 37312806,48121676,-205.000000,62 
OBJECT_ADD 37268446,48096515,-205.000000,62 
OBJECT_ADD 37255706,48121961,-205.000000,62 
OBJECT_ADD 37246488,48118410,-205.000000,62 
OBJECT_ADD 37297518,48115512,-205.000000,62 
OBJECT_ADD 37238180,48096852,-205.000000,62 
OBJECT_ADD 37248556,48112602,-205.000000,62 
OBJECT_ADD 37297742,48099634,-205.000000,62 
OBJECT_ADD 37288311,48107794,-248.000000,63 
OBJECT_ADD 37300902,48122985,-182.000000,62 
OBJECT_ADD 37252589,48096093,-182.000000,62 
OBJECT_ADD 37239408,48133601,-182.000000,62 
OBJECT_ADD 37243480,48114114,-182.000000,62 
OBJECT_ADD 37236670,48093557,-182.000000,62 
OBJECT_ADD 37240001,48089942,-182.000000,62 
OBJECT_ADD 37249154,48118197,-182.000000,62 
OBJECT_ADD 37261844,48131387,-182.000000,62 
OBJECT_ADD 37263249,48125693,-182.000000,62 
OBJECT_ADD 37286601,48136816,-182.000000,62 
OBJECT_ADD 37282638,48132902,-182.000000,62 
OBJECT_ADD 37289641,48127171,-205.000000,62 
OBJECT_ADD 37282315,48121264,-248.000000,63 
OBJECT_ADD 37273585,48125281,-205.000000,62 
OBJECT_ADD 37272572,48095217,-205.000000,62 
OBJECT_ADD 37275420,48101596,-182.000000,62 
OBJECT_ADD 37259559,48100565,-182.000000,62 
OBJECT_ADD 37263342,48098598,-182.000000,62 
OBJECT_ADD 37253000,48088798,-182.000000,62 
OBJECT_ADD 37230157,48126933,-182.000000,62 
OBJECT_ADD 37231205,48115020,-182.000000,62 
OBJECT_ADD 37285871,48123622,-182.000000,62 
OBJECT_ADD 37269636,48109272,-182.000000,62 
OBJECT_ADD 37274649,48112635,-182.000000,62 
OBJECT_ADD 37226945,48103317,-182.000000,62 
OBJECT_ADD 37307044,48123838,-92.000000,62 
OBJECT_ADD 37285052,48100419,-92.000000,62 
OBJECT_ADD 37251505,48106395,-92.000000,62 
OBJECT_ADD 37361442,48120923,-92.000000,62 
OBJECT_ADD 37363244,48108479,-92.000000,62 
OBJECT_ADD 37255025,48108440,-92.000000,62 
OBJECT_ADD 37293509,48086408,-92.000000,62 
OBJECT_ADD 37359436,48129311,-92.000000,62 
OBJECT_ADD 37347598,48114275,-92.000000,62 
OBJECT_ADD 37283955,48086866,-92.000000,62 
OBJECT_ADD 37281316,48083960,-92.000000,62 
OBJECT_ADD 37356039,48140423,-92.000000,62 
OBJECT_ADD 37297413,48088950,-92.000000,62 
OBJECT_ADD 37301690,48093118,-92.000000,62 
OBJECT_ADD 37293128,48089890,-92.000000,62 
OBJECT_ADD 37286702,48088439,-92.000000,62 
OBJECT_ADD 37282049,48084574,-92.000000,62 
OBJECT_ADD 37333512,48134030,-92.000000,62 
OBJECT_ADD 37296944,48093109,-92.000000,62 
OBJECT_ADD 37245084,48089190,-92.000000,62 
OBJECT_ADD 37244572,48094411,-92.000000,62 
OBJECT_ADD 37303592,48148108,-92.000000,62 
OBJECT_ADD 37341403,48105262,-92.000000,62 
OBJECT_ADD 37294574,48096985,-92.000000,62 
OBJECT_ADD 37343881,48121171,-92.000000,62 
OBJECT_ADD 37297985,48106445,-92.000000,62 
OBJECT_ADD 37283923,48096410,-92.000000,62 
OBJECT_ADD 37287000,48091796,-92.000000,62 
OBJECT_ADD 37297769,48109387,-92.000000,62 
OBJECT_ADD 37341651,48125700,-92.000000,62 
OBJECT_ADD 37304210,48122991,-92.000000,62 
OBJECT_ADD 37323533,48117329,-92.000000,62 
OBJECT_ADD 37320970,48121551,-92.000000,62 
OBJECT_ADD 37212874,48117839,-92.000000,62 
OBJECT_ADD 37317920,48113374,-92.000000,62 
OBJECT_ADD 37314625,48112428,-92.000000,62 
OBJECT_ADD 37251560,48120159,-92.000000,62 
OBJECT_ADD 37217235,48124094,-92.000000,62 
OBJECT_ADD 37226822,48141909,-92.000000,62 
OBJECT_ADD 37317729,48121423,-92.000000,62 
OBJECT_ADD 37295712,48117363,-92.000000,62 
OBJECT_ADD 37282652,48102783,-92.000000,62 
OBJECT_ADD 37280007,48101933,-92.000000,62 
OBJECT_ADD 37293335,48133967,-92.000000,62 
OBJECT_ADD 37282761,48080138,-92.000000,62 
OBJECT_ADD 37302808,48078547,-92.000000,62 
OBJECT_ADD 37319903,48115429,-92.000000,62 
OBJECT_ADD 37239791,48141989,-205.000000,62 
OBJECT_ADD 37236904,48152486,-259.000000,63 
OBJECT_ADD 37348146,48125137,-182.000000,63 
OBJECT_ADD 37238353,48114419,-205.000000,62 
OBJECT_ADD 37247897,48098672,-205.000000,62 
OBJECT_ADD 37249192,48092904,-205.000000,62 
OBJECT_ADD 37275434,48101848,-259.000000,63 
OBJECT_ADD 37273740,48125420,-182.000000,63 
OBJECT_ADD 37240649,48099496,-182.000000,62 
OBJECT_ADD 37236259,48139768,-182.000000,62 
OBJECT_ADD 37252769,48113875,-182.000000,62 
OBJECT_ADD 37220547,48143207,-182.000000,62 
OBJECT_ADD 37231833,48132059,-182.000000,62 
OBJECT_ADD 37303489,48147976,-182.000000,62 
OBJECT_ADD 37231518,48120017,-182.000000,62 
OBJECT_ADD 37236867,48155590,-182.000000,62 
OBJECT_ADD 37233318,48159080,-182.000000,62 
OBJECT_ADD 37221265,48141427,-182.000000,62 
OBJECT_ADD 37228259,48138153,-182.000000,62 
OBJECT_ADD 37229332,48134438,-182.000000,62 
OBJECT_ADD 37228517,48136318,-182.000000,62 
OBJECT_ADD 37158857,48238581,69.000000,62 
OBJECT_ADD 37215556,48154054,-88.000000,62 
OBJECT_ADD 37215511,48160219,-88.000000,62 
OBJECT_ADD 37214740,48162626,-88.000000,62 
OBJECT_ADD 37211127,48155597,-88.000000,62 
OBJECT_ADD 37209432,48157117,-88.000000,62 
OBJECT_ADD 37212116,48154159,-88.000000,62 
OBJECT_ADD 37216108,48157222,-88.000000,62 
OBJECT_ADD 37195527,48139125,-88.000000,62 
OBJECT_ADD 37235033,48191274,-88.000000,62 
OBJECT_ADD 37199118,48132098,-88.000000,62 
OBJECT_ADD 37206532,48141303,-88.000000,62 
OBJECT_ADD 37203298,48151827,-111.000000,62 
OBJECT_ADD 37198954,48182913,-111.000000,62 
OBJECT_ADD 37205814,48145967,-111.000000,62 
OBJECT_ADD 37202796,48154241,-111.000000,62 
OBJECT_ADD 37200313,48159016,-111.000000,62 
OBJECT_ADD 37228040,48165439,-111.000000,62 
OBJECT_ADD 37226912,48168145,-111.000000,62 
OBJECT_ADD 37217558,48175492,-111.000000,62 
OBJECT_ADD 37218858,48169619,-111.000000,62 
OBJECT_ADD 37207474,48179583,-111.000000,62 
OBJECT_ADD 37199102,48148445,-154.000000,63 
OBJECT_ADD 37240831,48181149,-165.000000,63 
OBJECT_ADD 37235511,48170277,-88.000000,62 
OBJECT_ADD 37230803,48175054,-88.000000,62 
OBJECT_ADD 37222398,48180816,-88.000000,62 
OBJECT_ADD 37221244,48183660,-88.000000,62 
OBJECT_ADD 37218598,48186708,-88.000000,62 
OBJECT_ADD 37220327,48185574,-88.000000,62 
OBJECT_ADD 37229341,48175372,-88.000000,62 
OBJECT_ADD 37192353,48152249,-88.000000,62 
OBJECT_ADD 37220672,48154382,-88.000000,62 
OBJECT_ADD 37226758,48220773,0.000000,62 
OBJECT_ADD 37228813,48224673,0.000000,62 
OBJECT_ADD 37227518,48217351,0.000000,62 
OBJECT_ADD 37232542,48215869,0.000000,62 
OBJECT_ADD 37229974,48212822,0.000000,62 
OBJECT_ADD 37235550,48221680,0.000000,62 
OBJECT_ADD 37239964,48216516,0.000000,62 
OBJECT_ADD 37238570,48210660,0.000000,62 
OBJECT_ADD 37244153,48218054,0.000000,62 
OBJECT_ADD 37245512,48214974,0.000000,62 
OBJECT_ADD 37236112,48211880,0.000000,62 
OBJECT_ADD 37342435,48076884,-92.000000,62 
OBJECT_ADD 37375947,48146154,-92.000000,62 
OBJECT_ADD 37388813,48143940,-92.000000,62 
OBJECT_ADD 37391846,48137978,-92.000000,62 
OBJECT_ADD 37387967,48134506,-92.000000,62 
OBJECT_ADD 37387117,48139127,-92.000000,62 
OBJECT_ADD 37381123,48142433,-92.000000,62 
OBJECT_ADD 37334235,48139568,-92.000000,62 
OBJECT_ADD 37353838,48108611,-92.000000,62 
OBJECT_ADD 37374345,48046221,-92.000000,62 
OBJECT_ADD 37371375,48043351,-92.000000,62 
OBJECT_ADD 37366573,48047990,-92.000000,62 
OBJECT_ADD 37341817,48072304,-92.000000,62 
OBJECT_ADD 37340718,48069152,-92.000000,62 
OBJECT_ADD 37380926,48071945,-182.000000,62 
OBJECT_ADD 37387016,48106311,-182.000000,62 
OBJECT_ADD 37224433,48111698,-182.000000,62 
OBJECT_ADD 37162889,48282627,69.000000,62 
OBJECT_ADD 37181286,48295093,69.000000,62 
OBJECT_ADD 37170626,48275278,69.000000,62 
OBJECT_ADD 37171735,48271294,69.000000,62 
OBJECT_ADD 37173497,48267343,69.000000,62 
OBJECT_ADD 37176670,48259804,69.000000,62 
OBJECT_ADD 37175877,48261998,69.000000,62 
OBJECT_ADD 37165105,48284527,69.000000,62 
OBJECT_ADD 37181509,48255136,69.000000,62 
OBJECT_ADD 37185803,48253228,69.000000,62 
OBJECT_ADD 37189743,48250472,69.000000,62 
OBJECT_ADD 37194198,48250300,26.000000,63 
OBJECT_ADD 37170377,48290734,69.000000,62 
OBJECT_ADD 37178509,48246464,69.000000,62 
OBJECT_ADD 37166060,48252819,69.000000,62 
OBJECT_ADD 37168961,48254671,69.000000,62 
OBJECT_ADD 37171140,48255927,69.000000,62 
OBJECT_ADD 37164798,48251358,69.000000,62 
OBJECT_ADD 37176706,48249560,69.000000,62 
OBJECT_ADD 37174061,48252735,69.000000,62 
OBJECT_ADD 37162721,48249765,69.000000,62 
OBJECT_ADD 37172826,48276998,26.000000,63 
OBJECT_ADD 37174739,48275434,15.000000,63 
OBJECT_ADD 37188074,48277141,92.000000,63 
OBJECT_ADD 37171499,48300887,69.000000,62 
OBJECT_ADD 37174358,48299707,69.000000,62 
OBJECT_ADD 37183515,48240786,69.000000,62 
OBJECT_ADD 37186731,48296894,69.000000,62 
OBJECT_ADD 37199034,48262150,69.000000,62 
OBJECT_ADD 37192432,48270927,69.000000,62 
OBJECT_ADD 37195927,48270466,69.000000,62 
OBJECT_ADD 37193447,48273825,69.000000,62 
OBJECT_ADD 37180114,48288063,69.000000,62 
OBJECT_ADD 37183219,48244204,69.000000,62 
OBJECT_ADD 37169983,48273451,69.000000,62 
OBJECT_ADD 37184507,48265783,69.000000,62 
OBJECT_ADD 37185774,48262624,69.000000,62 
OBJECT_ADD 37162068,48233974,69.000000,62 
OBJECT_ADD 37197209,48231895,69.000000,62 
OBJECT_ADD 37194547,48233304,69.000000,62 
OBJECT_ADD 37163250,48231391,69.000000,62 
