OBJECT_ADD 37459143,31827691,-23.000000,62 
OBJECT_ADD 37474376,31826855,-23.000000,62 
OBJECT_ADD 37452951,31824595,-66.000000,63 
OBJECT_ADD 37477559,31820661,0.000000,62 
OBJECT_ADD 37480480,31818804,0.000000,62 
OBJECT_ADD 37479489,31825858,0.000000,62 
OBJECT_ADD 37421450,31834617,0.000000,62 
OBJECT_ADD 37486180,31807693,0.000000,62 
OBJECT_ADD 37446569,31829721,0.000000,62 
OBJECT_ADD 37486332,31802465,0.000000,62 
OBJECT_ADD 37478233,31838050,-23.000000,62 
OBJECT_ADD 37432869,31846236,-77.000000,63 
OBJECT_ADD 37476331,31848839,0.000000,62 
OBJECT_ADD 37450560,31836198,0.000000,62 
OBJECT_ADD 37455181,31839085,0.000000,62 
OBJECT_ADD 37484845,31832654,0.000000,62 
OBJECT_ADD 37477034,31840140,0.000000,62 
OBJECT_ADD 37448569,31840768,0.000000,62 
OBJECT_ADD 37444713,31846643,0.000000,62 
OBJECT_ADD 37441168,31850023,0.000000,62 
OBJECT_ADD 37452306,31842057,0.000000,62 
OBJECT_ADD 37468347,31822488,0.000000,62 
OBJECT_ADD 37462595,31842369,0.000000,62 
OBJECT_ADD 37453100,31844164,0.000000,62 
OBJECT_ADD 37458152,31825724,0.000000,62 
OBJECT_ADD 37482328,31816056,0.000000,62 
OBJECT_ADD 37442053,31916852,0.000000,62 
OBJECT_ADD 37443734,31919705,0.000000,62 
OBJECT_ADD 37451072,31915674,0.000000,62 
OBJECT_ADD 37448808,31921511,0.000000,62 
OBJECT_ADD 37440077,31929372,0.000000,62 
OBJECT_ADD 37424708,31924239,0.000000,62 
OBJECT_ADD 37436034,31927159,0.000000,62 
OBJECT_ADD 37461728,31862369,-23.000000,62 
OBJECT_ADD 37461290,31867996,-23.000000,62 
OBJECT_ADD 37460597,31858926,-23.000000,62 
OBJECT_ADD 37472649,31866132,0.000000,62 
OBJECT_ADD 37473177,31876139,0.000000,62 
OBJECT_ADD 37458799,31888372,0.000000,62 
OBJECT_ADD 37466760,31867690,0.000000,62 
OBJECT_ADD 37459829,31884315,0.000000,62 
OBJECT_ADD 37454892,31883592,0.000000,62 
OBJECT_ADD 37453532,31851391,0.000000,62 
OBJECT_ADD 37470357,31852720,0.000000,62 
OBJECT_ADD 37455910,31892110,0.000000,62 
OBJECT_ADD 37452181,31893762,0.000000,62 
OBJECT_ADD 37448448,31885235,0.000000,62 
OBJECT_ADD 37460778,31872614,0.000000,62 
OBJECT_ADD 37456809,31877371,0.000000,62 
OBJECT_ADD 37486123,31884144,0.000000,62 
OBJECT_ADD 37441595,31886387,0.000000,62 
OBJECT_ADD 37455529,31910267,0.000000,62 
OBJECT_ADD 37457933,31899994,0.000000,62 
OBJECT_ADD 37495607,31825455,-23.000000,62 
OBJECT_ADD 37497678,31828789,-23.000000,62 
OBJECT_ADD 37498524,31832603,-23.000000,62 
OBJECT_ADD 37495030,31830338,-23.000000,62 
OBJECT_ADD 37489283,31849892,-23.000000,62 
OBJECT_ADD 37489664,31845631,-23.000000,62 
OBJECT_ADD 37503202,31840620,-23.000000,62 
OBJECT_ADD 37488180,31834237,0.000000,62 
OBJECT_ADD 37490249,31813335,0.000000,62 
OBJECT_ADD 37489019,31820761,0.000000,62 
OBJECT_ADD 37487373,31817147,0.000000,62 
OBJECT_ADD 37491616,31821586,0.000000,62 
OBJECT_ADD 37514691,31843405,0.000000,62 
OBJECT_ADD 37510928,31841737,0.000000,62 
OBJECT_ADD 37512641,31817966,0.000000,62 
OBJECT_ADD 37516574,31814548,0.000000,62 
OBJECT_ADD 37522318,31816529,0.000000,62 
OBJECT_ADD 37524352,31821555,0.000000,62 
OBJECT_ADD 37529056,31815898,0.000000,62 
OBJECT_ADD 37532014,31821209,0.000000,62 
OBJECT_ADD 37532454,31826311,0.000000,62 
OBJECT_ADD 37533628,31820586,0.000000,62 
OBJECT_ADD 37533463,31816982,0.000000,62 
OBJECT_ADD 37537258,31819372,0.000000,62 
OBJECT_ADD 37538556,31825786,0.000000,62 
OBJECT_ADD 37544158,31827878,0.000000,62 
OBJECT_ADD 37545896,31829440,0.000000,62 
OBJECT_ADD 37519690,31821642,0.000000,62 
OBJECT_ADD 37550363,31821584,0.000000,62 
OBJECT_ADD 37548107,31819124,0.000000,62 
OBJECT_ADD 37544455,31818832,0.000000,62 
OBJECT_ADD 37516304,31819341,0.000000,62 
OBJECT_ADD 37516182,31825032,0.000000,62 
OBJECT_ADD 37521825,31833549,0.000000,62 
OBJECT_ADD 37534510,31841101,0.000000,62 
OBJECT_ADD 37531421,31840032,0.000000,62 
OBJECT_ADD 37527540,31840131,0.000000,62 
OBJECT_ADD 37525214,31841173,0.000000,62 
OBJECT_ADD 37527624,31844467,0.000000,62 
OBJECT_ADD 37528280,31849975,0.000000,62 
OBJECT_ADD 37553208,31822839,0.000000,62 
OBJECT_ADD 37577855,31813488,0.000000,62 
OBJECT_ADD 37609736,31795448,0.000000,62 
OBJECT_ADD 37613533,31795936,0.000000,62 
OBJECT_ADD 37617163,31777002,0.000000,62 
OBJECT_ADD 37615212,31731917,0.000000,62 
OBJECT_ADD 37610754,31737308,0.000000,62 
OBJECT_ADD 37605198,31739679,0.000000,62 
OBJECT_ADD 37603850,31774185,0.000000,62 
OBJECT_ADD 37607388,31743216,-23.000000,62 
OBJECT_ADD 37601354,31743752,-23.000000,62 
OBJECT_ADD 37602261,31749137,-23.000000,62 
OBJECT_ADD 37598030,31747726,-23.000000,62 
OBJECT_ADD 37596809,31752943,-23.000000,62 
OBJECT_ADD 37593609,31759580,-23.000000,62 
OBJECT_ADD 37590613,31762829,-23.000000,62 
OBJECT_ADD 37584230,31763799,-23.000000,62 
OBJECT_ADD 37587676,31767154,-23.000000,62 
OBJECT_ADD 37608974,31790760,-66.000000,63 
OBJECT_ADD 37602320,31795383,0.000000,62 
OBJECT_ADD 37582230,31790272,0.000000,62 
OBJECT_ADD 37599982,31793532,0.000000,62 
OBJECT_ADD 37586101,31789369,0.000000,62 
OBJECT_ADD 37585278,31781482,0.000000,62 
OBJECT_ADD 37607261,31812074,0.000000,62 
OBJECT_ADD 37604016,31835121,0.000000,62 
OBJECT_ADD 37581637,31805406,0.000000,62 
OBJECT_ADD 37581352,31807645,0.000000,62 
OBJECT_ADD 37584874,31814129,0.000000,62 
OBJECT_ADD 37588936,31814133,0.000000,62 
OBJECT_ADD 37588285,31817975,0.000000,62 
OBJECT_ADD 37591362,31816272,0.000000,62 
OBJECT_ADD 37599160,31848191,0.000000,62 
OBJECT_ADD 37491376,31901044,0.000000,62 
OBJECT_ADD 37492608,31871284,0.000000,63 
OBJECT_ADD 37491358,31860838,0.000000,62 
OBJECT_ADD 37487896,31866748,0.000000,62 
OBJECT_ADD 37488649,31870562,0.000000,62 
OBJECT_ADD 37512036,31881701,0.000000,62 
OBJECT_ADD 37510048,31880219,0.000000,62 
OBJECT_ADD 37495823,31873735,0.000000,62 
OBJECT_ADD 37516332,31856823,0.000000,62 
OBJECT_ADD 37596282,31876786,0.000000,62 
OBJECT_ADD 37597651,31852114,0.000000,62 
OBJECT_ADD 37597275,31855469,0.000000,62 
OBJECT_ADD 37586817,31870739,0.000000,62 
OBJECT_ADD 37500926,31851417,0.000000,62 
OBJECT_ADD 37503822,31863261,0.000000,62 
OBJECT_ADD 37498174,31979147,241.000000,62 
OBJECT_ADD 37549205,31907984,241.000000,62 
OBJECT_ADD 37505643,31978297,241.000000,62 
OBJECT_ADD 37570660,31917950,241.000000,62 
OBJECT_ADD 37559516,31902982,241.000000,62 
OBJECT_ADD 37557133,31902093,241.000000,62 
OBJECT_ADD 37570790,31923866,241.000000,62 
OBJECT_ADD 37561052,31929347,241.000000,62 
OBJECT_ADD 37563082,31900005,241.000000,62 
OBJECT_ADD 37566766,31925811,241.000000,62 
OBJECT_ADD 37544907,31907785,198.000000,63 
OBJECT_ADD 37533996,31937853,187.000000,63 
OBJECT_ADD 37547469,31917192,264.000000,63 
OBJECT_ADD 37555345,31936503,264.000000,62 
OBJECT_ADD 37528515,31965216,264.000000,62 
OBJECT_ADD 37570899,31894597,264.000000,62 
OBJECT_ADD 37511560,31914890,264.000000,62 
OBJECT_ADD 37567743,31893124,264.000000,62 
OBJECT_ADD 37491752,31963775,264.000000,62 
OBJECT_ADD 37488354,31966496,264.000000,62 
OBJECT_ADD 37487327,31963256,264.000000,62 
OBJECT_ADD 37564422,31928231,264.000000,62 
OBJECT_ADD 37559564,31934634,264.000000,62 
OBJECT_ADD 37495247,31967044,264.000000,62 
OBJECT_ADD 37567248,31943246,264.000000,62 
OBJECT_ADD 37531206,31969220,264.000000,62 
OBJECT_ADD 37508890,31955736,264.000000,62 
OBJECT_ADD 37501501,31933175,264.000000,62 
OBJECT_ADD 37504091,31931397,264.000000,62 
OBJECT_ADD 37535054,31916905,264.000000,62 
OBJECT_ADD 37555767,31910933,264.000000,62 
OBJECT_ADD 37573404,31909125,264.000000,62 
OBJECT_ADD 37566985,31911952,264.000000,62 
OBJECT_ADD 37562258,31913569,264.000000,62 
OBJECT_ADD 37526864,31912633,264.000000,62 
OBJECT_ADD 37522299,31911316,264.000000,62 
OBJECT_ADD 37575395,31883537,264.000000,62 
OBJECT_ADD 37569363,31898089,264.000000,62 
OBJECT_ADD 37497104,31950588,264.000000,62 
OBJECT_ADD 37537777,31963978,264.000000,62 
OBJECT_ADD 37537786,31969574,264.000000,62 
OBJECT_ADD 37538821,31923764,264.000000,62 
OBJECT_ADD 37493503,31947703,264.000000,62 
OBJECT_ADD 37543464,31920483,264.000000,62 
OBJECT_ADD 37569224,31902128,264.000000,62 
OBJECT_ADD 37569835,31942386,264.000000,62 
OBJECT_ADD 37552900,31940037,264.000000,62 
OBJECT_ADD 37529884,31921455,264.000000,62 
OBJECT_ADD 37543669,31937041,264.000000,62 
OBJECT_ADD 37551080,31943520,264.000000,62 
OBJECT_ADD 37524483,31926520,264.000000,62 
OBJECT_ADD 37525505,31922016,264.000000,62 
OBJECT_ADD 37521292,31920680,264.000000,62 
OBJECT_ADD 37503418,31918643,264.000000,62 
OBJECT_ADD 37518762,31916559,264.000000,62 
OBJECT_ADD 37516521,31914095,264.000000,62 
OBJECT_ADD 37521721,31957672,264.000000,62 
OBJECT_ADD 37525363,31953246,264.000000,62 
OBJECT_ADD 37530610,31953046,264.000000,62 
OBJECT_ADD 37526487,31949740,264.000000,62 
OBJECT_ADD 37501612,31921141,264.000000,62 
OBJECT_ADD 37505258,31923438,264.000000,62 
OBJECT_ADD 37606992,31916546,264.000000,62 
OBJECT_ADD 37490491,31984667,241.000000,62 
OBJECT_ADD 37564044,31972867,241.000000,62 
OBJECT_ADD 37552968,31991202,241.000000,62 
OBJECT_ADD 37559598,31986865,264.000000,62 
OBJECT_ADD 37575331,32000885,264.000000,62 
OBJECT_ADD 37642476,31806477,0.000000,62 
OBJECT_ADD 37622526,31771551,0.000000,62 
OBJECT_ADD 37645154,31782581,0.000000,62 
OBJECT_ADD 37640110,31811324,0.000000,62 
OBJECT_ADD 37644793,31811566,0.000000,62 
OBJECT_ADD 37619758,31727275,0.000000,62 
OBJECT_ADD 37628818,31798315,-23.000000,62 
OBJECT_ADD 37619006,31781578,-23.000000,62 
OBJECT_ADD 37624766,31781023,-23.000000,62 
OBJECT_ADD 37632467,31777710,-23.000000,62 
OBJECT_ADD 37644340,31761692,-77.000000,63 
OBJECT_ADD 37622355,31814786,0.000000,63 
OBJECT_ADD 37631658,31747358,0.000000,62 
OBJECT_ADD 37629933,31753150,0.000000,62 
OBJECT_ADD 37635359,31761615,0.000000,62 
OBJECT_ADD 37637994,31770515,0.000000,62 
OBJECT_ADD 37639208,31766484,0.000000,62 
OBJECT_ADD 37636835,31757102,0.000000,62 
OBJECT_ADD 37635852,31752954,0.000000,62 
OBJECT_ADD 37655912,31984779,73.000000,62 
OBJECT_ADD 37622103,31985750,73.000000,62 
OBJECT_ADD 37629972,31980246,73.000000,62 
OBJECT_ADD 37661129,31972404,73.000000,62 
OBJECT_ADD 37664124,31973544,73.000000,62 
OBJECT_ADD 37646365,31975811,73.000000,62 
OBJECT_ADD 37625447,31981189,73.000000,62 
OBJECT_ADD 37617889,31979585,73.000000,62 
OBJECT_ADD 37630583,32084505,71.000000,62 
OBJECT_ADD 37633220,32089348,71.000000,62 
OBJECT_ADD 37647499,32099749,71.000000,62 
OBJECT_ADD 37651199,32090217,71.000000,62 
OBJECT_ADD 37650324,32094914,71.000000,62 
OBJECT_ADD 37664146,32091868,71.000000,62 
OBJECT_ADD 37654152,32092882,71.000000,62 
OBJECT_ADD 37656219,32086780,71.000000,62 
OBJECT_ADD 37624997,32082085,71.000000,62 
OBJECT_ADD 37646737,32092331,17.000000,63 
OBJECT_ADD 37633552,32102807,71.000000,62 
OBJECT_ADD 37625075,32082139,71.000000,62 
OBJECT_ADD 37616779,32086531,17.000000,63 
OBJECT_ADD 37635833,32082619,94.000000,63 
OBJECT_ADD 37621308,32119653,71.000000,62 
OBJECT_ADD 37628292,32110102,71.000000,62 
OBJECT_ADD 37629157,32098541,71.000000,62 
OBJECT_ADD 37628926,32092253,71.000000,62 
OBJECT_ADD 37659136,32100800,71.000000,62 
OBJECT_ADD 37665845,32097996,71.000000,62 
OBJECT_ADD 37646053,32104744,71.000000,62 
OBJECT_ADD 37623696,32111525,71.000000,62 
OBJECT_ADD 37617959,32110022,71.000000,62 
OBJECT_ADD 37626975,32095646,71.000000,62 
OBJECT_ADD 37632867,32099362,71.000000,62 
OBJECT_ADD 37605225,32019691,178.000000,62 
OBJECT_ADD 37602215,32018464,178.000000,62 
OBJECT_ADD 37604055,32017252,178.000000,62 
OBJECT_ADD 37587997,32021563,178.000000,62 
OBJECT_ADD 37574115,32040447,178.000000,62 
OBJECT_ADD 37595059,32041570,178.000000,62 
OBJECT_ADD 37585414,32032198,178.000000,62 
OBJECT_ADD 37588135,32032815,178.000000,62 
OBJECT_ADD 37590501,32031407,178.000000,62 
OBJECT_ADD 37600045,32036695,178.000000,62 
OBJECT_ADD 37603357,32037509,178.000000,62 
OBJECT_ADD 37606284,32037057,178.000000,62 
OBJECT_ADD 37581151,32014229,178.000000,62 
OBJECT_ADD 37579148,32005883,178.000000,62 
OBJECT_ADD 37576873,32008778,178.000000,62 
OBJECT_ADD 37569531,32013293,178.000000,62 
OBJECT_ADD 37577801,32012018,178.000000,62 
OBJECT_ADD 37582154,32007056,178.000000,62 
OBJECT_ADD 37581882,32004184,178.000000,62 
OBJECT_ADD 37588886,32013418,178.000000,62 
OBJECT_ADD 37592482,32011652,178.000000,62 
OBJECT_ADD 37606910,31995779,178.000000,62 
OBJECT_ADD 37604987,31997972,178.000000,62 
OBJECT_ADD 37599599,32009014,178.000000,62 
OBJECT_ADD 37602302,32007858,178.000000,62 
OBJECT_ADD 37613061,31981258,178.000000,62 
OBJECT_ADD 37569167,32023408,178.000000,62 
OBJECT_ADD 37561336,32036865,178.000000,62 
OBJECT_ADD 37573167,32009941,178.000000,62 
OBJECT_ADD 37569676,32020129,178.000000,62 
OBJECT_ADD 37576205,31996312,178.000000,62 
OBJECT_ADD 37614646,32016069,178.000000,62 
OBJECT_ADD 37609116,32008002,178.000000,62 
OBJECT_ADD 37612737,31999985,178.000000,62 
OBJECT_ADD 37566458,31989412,178.000000,62 
OBJECT_ADD 37586555,32002311,178.000000,62 
OBJECT_ADD 37607875,32019947,178.000000,62 
OBJECT_ADD 37611163,32020304,178.000000,62 
OBJECT_ADD 37570806,32039325,178.000000,62 
OBJECT_ADD 37562477,32031475,178.000000,62 
OBJECT_ADD 37566378,32034196,178.000000,62 
OBJECT_ADD 37576222,31988252,178.000000,62 
OBJECT_ADD 37580040,31985984,178.000000,62 
OBJECT_ADD 37593491,31980998,178.000000,62 
OBJECT_ADD 37583288,31985130,178.000000,62 
OBJECT_ADD 37610801,32053717,178.000000,62 
OBJECT_ADD 37572203,31991335,178.000000,62 
OBJECT_ADD 37586039,31982854,178.000000,62 
OBJECT_ADD 37597990,31983334,178.000000,62 
OBJECT_ADD 37603088,31978742,178.000000,62 
OBJECT_ADD 37605760,31981291,178.000000,62 
OBJECT_ADD 37597209,31999295,178.000000,62 
OBJECT_ADD 37575554,32031513,178.000000,62 
OBJECT_ADD 37592400,32073792,0.000000,62 
OBJECT_ADD 37592711,32069209,0.000000,62 
OBJECT_ADD 37609858,31939748,73.000000,62 
OBJECT_ADD 37611777,31947683,73.000000,62 
OBJECT_ADD 37600476,31904245,73.000000,62 
OBJECT_ADD 37609562,31923939,73.000000,62 
OBJECT_ADD 37648972,31969983,73.000000,62 
OBJECT_ADD 37655071,31958630,73.000000,62 
OBJECT_ADD 37662985,31963400,30.000000,63 
OBJECT_ADD 37652642,31964887,73.000000,62 
OBJECT_ADD 37665577,31884883,73.000000,62 
OBJECT_ADD 37613954,31882632,73.000000,62 
OBJECT_ADD 37615723,31888414,73.000000,62 
OBJECT_ADD 37607950,31885388,73.000000,62 
OBJECT_ADD 37657809,31950677,73.000000,62 
OBJECT_ADD 37602858,31922582,73.000000,62 
OBJECT_ADD 37665233,31960752,73.000000,62 
OBJECT_ADD 37673864,31932027,73.000000,62 
OBJECT_ADD 37660262,31960742,73.000000,62 
OBJECT_ADD 37658625,31955894,73.000000,62 
OBJECT_ADD 37662510,31948893,73.000000,62 
OBJECT_ADD 37589367,31942370,73.000000,62 
OBJECT_ADD 37648632,31890006,73.000000,62 
OBJECT_ADD 37643255,31889416,73.000000,62 
OBJECT_ADD 37642616,31893860,73.000000,62 
OBJECT_ADD 37625702,31952358,73.000000,62 
OBJECT_ADD 37654710,31899277,73.000000,62 
OBJECT_ADD 37654359,31907165,73.000000,62 
OBJECT_ADD 37640639,31911393,73.000000,62 
OBJECT_ADD 37650287,31913110,73.000000,62 
OBJECT_ADD 37610932,31931628,73.000000,62 
OBJECT_ADD 37593965,31946314,73.000000,62 
OBJECT_ADD 37591263,31947977,73.000000,62 
OBJECT_ADD 37663798,31914239,73.000000,62 
OBJECT_ADD 37654065,31911718,30.000000,63 
OBJECT_ADD 37646904,31962994,19.000000,63 
OBJECT_ADD 37661303,31919387,73.000000,62 
OBJECT_ADD 37622360,31932252,73.000000,62 
OBJECT_ADD 37586562,31945513,73.000000,62 
OBJECT_ADD 37668184,31921584,73.000000,62 
OBJECT_ADD 37625780,31952414,73.000000,62 
OBJECT_ADD 37663576,31923944,73.000000,62 
OBJECT_ADD 37659630,31925562,73.000000,62 
OBJECT_ADD 37657612,31919618,73.000000,62 
OBJECT_ADD 37646874,31927422,30.000000,63 
OBJECT_ADD 37627753,31969338,19.000000,63 
OBJECT_ADD 37608217,31947548,96.000000,63 
OBJECT_ADD 37583017,31934595,73.000000,62 
OBJECT_ADD 37604686,31903747,73.000000,62 
OBJECT_ADD 37606070,31952253,73.000000,62 
OBJECT_ADD 37606962,31946814,73.000000,62 
OBJECT_ADD 37616947,31907492,73.000000,62 
OBJECT_ADD 37591588,31927856,73.000000,62 
OBJECT_ADD 37653208,31916212,73.000000,62 
OBJECT_ADD 37650120,31918157,73.000000,62 
OBJECT_ADD 37576728,31942923,73.000000,62 
OBJECT_ADD 37637262,31893551,73.000000,62 
OBJECT_ADD 37634760,31895737,73.000000,62 
OBJECT_ADD 37650329,31897179,73.000000,62 
OBJECT_ADD 37637214,31899739,73.000000,62 
OBJECT_ADD 37605688,31895106,30.000000,63 
OBJECT_ADD 37619376,31896960,19.000000,63 
OBJECT_ADD 37641755,31903414,96.000000,63 
OBJECT_ADD 37630287,31969724,73.000000,62 
OBJECT_ADD 37629992,31962384,73.000000,62 
OBJECT_ADD 37668167,31936667,73.000000,62 
OBJECT_ADD 37669543,31929605,73.000000,62 
OBJECT_ADD 37664956,31929714,73.000000,62 
OBJECT_ADD 37664071,31934475,73.000000,62 
OBJECT_ADD 37662664,31944973,73.000000,62 
OBJECT_ADD 37648531,31921640,73.000000,62 
OBJECT_ADD 37657913,31945366,73.000000,62 
OBJECT_ADD 37626477,31967193,73.000000,62 
OBJECT_ADD 37654913,31942393,73.000000,62 
OBJECT_ADD 37654051,31945673,73.000000,62 
OBJECT_ADD 37638920,31917802,73.000000,62 
OBJECT_ADD 37624657,31928437,73.000000,62 
OBJECT_ADD 37625378,31936959,73.000000,62 
OBJECT_ADD 37621672,31937570,73.000000,62 
OBJECT_ADD 37646171,31919454,73.000000,62 
OBJECT_ADD 37633531,31967825,73.000000,62 
OBJECT_ADD 37653744,31946335,30.000000,63 
OBJECT_ADD 37618914,31944462,19.000000,63 
OBJECT_ADD 37637996,31924895,96.000000,63 
OBJECT_ADD 37741932,31896183,0.000000,62 
OBJECT_ADD 37742806,31902491,0.000000,62 
OBJECT_ADD 37741962,31908315,0.000000,62 
OBJECT_ADD 37727578,31915822,0.000000,62 
OBJECT_ADD 37704903,31912880,0.000000,62 
OBJECT_ADD 37707421,31915565,0.000000,62 
OBJECT_ADD 37724442,31952316,0.000000,62 
OBJECT_ADD 37749613,31977957,0.000000,62 
OBJECT_ADD 37746212,31992346,0.000000,62 
OBJECT_ADD 37690587,31955337,0.000000,62 
OBJECT_ADD 37706535,31967294,0.000000,62 
OBJECT_ADD 37716373,31930554,0.000000,62 
OBJECT_ADD 37710973,31957505,0.000000,62 
OBJECT_ADD 37693344,31949714,0.000000,62 
OBJECT_ADD 37704732,31953145,0.000000,62 
OBJECT_ADD 37700421,31941038,0.000000,62 
OBJECT_ADD 37757418,31982092,0.000000,62 
OBJECT_ADD 37691321,32003445,0.000000,62 
OBJECT_ADD 37695524,32001150,0.000000,62 
OBJECT_ADD 37688947,31996568,0.000000,62 
OBJECT_ADD 37690433,31979053,0.000000,62 
OBJECT_ADD 37693545,31994011,0.000000,62 
OBJECT_ADD 37696898,31992025,0.000000,62 
OBJECT_ADD 37708530,31987919,0.000000,62 
OBJECT_ADD 37704794,31990225,0.000000,62 
OBJECT_ADD 37684078,31988155,0.000000,62 
OBJECT_ADD 37703714,31978809,0.000000,62 
OBJECT_ADD 37691690,31975004,0.000000,62 
OBJECT_ADD 37671435,31989933,0.000000,62 
OBJECT_ADD 37705610,32008727,0.000000,62 
OBJECT_ADD 37640026,32070594,71.000000,62 
OBJECT_ADD 37637842,32059818,71.000000,62 
OBJECT_ADD 37666509,32041587,28.000000,63 
OBJECT_ADD 37695306,32081411,94.000000,63 
OBJECT_ADD 37659937,32016587,71.000000,62 
OBJECT_ADD 37656135,32015403,71.000000,62 
OBJECT_ADD 37663677,32020408,71.000000,62 
OBJECT_ADD 37657361,32019631,71.000000,62 
OBJECT_ADD 37656075,32086502,71.000000,62 
OBJECT_ADD 37662980,32029695,71.000000,62 
OBJECT_ADD 37664617,32070314,71.000000,62 
OBJECT_ADD 37659627,32081646,71.000000,62 
OBJECT_ADD 37660109,32022486,71.000000,62 
OBJECT_ADD 37656757,32024529,71.000000,62 
OBJECT_ADD 37647920,32022604,71.000000,62 
OBJECT_ADD 37644585,32024665,71.000000,62 
OBJECT_ADD 37655787,32030717,71.000000,62 
OBJECT_ADD 37655219,32037916,71.000000,62 
OBJECT_ADD 37641288,32041903,71.000000,62 
OBJECT_ADD 37651059,32045640,71.000000,62 
OBJECT_ADD 37672663,32050587,71.000000,62 
OBJECT_ADD 37667531,32039242,71.000000,62 
OBJECT_ADD 37661619,32038666,71.000000,62 
OBJECT_ADD 37664866,32043302,71.000000,62 
OBJECT_ADD 37654555,32042713,28.000000,63 
OBJECT_ADD 37660860,32049259,71.000000,62 
OBJECT_ADD 37623164,32062388,71.000000,62 
OBJECT_ADD 37658734,32052895,71.000000,62 
OBJECT_ADD 37667893,32052601,71.000000,62 
OBJECT_ADD 37663131,32054561,71.000000,62 
OBJECT_ADD 37659925,32056522,71.000000,62 
OBJECT_ADD 37655066,32049295,71.000000,62 
OBJECT_ADD 37646623,32058003,28.000000,63 
OBJECT_ADD 37671681,32034827,71.000000,62 
OBJECT_ADD 37675610,32030871,71.000000,62 
OBJECT_ADD 37676075,32042414,71.000000,62 
OBJECT_ADD 37651233,32030133,71.000000,62 
OBJECT_ADD 37631305,32022358,71.000000,62 
OBJECT_ADD 37625898,32022417,71.000000,62 
OBJECT_ADD 37653764,32046897,71.000000,62 
OBJECT_ADD 37650597,32048754,71.000000,62 
OBJECT_ADD 37643485,32032279,71.000000,62 
OBJECT_ADD 37639495,32025309,71.000000,62 
OBJECT_ADD 37636517,32027410,71.000000,62 
OBJECT_ADD 37649919,32030360,71.000000,62 
OBJECT_ADD 37637996,32031133,71.000000,62 
OBJECT_ADD 37607693,32035446,28.000000,63 
OBJECT_ADD 37619503,32028852,17.000000,63 
OBJECT_ADD 37638825,32030766,94.000000,63 
OBJECT_ADD 37667986,32067880,71.000000,62 
OBJECT_ADD 37669608,32060868,71.000000,62 
OBJECT_ADD 37665023,32060823,71.000000,62 
OBJECT_ADD 37663973,32065548,71.000000,62 
OBJECT_ADD 37662199,32075993,71.000000,62 
OBJECT_ADD 37648893,32052179,71.000000,62 
OBJECT_ADD 37657435,32076220,71.000000,62 
OBJECT_ADD 37654541,32073143,71.000000,62 
OBJECT_ADD 37653565,32076393,71.000000,62 
OBJECT_ADD 37639415,32048009,71.000000,62 
OBJECT_ADD 37624789,32058141,71.000000,62 
OBJECT_ADD 37625212,32066677,71.000000,62 
OBJECT_ADD 37621487,32067165,71.000000,62 
OBJECT_ADD 37646607,32049912,71.000000,62 
OBJECT_ADD 37653235,32077041,28.000000,63 
OBJECT_ADD 37618491,32073954,17.000000,63 
OBJECT_ADD 37638242,32055064,94.000000,63 
OBJECT_ADD 37550648,32039949,178.000000,62 
OBJECT_ADD 37536787,32035300,178.000000,62 
OBJECT_ADD 37567807,31993751,178.000000,62 
OBJECT_ADD 37539447,32031807,178.000000,62 
OBJECT_ADD 37558563,32030350,178.000000,62 
OBJECT_ADD 37545143,32024241,178.000000,62 
OBJECT_ADD 37694045,31950077,96.000000,63 
OBJECT_ADD 37722335,31982673,0.000000,62 
OBJECT_ADD 37717631,31980580,0.000000,62 
OBJECT_ADD 37713960,31978585,0.000000,62 
OBJECT_ADD 37710026,31975773,0.000000,62 
OBJECT_ADD 37682093,32023011,0.000000,62 
OBJECT_ADD 37685475,32020506,0.000000,62 
OBJECT_ADD 37691355,32024347,0.000000,62 
OBJECT_ADD 37691630,32027025,0.000000,62 
OBJECT_ADD 37702978,32040699,0.000000,62 
OBJECT_ADD 37722646,32041390,0.000000,62 
OBJECT_ADD 37713859,32033028,0.000000,62 
OBJECT_ADD 37709125,32012527,0.000000,62 
OBJECT_ADD 37699512,32040000,0.000000,62 
OBJECT_ADD 37717140,32032361,0.000000,62 
OBJECT_ADD 37720051,32030397,0.000000,62 
OBJECT_ADD 37699225,32019126,0.000000,62 
OBJECT_ADD 37683836,32018195,0.000000,62 
OBJECT_ADD 37747809,32112223,90.000000,62 
OBJECT_ADD 37686793,32129774,90.000000,62 
OBJECT_ADD 37689530,32131943,67.000000,62 
OBJECT_ADD 37704929,32077831,90.000000,62 
OBJECT_ADD 37665693,32186097,90.000000,62 
OBJECT_ADD 37646944,32170785,90.000000,62 
OBJECT_ADD 37610512,32135754,90.000000,62 
OBJECT_ADD 37640584,32070594,90.000000,62 
OBJECT_ADD 37658856,32090382,90.000000,62 
OBJECT_ADD 37617423,32118963,90.000000,62 
OBJECT_ADD 37695867,32108247,67.000000,62 
OBJECT_ADD 37689891,32086910,67.000000,62 
OBJECT_ADD 37688432,32091911,67.000000,62 
OBJECT_ADD 37678299,32165992,67.000000,62 
OBJECT_ADD 37621473,32132402,67.000000,62 
OBJECT_ADD 37666727,32081552,67.000000,62 
OBJECT_ADD 37612333,32125351,67.000000,62 
OBJECT_ADD 37685687,32095559,67.000000,62 
OBJECT_ADD 37685955,32089837,67.000000,62 
OBJECT_ADD 37683880,32091389,67.000000,62 
OBJECT_ADD 37682621,32094042,67.000000,62 
OBJECT_ADD 37700351,32079688,24.000000,63 
OBJECT_ADD 37662895,32096056,13.000000,63 
OBJECT_ADD 37687684,32107206,90.000000,63 
OBJECT_ADD 37672704,32061291,90.000000,62 
OBJECT_ADD 37685489,32053908,90.000000,62 
OBJECT_ADD 37674425,32063428,90.000000,62 
OBJECT_ADD 37675461,32058838,90.000000,62 
OBJECT_ADD 37687859,32056641,90.000000,62 
OBJECT_ADD 37697538,32058792,90.000000,62 
OBJECT_ADD 37697886,32062525,90.000000,62 
OBJECT_ADD 37692428,32071296,90.000000,62 
OBJECT_ADD 37696309,32162063,90.000000,62 
OBJECT_ADD 37672742,32114878,90.000000,62 
OBJECT_ADD 37663048,32123850,90.000000,62 
OBJECT_ADD 37669258,32116133,90.000000,62 
OBJECT_ADD 37665826,32115192,90.000000,62 
OBJECT_ADD 37674178,32160663,90.000000,62 
OBJECT_ADD 37661082,32116543,90.000000,62 
OBJECT_ADD 37658418,32114294,90.000000,62 
OBJECT_ADD 37685170,32124191,90.000000,62 
OBJECT_ADD 37643575,32132559,90.000000,62 
OBJECT_ADD 37699298,32148483,90.000000,62 
OBJECT_ADD 37700268,32138149,90.000000,62 
OBJECT_ADD 37690681,32160767,90.000000,62 
OBJECT_ADD 37674878,32156054,90.000000,62 
OBJECT_ADD 37691472,32145162,90.000000,62 
OBJECT_ADD 37637932,32131830,90.000000,62 
OBJECT_ADD 37634723,32092261,90.000000,62 
OBJECT_ADD 37624603,32128945,90.000000,62 
OBJECT_ADD 37645630,32108491,90.000000,62 
OBJECT_ADD 37669606,32110935,90.000000,62 
OBJECT_ADD 37671224,32105023,90.000000,62 
OBJECT_ADD 37673529,32110880,90.000000,62 
OBJECT_ADD 37677785,32113653,90.000000,62 
OBJECT_ADD 37666020,32110875,90.000000,62 
OBJECT_ADD 37662268,32109308,90.000000,62 
OBJECT_ADD 37659132,32107733,90.000000,62 
OBJECT_ADD 37661834,32113392,90.000000,62 
OBJECT_ADD 37708315,32073875,90.000000,62 
OBJECT_ADD 37699524,32103470,90.000000,62 
OBJECT_ADD 37692063,32080118,90.000000,62 
OBJECT_ADD 37647401,32013185,0.000000,62 
OBJECT_ADD 37646556,32007584,0.000000,62 
OBJECT_ADD 37648952,32003333,0.000000,62 
OBJECT_ADD 37645820,32001438,0.000000,62 
OBJECT_ADD 37655923,32003600,0.000000,62 
OBJECT_ADD 37650784,32014517,0.000000,62 
OBJECT_ADD 37655586,32010080,0.000000,62 
OBJECT_ADD 37646976,31995772,0.000000,62 
OBJECT_ADD 37643238,32013885,0.000000,62 
OBJECT_ADD 37659155,32008991,0.000000,62 
OBJECT_ADD 37653758,31993568,0.000000,62 
OBJECT_ADD 37637623,32004757,0.000000,62 
OBJECT_ADD 37650782,31999650,0.000000,62 
OBJECT_ADD 37740920,32017680,0.000000,62 
OBJECT_ADD 37739005,32022279,0.000000,62 
OBJECT_ADD 37739756,32032072,0.000000,62 
OBJECT_ADD 37711252,32006188,0.000000,62 
OBJECT_ADD 37685958,32001382,0.000000,62 
OBJECT_ADD 37738186,32026370,0.000000,62 
OBJECT_ADD 37719093,32014656,0.000000,62 
OBJECT_ADD 37727896,32029891,0.000000,62 
OBJECT_ADD 37699902,32023472,0.000000,62 
OBJECT_ADD 37724202,32011808,0.000000,62 
OBJECT_ADD 37706966,31996566,0.000000,62 
OBJECT_ADD 37700841,32013084,0.000000,62 
OBJECT_ADD 37736611,32013879,0.000000,62 
OBJECT_ADD 37589777,32078781,0.000000,62 
OBJECT_ADD 37603974,32056363,0.000000,62 
OBJECT_ADD 37584128,32066122,0.000000,62 
OBJECT_ADD 37594295,32059930,0.000000,62 
OBJECT_ADD 37592799,32076579,0.000000,62 
OBJECT_ADD 37593629,32080889,0.000000,62 
OBJECT_ADD 37608303,32069410,0.000000,62 
OBJECT_ADD 37607793,32056482,0.000000,62 
OBJECT_ADD 37610433,32072246,0.000000,62 
OBJECT_ADD 37611764,32058805,0.000000,62 
OBJECT_ADD 37588601,32074988,0.000000,62 
OBJECT_ADD 37601844,32098000,0.000000,62 
OBJECT_ADD 37597172,32107181,0.000000,62 
OBJECT_ADD 37604796,32091187,0.000000,62 
OBJECT_ADD 37599965,32102474,0.000000,62 
OBJECT_ADD 37612436,32082508,0.000000,62 
OBJECT_ADD 37606654,32083174,0.000000,62 
OBJECT_ADD 37605889,32127730,0.000000,62 
OBJECT_ADD 37602520,32114636,0.000000,62 
OBJECT_ADD 37597577,32114512,0.000000,62 
OBJECT_ADD 37615121,32104826,0.000000,62 
OBJECT_ADD 37613940,32100405,0.000000,62 
OBJECT_ADD 37606578,32105852,0.000000,62 
OBJECT_ADD 37613112,32113135,0.000000,62 
OBJECT_ADD 37711742,32073590,67.000000,62 
OBJECT_ADD 37711964,32074643,90.000000,62 
OBJECT_ADD 37738142,32081286,90.000000,62 
OBJECT_ADD 37731979,32038209,90.000000,62 
OBJECT_ADD 37732903,32078171,90.000000,62 
OBJECT_ADD 37706710,32077826,90.000000,62 
OBJECT_ADD 37714868,32148103,90.000000,62 
OBJECT_ADD 37714228,32152484,90.000000,62 
OBJECT_ADD 37711349,32149661,90.000000,62 
OBJECT_ADD 37710876,32069523,90.000000,62 
OBJECT_ADD 37742864,32150490,90.000000,62 
OBJECT_ADD 37726754,32148586,90.000000,62 
OBJECT_ADD 37725751,32155416,90.000000,62 
OBJECT_ADD 37725504,32163208,90.000000,62 
OBJECT_ADD 37724001,32166815,90.000000,62 
OBJECT_ADD 37738346,32123355,90.000000,62 
OBJECT_ADD 37738309,32127482,90.000000,62 
OBJECT_ADD 37748615,32118825,90.000000,62 
OBJECT_ADD 37736625,32147933,90.000000,62 
OBJECT_ADD 37728836,32141190,90.000000,62 
OBJECT_ADD 37695289,32167662,90.000000,62 
OBJECT_ADD 37717466,32151928,90.000000,62 
OBJECT_ADD 37713954,32135802,90.000000,62 
OBJECT_ADD 37719512,32118852,90.000000,62 
OBJECT_ADD 37718627,32121729,90.000000,62 
OBJECT_ADD 37718224,32124429,90.000000,62 
OBJECT_ADD 37717860,32126564,90.000000,62 
OBJECT_ADD 37718645,32128932,90.000000,62 
OBJECT_ADD 37720083,32116600,90.000000,62 
OBJECT_ADD 37707159,32147449,90.000000,62 
OBJECT_ADD 37706918,32150663,90.000000,62 
OBJECT_ADD 37712667,32155517,90.000000,62 
OBJECT_ADD 37709381,32144194,90.000000,62 
OBJECT_ADD 37690444,32069218,90.000000,62 
OBJECT_ADD 37742913,32044115,90.000000,62 
OBJECT_ADD 37715242,32061121,90.000000,62 
OBJECT_ADD 37752585,32113042,90.000000,62 
OBJECT_ADD 37756835,32113131,90.000000,62 
OBJECT_ADD 37759661,32110023,90.000000,62 
OBJECT_ADD 37742047,32080023,90.000000,62 
OBJECT_ADD 37686762,32041573,90.000000,62 
OBJECT_ADD 37701003,32058908,90.000000,62 
OBJECT_ADD 37710541,32106933,90.000000,62 
OBJECT_ADD 37729729,31942349,0.000000,62 
OBJECT_ADD 37736010,31906392,0.000000,62 
OBJECT_ADD 37725022,31920474,0.000000,62 
OBJECT_ADD 37729740,31934177,0.000000,62 
OBJECT_ADD 37721219,31931387,0.000000,62 
OBJECT_ADD 37732867,31925605,0.000000,62 
OBJECT_ADD 37700979,31945208,0.000000,62 
OBJECT_ADD 37744265,31953217,0.000000,62 
OBJECT_ADD 37744263,31983158,0.000000,62 
OBJECT_ADD 37709011,31951392,0.000000,62 
OBJECT_ADD 37723454,31960778,0.000000,62 
OBJECT_ADD 37735333,31955603,0.000000,62 
OBJECT_ADD 37728323,31964711,0.000000,62 
OBJECT_ADD 37730983,31955396,0.000000,62 
OBJECT_ADD 37745453,31959914,0.000000,62 
OBJECT_ADD 37754130,31941062,0.000000,62 
OBJECT_ADD 37737646,31926106,0.000000,62 
OBJECT_ADD 37745108,31955667,0.000000,62 
OBJECT_ADD 37735272,31943737,0.000000,62 
OBJECT_ADD 37742873,31966988,0.000000,62 
OBJECT_ADD 37744152,31971731,0.000000,62 
OBJECT_ADD 37736932,31965745,0.000000,62 
OBJECT_ADD 37746715,31946552,0.000000,62 
OBJECT_ADD 37761072,31962113,0.000000,62 
OBJECT_ADD 37753477,31974791,0.000000,62 
OBJECT_ADD 37752050,31959770,0.000000,62 
OBJECT_ADD 37753407,31980388,0.000000,62 
OBJECT_ADD 37749440,31922613,0.000000,62 
OBJECT_ADD 37756577,31954252,0.000000,62 
OBJECT_ADD 37754629,31948475,0.000000,62 
OBJECT_ADD 37758290,31940663,0.000000,62 
OBJECT_ADD 37741551,31942644,0.000000,62 
OBJECT_ADD 37764113,31941752,0.000000,62 
OBJECT_ADD 37767837,31938018,0.000000,62 
OBJECT_ADD 37741472,31978269,0.000000,62 
OBJECT_ADD 37746238,31988905,0.000000,62 
OBJECT_ADD 37737253,31980542,0.000000,62 
OBJECT_ADD 37728958,31980315,0.000000,62 
OBJECT_ADD 37692448,32038315,90.000000,62 
OBJECT_ADD 37695325,32035733,90.000000,62 
OBJECT_ADD 37696442,32039674,90.000000,62 
OBJECT_ADD 37699555,32039607,90.000000,62 
