OBJECT_ADD 24371789,28163721,0.000000,62 
OBJECT_ADD 24367002,28159719,0.000000,62 
OBJECT_ADD 24372055,28156607,0.000000,62 
OBJECT_ADD 24362535,28148432,0.000000,62 
OBJECT_ADD 24368410,28149482,0.000000,62 
OBJECT_ADD 24371820,28149669,0.000000,62 
OBJECT_ADD 24365588,28143244,0.000000,62 
OBJECT_ADD 24369969,28144755,0.000000,62 
OBJECT_ADD 24374006,28142672,0.000000,62 
OBJECT_ADD 24378286,28142223,0.000000,62 
OBJECT_ADD 24357575,28174987,0.000000,62 
OBJECT_ADD 24369521,28178916,0.000000,62 
OBJECT_ADD 24370051,28171293,0.000000,62 
OBJECT_ADD 24367983,28168438,0.000000,62 
OBJECT_ADD 24360661,28168373,0.000000,62 
OBJECT_ADD 24356089,28165610,0.000000,62 
OBJECT_ADD 24365933,28177139,0.000000,62 
OBJECT_ADD 24361811,28172564,0.000000,62 
OBJECT_ADD 24368029,28128751,0.000000,62 
OBJECT_ADD 24375701,28188743,0.000000,62 
OBJECT_ADD 24364405,28190704,0.000000,62 
OBJECT_ADD 24361360,28185663,0.000000,62 
OBJECT_ADD 24359750,28180862,0.000000,62 
OBJECT_ADD 24376202,28198733,0.000000,62 
OBJECT_ADD 24374144,28181792,0.000000,62 
OBJECT_ADD 24373811,28208217,0.000000,62 
OBJECT_ADD 24366001,28186376,0.000000,62 
OBJECT_ADD 24366492,28206943,0.000000,62 
OBJECT_ADD 24362806,28205976,0.000000,62 
OBJECT_ADD 24459181,28170505,181.000000,62 
OBJECT_ADD 24447086,28160653,181.000000,62 
OBJECT_ADD 24443806,28156657,181.000000,62 
OBJECT_ADD 24451412,28151054,181.000000,62 
OBJECT_ADD 24478052,28161295,181.000000,62 
OBJECT_ADD 24471903,28154099,181.000000,62 
OBJECT_ADD 24470123,28157047,181.000000,62 
OBJECT_ADD 24467233,28156134,181.000000,62 
OBJECT_ADD 24481374,28162555,181.000000,62 
OBJECT_ADD 24485048,28165423,181.000000,62 
OBJECT_ADD 24481574,28171196,181.000000,62 
OBJECT_ADD 24483446,28179864,181.000000,62 
OBJECT_ADD 24478780,28178611,181.000000,62 
OBJECT_ADD 24459128,28171174,0.000000,62 
OBJECT_ADD 24458251,28168838,0.000000,62 
OBJECT_ADD 24470985,28152049,0.000000,62 
OBJECT_ADD 24470100,28156833,0.000000,62 
OBJECT_ADD 24466819,28156038,0.000000,62 
OBJECT_ADD 24473710,28159835,0.000000,62 
OBJECT_ADD 24465245,28158168,0.000000,62 
OBJECT_ADD 24411358,28134678,-23.000000,62 
OBJECT_ADD 24408917,28136556,-23.000000,62 
OBJECT_ADD 24406077,28137553,-23.000000,62 
OBJECT_ADD 24420718,28151279,-23.000000,62 
OBJECT_ADD 24395904,28155516,-23.000000,62 
OBJECT_ADD 24400320,28156967,-23.000000,62 
OBJECT_ADD 24418840,28172782,-23.000000,62 
OBJECT_ADD 24415718,28170326,-23.000000,62 
OBJECT_ADD 24412698,28168917,-23.000000,62 
OBJECT_ADD 24418410,28163048,-23.000000,62 
OBJECT_ADD 24414452,28163090,-23.000000,62 
OBJECT_ADD 24401232,28137643,-23.000000,62 
OBJECT_ADD 24397485,28136319,-23.000000,62 
OBJECT_ADD 24406128,28138434,-66.000000,63 
OBJECT_ADD 24385370,28150295,-77.000000,63 
OBJECT_ADD 24386365,28147464,0.000000,63 
OBJECT_ADD 24385880,28119825,0.000000,62 
OBJECT_ADD 24381210,28145018,0.000000,62 
OBJECT_ADD 24403584,28142480,0.000000,62 
OBJECT_ADD 24383330,28179109,0.000000,62 
OBJECT_ADD 24438000,28161478,0.000000,62 
OBJECT_ADD 24435119,28167683,0.000000,62 
OBJECT_ADD 24430931,28161906,0.000000,62 
OBJECT_ADD 24426951,28162327,0.000000,62 
OBJECT_ADD 24416043,28128732,0.000000,62 
OBJECT_ADD 24417344,28125888,0.000000,62 
OBJECT_ADD 24426532,28177211,0.000000,62 
OBJECT_ADD 24419124,28122841,0.000000,62 
OBJECT_ADD 24422582,28121074,0.000000,62 
OBJECT_ADD 24422339,28119635,0.000000,62 
OBJECT_ADD 24425558,28116451,0.000000,62 
OBJECT_ADD 24427003,28119258,0.000000,62 
OBJECT_ADD 24425195,28122071,0.000000,62 
OBJECT_ADD 24430643,28117650,0.000000,62 
OBJECT_ADD 24430900,28121316,0.000000,62 
OBJECT_ADD 24414522,28120922,0.000000,62 
OBJECT_ADD 24424175,28108669,0.000000,62 
OBJECT_ADD 24429163,28108180,0.000000,62 
OBJECT_ADD 24414897,28117790,0.000000,62 
OBJECT_ADD 24426753,28113207,0.000000,62 
OBJECT_ADD 24417029,28118973,0.000000,62 
OBJECT_ADD 24380139,28112561,0.000000,62 
OBJECT_ADD 24379752,28095756,0.000000,62 
OBJECT_ADD 24409188,28084725,0.000000,62 
OBJECT_ADD 24400161,28087026,0.000000,62 
OBJECT_ADD 24428112,28103004,0.000000,62 
OBJECT_ADD 24412510,28106534,0.000000,62 
OBJECT_ADD 24395199,28112963,0.000000,62 
OBJECT_ADD 24389286,28108479,0.000000,62 
OBJECT_ADD 24392987,28107284,0.000000,62 
OBJECT_ADD 24387674,28106096,0.000000,62 
OBJECT_ADD 24405923,28098447,0.000000,62 
OBJECT_ADD 24445016,28082546,-23.000000,62 
OBJECT_ADD 24441996,28084456,-23.000000,62 
OBJECT_ADD 24415107,28084573,-23.000000,62 
OBJECT_ADD 24418081,28088288,-23.000000,62 
OBJECT_ADD 24417194,28083512,-23.000000,62 
OBJECT_ADD 24421656,28090263,-23.000000,62 
OBJECT_ADD 24425182,28093961,-23.000000,62 
OBJECT_ADD 24428557,28096121,-23.000000,62 
OBJECT_ADD 24429928,28099904,-23.000000,62 
OBJECT_ADD 24439315,28109710,-23.000000,62 
OBJECT_ADD 24443104,28107683,-23.000000,62 
OBJECT_ADD 24444477,28105762,-23.000000,62 
OBJECT_ADD 24449570,28087576,-23.000000,62 
OBJECT_ADD 24467060,28101032,-66.000000,63 
OBJECT_ADD 24439909,28093483,-77.000000,63 
OBJECT_ADD 24457178,28066625,0.000000,63 
OBJECT_ADD 24466895,28232955,158.000000,62 
OBJECT_ADD 24444834,28243836,115.000000,63 
OBJECT_ADD 24455406,28249850,181.000000,63 
OBJECT_ADD 24440707,28237047,181.000000,62 
OBJECT_ADD 24469880,28244258,181.000000,62 
OBJECT_ADD 24454851,28237694,181.000000,62 
OBJECT_ADD 24474356,28219133,158.000000,62 
OBJECT_ADD 24471110,28216817,158.000000,62 
OBJECT_ADD 24466803,28214106,158.000000,62 
OBJECT_ADD 24475963,28226192,158.000000,62 
OBJECT_ADD 24475697,28229946,158.000000,62 
OBJECT_ADD 24447002,28212600,158.000000,62 
OBJECT_ADD 24444785,28214048,158.000000,62 
OBJECT_ADD 24450119,28214934,158.000000,62 
OBJECT_ADD 24446985,28219888,158.000000,62 
OBJECT_ADD 24410897,28205032,181.000000,62 
OBJECT_ADD 24477000,28202366,181.000000,62 
OBJECT_ADD 24476592,28212323,181.000000,62 
OBJECT_ADD 24473205,28206592,181.000000,62 
OBJECT_ADD 24479525,28210901,181.000000,62 
OBJECT_ADD 24479527,28206886,181.000000,62 
OBJECT_ADD 24450499,28204944,181.000000,62 
OBJECT_ADD 24472662,28214001,181.000000,62 
OBJECT_ADD 24456258,28203409,181.000000,62 
OBJECT_ADD 24455031,28206135,181.000000,62 
OBJECT_ADD 24468219,28211207,181.000000,62 
OBJECT_ADD 24477064,28217124,181.000000,62 
OBJECT_ADD 24472877,28210123,181.000000,62 
OBJECT_ADD 24439759,28197511,181.000000,62 
OBJECT_ADD 24450791,28198622,181.000000,62 
OBJECT_ADD 24447927,28198486,181.000000,62 
OBJECT_ADD 24451515,28206761,181.000000,62 
OBJECT_ADD 24458065,28210557,181.000000,62 
OBJECT_ADD 24461029,28212954,181.000000,62 
OBJECT_ADD 24463010,28220647,181.000000,62 
OBJECT_ADD 24403185,28209914,181.000000,62 
OBJECT_ADD 24477714,28183397,181.000000,62 
OBJECT_ADD 24471023,28183248,181.000000,62 
OBJECT_ADD 24468949,28184971,181.000000,62 
OBJECT_ADD 24442243,28194058,181.000000,62 
OBJECT_ADD 24447678,28191517,181.000000,62 
OBJECT_ADD 24451232,28189008,181.000000,62 
OBJECT_ADD 24448940,28186129,181.000000,62 
OBJECT_ADD 24448729,28182364,181.000000,62 
OBJECT_ADD 24391002,28239411,181.000000,62 
OBJECT_ADD 24407948,28215474,181.000000,62 
OBJECT_ADD 24419542,28198506,181.000000,62 
OBJECT_ADD 24421781,28192664,181.000000,62 
OBJECT_ADD 24480490,28184601,181.000000,62 
OBJECT_ADD 24480342,28188194,181.000000,62 
OBJECT_ADD 24464791,28203409,181.000000,62 
OBJECT_ADD 24459743,28199805,181.000000,62 
OBJECT_ADD 24468800,28195756,181.000000,62 
OBJECT_ADD 24473018,28194611,181.000000,62 
OBJECT_ADD 24471878,28244040,181.000000,62 
OBJECT_ADD 24461064,28230718,181.000000,62 
OBJECT_ADD 24432686,28234940,158.000000,62 
OBJECT_ADD 24438685,28234259,181.000000,62 
OBJECT_ADD 24427453,28252831,181.000000,62 
OBJECT_ADD 24416272,28259135,181.000000,62 
OBJECT_ADD 24422488,28253530,181.000000,62 
OBJECT_ADD 24430664,28248783,181.000000,62 
OBJECT_ADD 24427391,28245209,181.000000,62 
OBJECT_ADD 24430071,28240126,181.000000,62 
OBJECT_ADD 24424303,28239248,181.000000,62 
OBJECT_ADD 24421093,28248187,181.000000,62 
OBJECT_ADD 24416614,28249464,181.000000,62 
OBJECT_ADD 24431593,28251114,181.000000,62 
OBJECT_ADD 24452953,28182915,0.000000,62 
OBJECT_ADD 24450633,28182790,0.000000,62 
OBJECT_ADD 24448966,28185670,0.000000,62 
OBJECT_ADD 24448625,28187872,0.000000,62 
OBJECT_ADD 24449345,28191414,0.000000,62 
OBJECT_ADD 24449109,28201713,0.000000,62 
OBJECT_ADD 24453069,28199724,0.000000,62 
OBJECT_ADD 24449474,28200744,0.000000,62 
OBJECT_ADD 24446862,28194794,0.000000,62 
OBJECT_ADD 24444334,28196445,0.000000,62 
OBJECT_ADD 24440622,28196875,0.000000,62 
OBJECT_ADD 24461236,28189051,0.000000,62 
OBJECT_ADD 24480760,28189513,0.000000,62 
OBJECT_ADD 24478481,28184146,0.000000,62 
OBJECT_ADD 24482084,28186240,0.000000,62 
OBJECT_ADD 24475203,28184616,0.000000,62 
OBJECT_ADD 24472000,28182744,0.000000,62 
OBJECT_ADD 24468865,28185166,0.000000,62 
OBJECT_ADD 24449823,28186762,0.000000,62 
OBJECT_ADD 24409251,28191246,0.000000,62 
OBJECT_ADD 24380662,28225916,0.000000,62 
OBJECT_ADD 24396144,28213569,0.000000,62 
OBJECT_ADD 24392578,28214131,0.000000,62 
OBJECT_ADD 24394740,28209399,0.000000,62 
OBJECT_ADD 24390721,28204774,0.000000,62 
OBJECT_ADD 24388864,28201747,0.000000,62 
OBJECT_ADD 24405354,28206255,0.000000,62 
OBJECT_ADD 24401922,28205715,0.000000,62 
OBJECT_ADD 24408071,28201186,0.000000,62 
OBJECT_ADD 24407608,28202787,0.000000,62 
OBJECT_ADD 24410182,28185689,0.000000,62 
OBJECT_ADD 24386745,28222469,0.000000,62 
OBJECT_ADD 24438711,28224091,158.000000,62 
OBJECT_ADD 24436364,28229932,158.000000,62 
OBJECT_ADD 24430806,28216659,104.000000,63 
OBJECT_ADD 24432034,28204566,181.000000,62 
OBJECT_ADD 24428994,28208087,181.000000,62 
OBJECT_ADD 24429025,28193403,181.000000,62 
OBJECT_ADD 24427958,28194740,181.000000,62 
OBJECT_ADD 24435948,28197391,181.000000,62 
OBJECT_ADD 24437689,28193612,181.000000,62 
OBJECT_ADD 24437623,28185835,181.000000,62 
OBJECT_ADD 24435614,28183912,181.000000,62 
OBJECT_ADD 24433316,28191503,181.000000,62 
OBJECT_ADD 24435641,28217212,181.000000,62 
OBJECT_ADD 24730891,28037868,0.000000,62 
OBJECT_ADD 24749304,28024982,0.000000,62 
OBJECT_ADD 24747879,28031823,0.000000,62 
OBJECT_ADD 24744975,28027378,0.000000,62 
OBJECT_ADD 24743158,28024672,0.000000,62 
OBJECT_ADD 24746698,28021337,0.000000,62 
OBJECT_ADD 24733839,28030618,0.000000,62 
OBJECT_ADD 24743971,28008459,0.000000,62 
OBJECT_ADD 24740064,28012880,0.000000,62 
OBJECT_ADD 24745062,28014418,0.000000,62 
OBJECT_ADD 24735240,28017254,0.000000,62 
OBJECT_ADD 24729216,28015360,0.000000,62 
OBJECT_ADD 24736401,28010887,0.000000,62 
OBJECT_ADD 24738599,28006635,0.000000,62 
OBJECT_ADD 24896451,27910553,-23.000000,62 
OBJECT_ADD 24894556,27913190,-23.000000,62 
OBJECT_ADD 24892942,27915418,-23.000000,62 
OBJECT_ADD 24875845,28011017,-23.000000,62 
OBJECT_ADD 24888133,28015087,-23.000000,62 
OBJECT_ADD 24888363,28019134,-23.000000,62 
OBJECT_ADD 24895615,28000701,-23.000000,62 
OBJECT_ADD 24896409,28005365,-23.000000,62 
OBJECT_ADD 24891183,28017879,-23.000000,62 
OBJECT_ADD 24888020,28022824,-23.000000,62 
OBJECT_ADD 24891886,28021539,-23.000000,62 
OBJECT_ADD 24874604,28007157,-23.000000,62 
OBJECT_ADD 24875435,28003417,-23.000000,62 
OBJECT_ADD 24878033,28002464,-23.000000,62 
OBJECT_ADD 24881695,28000598,-23.000000,62 
OBJECT_ADD 24902288,28012338,-77.000000,63 
OBJECT_ADD 24852405,28021306,0.000000,63 
OBJECT_ADD 24866541,28043217,0.000000,62 
OBJECT_ADD 24871878,28045121,0.000000,62 
OBJECT_ADD 24880453,28038250,0.000000,62 
OBJECT_ADD 24877568,28038379,0.000000,62 
OBJECT_ADD 24873299,28036735,0.000000,62 
OBJECT_ADD 24873793,28033518,0.000000,62 
OBJECT_ADD 24878634,28033504,0.000000,62 
OBJECT_ADD 24882606,28036161,0.000000,62 
OBJECT_ADD 24884619,28040486,0.000000,62 
OBJECT_ADD 24879540,28042044,0.000000,62 
OBJECT_ADD 24874966,28042149,0.000000,62 
OBJECT_ADD 24870396,28005991,0.000000,62 
OBJECT_ADD 24812891,28017236,0.000000,62 
OBJECT_ADD 24817528,28018879,0.000000,62 
OBJECT_ADD 24814280,28012202,0.000000,62 
OBJECT_ADD 24819233,28012535,0.000000,62 
OBJECT_ADD 24823492,28006042,0.000000,62 
OBJECT_ADD 24818146,28001403,0.000000,62 
OBJECT_ADD 24817866,28005361,0.000000,62 
OBJECT_ADD 24811021,28010991,0.000000,62 
OBJECT_ADD 24809173,28015533,0.000000,62 
OBJECT_ADD 24813348,28020532,0.000000,62 
OBJECT_ADD 24810668,28024276,0.000000,62 
OBJECT_ADD 24808330,28027492,0.000000,62 
OBJECT_ADD 24820380,28007635,0.000000,62 
OBJECT_ADD 24794306,28003869,0.000000,62 
OBJECT_ADD 24795592,28007869,0.000000,62 
OBJECT_ADD 24839062,28000564,0.000000,62 
OBJECT_ADD 24845860,27998721,0.000000,62 
OBJECT_ADD 24845102,28003394,0.000000,62 
OBJECT_ADD 24842442,28006619,0.000000,62 
OBJECT_ADD 24843791,28010328,0.000000,62 
OBJECT_ADD 24836313,28009411,0.000000,62 
OBJECT_ADD 24835608,28013653,0.000000,62 
OBJECT_ADD 24823266,27999406,0.000000,62 
OBJECT_ADD 24826081,28003084,0.000000,62 
OBJECT_ADD 24822103,28004144,0.000000,62 
OBJECT_ADD 24784843,28031586,0.000000,62 
OBJECT_ADD 24786838,28035552,0.000000,62 
OBJECT_ADD 24787759,28038864,0.000000,62 
OBJECT_ADD 24788818,28032769,0.000000,62 
OBJECT_ADD 24789816,28028988,0.000000,62 
OBJECT_ADD 24787158,28025303,0.000000,62 
OBJECT_ADD 24785169,28022139,0.000000,62 
OBJECT_ADD 24793655,28047221,0.000000,62 
OBJECT_ADD 24793040,28044069,0.000000,62 
OBJECT_ADD 24806513,27993655,0.000000,62 
OBJECT_ADD 24863714,28034587,0.000000,62 
OBJECT_ADD 24778855,28057199,0.000000,62 
OBJECT_ADD 24781173,28053171,0.000000,62 
OBJECT_ADD 24792290,28050685,0.000000,62 
OBJECT_ADD 24913947,27873228,0.000000,62 
OBJECT_ADD 24924142,27876634,0.000000,62 
OBJECT_ADD 24929088,27878432,0.000000,62 
OBJECT_ADD 24909439,27878832,0.000000,62 
OBJECT_ADD 24925891,27888756,-23.000000,62 
OBJECT_ADD 24924879,27892751,-23.000000,62 
OBJECT_ADD 24923767,27916797,-23.000000,62 
OBJECT_ADD 24924044,27913207,-23.000000,62 
OBJECT_ADD 24957022,27917835,-23.000000,62 
OBJECT_ADD 24962610,27914484,-23.000000,62 
OBJECT_ADD 24936878,27916909,0.000000,62 
OBJECT_ADD 24934809,27913642,0.000000,62 
OBJECT_ADD 24941177,27915021,0.000000,62 
OBJECT_ADD 24939564,27917783,0.000000,62 
OBJECT_ADD 24944855,27913767,0.000000,62 
OBJECT_ADD 24948497,27913528,0.000000,62 
OBJECT_ADD 24931009,27915033,0.000000,62 
OBJECT_ADD 24948534,28008062,-66.000000,63 
OBJECT_ADD 24954802,28001850,-23.000000,62 
OBJECT_ADD 24928889,27997588,-23.000000,62 
OBJECT_ADD 24931016,28009935,-23.000000,62 
OBJECT_ADD 24926854,28000416,-23.000000,62 
OBJECT_ADD 24935069,28011422,-23.000000,62 
OBJECT_ADD 24933597,28007976,-23.000000,62 
OBJECT_ADD 24918792,28003410,-23.000000,62 
OBJECT_ADD 24921766,28006377,-23.000000,62 
OBJECT_ADD 24920373,28007860,-23.000000,62 
OBJECT_ADD 24955813,28014633,-23.000000,62 
OBJECT_ADD 24952292,28012737,-23.000000,62 
OBJECT_ADD 24945752,28000056,-23.000000,62 
OBJECT_ADD 24943308,27997567,-23.000000,62 
OBJECT_ADD 24940457,27999381,-23.000000,62 
OBJECT_ADD 24926672,28001030,-66.000000,63 
OBJECT_ADD 24920760,28008303,-77.000000,63 
OBJECT_ADD 24954420,28001446,0.000000,63 
OBJECT_ADD 24932109,27988790,0.000000,62 
OBJECT_ADD 24929643,27990126,0.000000,62 
OBJECT_ADD 24926117,27994190,0.000000,62 
OBJECT_ADD 24921133,27994040,0.000000,62 
OBJECT_ADD 24917879,27994776,0.000000,62 
OBJECT_ADD 24941436,27983012,0.000000,62 
OBJECT_ADD 24938820,27984950,0.000000,62 
OBJECT_ADD 24935532,27987475,0.000000,62 
OBJECT_ADD 24913669,28001126,0.000000,62 
OBJECT_ADD 24911789,28003993,0.000000,62 
OBJECT_ADD 24910549,28006585,0.000000,62 
OBJECT_ADD 24909244,28009121,0.000000,62 
OBJECT_ADD 24946113,28002750,0.000000,62 
OBJECT_ADD 24941440,27922100,-23.000000,62 
OBJECT_ADD 24909318,27926830,-23.000000,62 
OBJECT_ADD 24912489,27922471,-23.000000,62 
OBJECT_ADD 24922961,27921332,-23.000000,62 
OBJECT_ADD 24928436,27948097,-66.000000,63 
OBJECT_ADD 24929308,27946316,-77.000000,63 
OBJECT_ADD 24931025,27943555,0.000000,63 
OBJECT_ADD 24933420,27918676,0.000000,62 
OBJECT_ADD 24930698,27919616,0.000000,62 
OBJECT_ADD 24922752,28020646,0.000000,62 
OBJECT_ADD 24906314,27999438,0.000000,62 
OBJECT_ADD 24910941,27996671,0.000000,62 
OBJECT_ADD 24917669,28043894,0.000000,62 
OBJECT_ADD 24921224,28041109,0.000000,62 
OBJECT_ADD 24950481,28015690,0.000000,62 
OBJECT_ADD 24929085,28017577,0.000000,62 
OBJECT_ADD 24909297,28054653,0.000000,62 
OBJECT_ADD 24912684,28056696,0.000000,62 
OBJECT_ADD 24918317,28060099,0.000000,62 
OBJECT_ADD 24919126,28053425,0.000000,62 
OBJECT_ADD 24913286,28052369,0.000000,62 
OBJECT_ADD 24909497,28051054,0.000000,62 
OBJECT_ADD 24375773,28486172,-23.000000,62 
OBJECT_ADD 24372082,28488255,-23.000000,62 
OBJECT_ADD 24359468,28463489,-66.000000,63 
OBJECT_ADD 24370767,28466746,0.000000,62 
OBJECT_ADD 24371425,28461510,0.000000,62 
OBJECT_ADD 24367520,28457889,0.000000,62 
OBJECT_ADD 24368771,28454684,0.000000,62 
OBJECT_ADD 24363771,28501910,0.000000,62 
OBJECT_ADD 24377537,28480164,0.000000,62 
OBJECT_ADD 24375330,28474758,0.000000,62 
OBJECT_ADD 24377520,28469354,0.000000,62 
OBJECT_ADD 24374843,28466325,0.000000,62 
OBJECT_ADD 24378674,28446063,0.000000,62 
OBJECT_ADD 24355443,28473907,0.000000,62 
OBJECT_ADD 24352134,28474066,0.000000,62 
OBJECT_ADD 24352863,28470301,0.000000,62 
OBJECT_ADD 24363777,28492533,0.000000,62 
OBJECT_ADD 24367770,28490903,0.000000,62 
OBJECT_ADD 24370451,28512823,0.000000,62 
OBJECT_ADD 24367559,28526011,0.000000,62 
OBJECT_ADD 24370656,28526902,0.000000,62 
OBJECT_ADD 24373556,28526925,0.000000,62 
OBJECT_ADD 24366660,28503239,0.000000,62 
OBJECT_ADD 24367105,28515000,0.000000,62 
OBJECT_ADD 24505051,28363255,0.000000,62 
OBJECT_ADD 24506445,28352725,0.000000,62 
OBJECT_ADD 24505714,28352770,0.000000,62 
OBJECT_ADD 24508560,28368503,0.000000,62 
OBJECT_ADD 24508031,28365900,0.000000,62 
OBJECT_ADD 24397912,28442258,0.000000,62 
OBJECT_ADD 24392495,28441621,0.000000,62 
OBJECT_ADD 24379822,28441589,0.000000,62 
OBJECT_ADD 24394684,28431884,0.000000,62 
OBJECT_ADD 24380148,28495305,-23.000000,62 
OBJECT_ADD 24400580,28473077,-23.000000,62 
OBJECT_ADD 24405849,28475223,-23.000000,62 
OBJECT_ADD 24408448,28477285,-23.000000,62 
OBJECT_ADD 24405730,28483633,-23.000000,62 
OBJECT_ADD 24396715,28476832,-23.000000,62 
OBJECT_ADD 24399403,28493445,-23.000000,62 
OBJECT_ADD 24403803,28490237,-23.000000,62 
OBJECT_ADD 24396604,28497325,-23.000000,62 
OBJECT_ADD 24407816,28488384,-23.000000,62 
OBJECT_ADD 24393532,28473836,-23.000000,62 
OBJECT_ADD 24399850,28460926,-77.000000,63 
OBJECT_ADD 24396856,28516429,0.000000,63 
OBJECT_ADD 24380708,28463458,0.000000,62 
OBJECT_ADD 24380142,28459125,0.000000,62 
OBJECT_ADD 24389591,28460115,0.000000,62 
OBJECT_ADD 24393337,28453130,0.000000,62 
OBJECT_ADD 24395888,28445129,0.000000,62 
OBJECT_ADD 24391179,28446268,0.000000,62 
OBJECT_ADD 24390150,28456395,0.000000,62 
OBJECT_ADD 24388634,28474270,0.000000,62 
OBJECT_ADD 24385354,28477229,0.000000,62 
OBJECT_ADD 24382954,28481019,0.000000,62 
OBJECT_ADD 24381600,28478039,0.000000,62 
OBJECT_ADD 24379859,28490895,0.000000,62 
OBJECT_ADD 24379770,28485650,0.000000,62 
OBJECT_ADD 24379477,28475478,0.000000,62 
OBJECT_ADD 24399668,28469670,0.000000,62 
OBJECT_ADD 24390547,28452071,0.000000,62 
OBJECT_ADD 24408193,28457351,0.000000,62 
OBJECT_ADD 24408445,28460390,0.000000,62 
OBJECT_ADD 24406131,28464866,0.000000,62 
OBJECT_ADD 24403042,28467602,0.000000,62 
OBJECT_ADD 24390092,28469369,0.000000,62 
OBJECT_ADD 24393923,28465113,0.000000,62 
OBJECT_ADD 24388548,28464614,0.000000,62 
OBJECT_ADD 24398444,28463928,0.000000,62 
OBJECT_ADD 24400769,28460834,0.000000,62 
OBJECT_ADD 24408954,28453859,0.000000,62 
OBJECT_ADD 24395402,28447560,0.000000,62 
OBJECT_ADD 24589785,28420006,-1.000000,62 
OBJECT_ADD 24586220,28418166,-1.000000,62 
OBJECT_ADD 24605745,28414192,-1.000000,62 
OBJECT_ADD 24611534,28415188,-1.000000,62 
OBJECT_ADD 24612888,28417972,-1.000000,62 
OBJECT_ADD 24610106,28404482,-1.000000,62 
OBJECT_ADD 24612256,28402294,-1.000000,62 
OBJECT_ADD 24602984,28408938,-1.000000,62 
OBJECT_ADD 24607278,28412342,-1.000000,62 
OBJECT_ADD 24611121,28407659,-1.000000,62 
OBJECT_ADD 24612753,28405938,-1.000000,62 
OBJECT_ADD 24599723,28410856,-1.000000,62 
OBJECT_ADD 24595356,28421502,-1.000000,62 
OBJECT_ADD 24602653,28425066,-24.000000,62 
OBJECT_ADD 24598042,28423794,-24.000000,62 
OBJECT_ADD 24605663,28426816,-24.000000,62 
OBJECT_ADD 24609874,28429168,-24.000000,62 
OBJECT_ADD 24617413,28397890,-24.000000,62 
OBJECT_ADD 24620624,28402058,-24.000000,62 
OBJECT_ADD 24627389,28412950,-24.000000,62 
OBJECT_ADD 24628761,28416838,-24.000000,62 
OBJECT_ADD 24630596,28422449,-24.000000,62 
OBJECT_ADD 24588943,28428633,-24.000000,62 
OBJECT_ADD 24598603,28405262,-78.000000,63 
OBJECT_ADD 24591663,28425256,-1.000000,63 
OBJECT_ADD 24625603,28395618,-1.000000,62 
OBJECT_ADD 24627753,28399796,-1.000000,62 
OBJECT_ADD 24632961,28408394,-1.000000,62 
OBJECT_ADD 24633017,28403430,-1.000000,62 
OBJECT_ADD 24609236,28410638,-1.000000,62 
OBJECT_ADD 24576611,28430911,-24.000000,62 
OBJECT_ADD 24622520,28440553,-24.000000,62 
OBJECT_ADD 24591578,28429926,-24.000000,62 
OBJECT_ADD 24603556,28433917,-67.000000,63 
OBJECT_ADD 24602468,28437757,-1.000000,62 
OBJECT_ADD 24573455,28437412,-1.000000,62 
OBJECT_ADD 24590040,28438592,-1.000000,62 
OBJECT_ADD 24583938,28433448,-1.000000,62 
OBJECT_ADD 24580187,28430940,-1.000000,62 
OBJECT_ADD 24641096,28416176,-1.000000,62 
OBJECT_ADD 24640507,28413948,-1.000000,62 
OBJECT_ADD 24637559,28406663,-1.000000,62 
OBJECT_ADD 24549253,28344032,0.000000,62 
OBJECT_ADD 24552354,28339500,0.000000,62 
OBJECT_ADD 24557085,28344604,0.000000,62 
OBJECT_ADD 24573559,28343155,0.000000,62 
OBJECT_ADD 24568434,28343168,0.000000,62 
OBJECT_ADD 24563420,28342509,0.000000,62 
OBJECT_ADD 24561307,28337524,0.000000,62 
OBJECT_ADD 24566927,28336592,0.000000,62 
OBJECT_ADD 24571956,28333318,0.000000,62 
OBJECT_ADD 24577146,28392922,0.000000,62 
OBJECT_ADD 24572463,28395387,0.000000,62 
OBJECT_ADD 24575324,28389746,0.000000,62 
OBJECT_ADD 24542599,28339255,0.000000,62 
OBJECT_ADD 24527408,28370288,0.000000,62 
OBJECT_ADD 24519865,28362910,0.000000,62 
OBJECT_ADD 24539762,28348678,0.000000,62 
OBJECT_ADD 24543231,28346288,0.000000,62 
OBJECT_ADD 24556847,28361309,0.000000,62 
OBJECT_ADD 24562906,28363361,0.000000,62 
OBJECT_ADD 24568409,28365748,0.000000,62 
OBJECT_ADD 24539001,28342021,0.000000,62 
OBJECT_ADD 24572475,28429019,-23.000000,62 
OBJECT_ADD 24568957,28428338,-23.000000,62 
OBJECT_ADD 24583598,28409980,-23.000000,62 
OBJECT_ADD 24578929,28403677,-23.000000,62 
OBJECT_ADD 24581665,28400506,-23.000000,62 
OBJECT_ADD 24582439,28392557,-23.000000,62 
OBJECT_ADD 24585104,28388737,-23.000000,62 
OBJECT_ADD 24612671,28394673,-23.000000,62 
OBJECT_ADD 24609404,28393699,-23.000000,62 
OBJECT_ADD 24598126,28405555,0.000000,63 
OBJECT_ADD 24631568,28571678,-23.000000,62 
OBJECT_ADD 24635606,28567485,-23.000000,62 
OBJECT_ADD 24640588,28568362,-23.000000,62 
OBJECT_ADD 24601382,28469776,-23.000000,62 
OBJECT_ADD 24596407,28469955,-23.000000,62 
OBJECT_ADD 24594372,28466318,-23.000000,62 
OBJECT_ADD 24591654,28462301,-23.000000,62 
OBJECT_ADD 24592560,28455007,-66.000000,63 
OBJECT_ADD 24576454,28464104,-77.000000,63 
OBJECT_ADD 24626263,28455921,0.000000,62 
OBJECT_ADD 24614087,28464274,0.000000,62 
OBJECT_ADD 24619642,28463201,0.000000,62 
OBJECT_ADD 24616010,28469837,0.000000,62 
OBJECT_ADD 24621533,28455186,0.000000,62 
OBJECT_ADD 24619421,28468219,0.000000,62 
OBJECT_ADD 24626825,28452695,0.000000,62 
OBJECT_ADD 24576586,28463503,0.000000,62 
OBJECT_ADD 24582455,28478156,0.000000,62 
OBJECT_ADD 24588166,28472495,0.000000,62 
OBJECT_ADD 24593974,28476387,0.000000,62 
OBJECT_ADD 24616802,28472828,0.000000,62 
OBJECT_ADD 24618380,28460239,0.000000,62 
OBJECT_ADD 24597695,28473121,-23.000000,62 
OBJECT_ADD 24596652,28477430,-23.000000,62 
OBJECT_ADD 24597749,28483017,-23.000000,62 
OBJECT_ADD 24626623,28467207,-23.000000,62 
OBJECT_ADD 24627514,28471678,-23.000000,62 
OBJECT_ADD 24635215,28486360,-23.000000,62 
OBJECT_ADD 24631642,28485297,-23.000000,62 
OBJECT_ADD 24628079,28484790,-23.000000,62 
OBJECT_ADD 24565966,28491993,-23.000000,62 
OBJECT_ADD 24568640,28484857,-23.000000,62 
OBJECT_ADD 24566111,28486022,-23.000000,62 
OBJECT_ADD 24563458,28491613,-23.000000,62 
OBJECT_ADD 24560425,28487970,-23.000000,62 
OBJECT_ADD 24583609,28464997,-66.000000,63 
OBJECT_ADD 24576610,28497076,-77.000000,63 
OBJECT_ADD 24574347,28498032,0.000000,63 
OBJECT_ADD 24638785,28574883,0.000000,62 
OBJECT_ADD 24631328,28589142,-23.000000,62 
OBJECT_ADD 24627525,28588055,-23.000000,62 
OBJECT_ADD 24626798,28585808,-23.000000,62 
OBJECT_ADD 24634422,28574241,-23.000000,62 
OBJECT_ADD 24628030,28574721,-23.000000,62 
OBJECT_ADD 24752598,28438957,0.000000,62 
OBJECT_ADD 24745136,28427201,0.000000,62 
OBJECT_ADD 24745199,28423504,0.000000,62 
OBJECT_ADD 24744351,28433552,0.000000,62 
OBJECT_ADD 24747901,28429008,0.000000,62 
OBJECT_ADD 24748960,28425409,0.000000,62 
OBJECT_ADD 24760986,28428550,0.000000,62 
OBJECT_ADD 24743837,28438760,0.000000,62 
OBJECT_ADD 24746815,28434621,0.000000,62 
OBJECT_ADD 24760812,28439403,0.000000,62 
OBJECT_ADD 24757128,28426897,0.000000,62 
OBJECT_ADD 24754613,28565907,0.000000,62 
OBJECT_ADD 24758570,28562434,0.000000,62 
OBJECT_ADD 24743943,28568570,0.000000,62 
OBJECT_ADD 24768551,28572961,0.000000,62 
OBJECT_ADD 24767400,28554070,0.000000,62 
OBJECT_ADD 24743821,28563519,0.000000,62 
OBJECT_ADD 24742554,28558297,0.000000,62 
OBJECT_ADD 24723654,28573571,0.000000,62 
OBJECT_ADD 24752768,28554894,0.000000,62 
OBJECT_ADD 24755325,28557716,0.000000,62 
OBJECT_ADD 24727799,28569510,0.000000,62 
OBJECT_ADD 24726534,28566398,0.000000,62 
OBJECT_ADD 24739337,28552455,0.000000,62 
OBJECT_ADD 24741779,28549649,0.000000,62 
OBJECT_ADD 24737838,28548369,0.000000,62 
OBJECT_ADD 24735042,28547211,0.000000,62 
OBJECT_ADD 24749620,28565012,0.000000,62 
OBJECT_ADD 24761334,28559175,0.000000,62 
OBJECT_ADD 24749793,28568456,0.000000,62 
OBJECT_ADD 24767891,28559492,0.000000,62 
OBJECT_ADD 24771486,28556536,0.000000,62 
OBJECT_ADD 24771693,28560307,0.000000,62 
OBJECT_ADD 24753342,28562454,0.000000,62 
OBJECT_ADD 24740009,28572279,0.000000,62 
OBJECT_ADD 24736934,28570343,0.000000,62 
OBJECT_ADD 24732822,28573280,0.000000,62 
OBJECT_ADD 24763077,28571743,0.000000,62 
OBJECT_ADD 24647854,28572897,-23.000000,62 
OBJECT_ADD 24652221,28572605,-23.000000,62 
OBJECT_ADD 24657454,28571725,-23.000000,62 
OBJECT_ADD 24661329,28572484,-23.000000,62 
OBJECT_ADD 24685630,28564757,-23.000000,62 
OBJECT_ADD 24682457,28558708,-23.000000,62 
OBJECT_ADD 24680853,28568156,-23.000000,62 
OBJECT_ADD 24677611,28570011,-23.000000,62 
OBJECT_ADD 24672891,28571868,-23.000000,62 
OBJECT_ADD 24694414,28562469,-23.000000,62 
OBJECT_ADD 24692827,28568335,-23.000000,62 
OBJECT_ADD 24694392,28570124,-23.000000,62 
OBJECT_ADD 24697458,28561133,-23.000000,62 
OBJECT_ADD 24673749,28571821,-66.000000,63 
OBJECT_ADD 24672822,28555668,-77.000000,63 
OBJECT_ADD 24684771,28562031,0.000000,63 
OBJECT_ADD 24645847,28565210,0.000000,62 
OBJECT_ADD 24692903,28556009,0.000000,62 
OBJECT_ADD 24692957,28559661,0.000000,62 
OBJECT_ADD 24691410,28564553,0.000000,62 
OBJECT_ADD 24663875,28555131,0.000000,62 
OBJECT_ADD 24666954,28553185,0.000000,62 
OBJECT_ADD 24678288,28547761,0.000000,62 
OBJECT_ADD 24681634,28555974,0.000000,62 
OBJECT_ADD 24681117,28546825,0.000000,62 
OBJECT_ADD 24709804,28555244,0.000000,62 
OBJECT_ADD 24707206,28556200,0.000000,62 
OBJECT_ADD 24704219,28555887,0.000000,62 
OBJECT_ADD 24699061,28556007,0.000000,62 
OBJECT_ADD 24707067,28543384,0.000000,62 
OBJECT_ADD 24705796,28541692,0.000000,62 
OBJECT_ADD 24709048,28539123,0.000000,62 
OBJECT_ADD 24711376,28537957,0.000000,62 
OBJECT_ADD 24690408,28534319,0.000000,62 
OBJECT_ADD 24675770,28530698,0.000000,62 
OBJECT_ADD 24679506,28529815,0.000000,62 
OBJECT_ADD 24678766,28526268,0.000000,62 
OBJECT_ADD 24690907,28529401,0.000000,62 
OBJECT_ADD 24681517,28533208,0.000000,62 
OBJECT_ADD 24684657,28534585,0.000000,62 
OBJECT_ADD 24705513,28566499,0.000000,62 
OBJECT_ADD 24723825,28549692,0.000000,62 
OBJECT_ADD 24722674,28552385,0.000000,62 
OBJECT_ADD 24720008,28553810,0.000000,62 
OBJECT_ADD 24717832,28556903,0.000000,62 
OBJECT_ADD 24715812,28556781,0.000000,62 
OBJECT_ADD 24709872,28568871,-23.000000,62 
OBJECT_ADD 24700745,28573592,-23.000000,62 
OBJECT_ADD 24770104,28477654,0.000000,62 
OBJECT_ADD 24763947,28604848,0.000000,62 
OBJECT_ADD 24756317,28573702,0.000000,62 
OBJECT_ADD 24753684,28594377,0.000000,62 
OBJECT_ADD 24737890,28579498,0.000000,62 
OBJECT_ADD 24741248,28582062,0.000000,62 
OBJECT_ADD 24743154,28585413,0.000000,62 
OBJECT_ADD 24752914,28582900,0.000000,62 
OBJECT_ADD 24710304,28588874,-23.000000,62 
OBJECT_ADD 24708765,28591992,-23.000000,62 
OBJECT_ADD 24711114,28595454,-23.000000,62 
OBJECT_ADD 24733339,28622034,-23.000000,62 
OBJECT_ADD 24730742,28609023,-23.000000,62 
OBJECT_ADD 24713578,28597738,-23.000000,62 
OBJECT_ADD 24712642,28600508,-23.000000,62 
OBJECT_ADD 24713440,28603803,-23.000000,62 
OBJECT_ADD 24708928,28602973,-23.000000,62 
OBJECT_ADD 24707866,28606784,-23.000000,62 
OBJECT_ADD 24705442,28605259,-23.000000,62 
OBJECT_ADD 24703961,28609732,-23.000000,62 
OBJECT_ADD 24704790,28612895,-23.000000,62 
OBJECT_ADD 24729171,28640234,-66.000000,63 
OBJECT_ADD 24759330,28623880,-77.000000,63 
OBJECT_ADD 24706131,28614632,0.000000,63 
OBJECT_ADD 24738468,28590351,0.000000,62 
OBJECT_ADD 24733623,28588396,0.000000,62 
OBJECT_ADD 24730966,28585778,0.000000,62 
OBJECT_ADD 24734775,28591284,0.000000,62 
OBJECT_ADD 24731765,28591322,0.000000,62 
OBJECT_ADD 24729399,28592688,0.000000,62 
OBJECT_ADD 24726504,28594913,0.000000,62 
OBJECT_ADD 24724521,28593671,0.000000,62 
OBJECT_ADD 24723558,28590252,0.000000,62 
OBJECT_ADD 24721961,28591926,0.000000,62 
OBJECT_ADD 24718412,28592095,0.000000,62 
OBJECT_ADD 24719751,28592725,0.000000,62 
OBJECT_ADD 24740070,28592512,0.000000,62 
OBJECT_ADD 24715602,28652902,-23.000000,62 
OBJECT_ADD 24717256,28649061,-23.000000,62 
OBJECT_ADD 24722219,28646213,-23.000000,62 
OBJECT_ADD 24726242,28646039,-23.000000,62 
OBJECT_ADD 24730172,28643903,-23.000000,62 
OBJECT_ADD 24734188,28641960,-23.000000,62 
OBJECT_ADD 24725059,28630765,-23.000000,62 
OBJECT_ADD 24737100,28628744,-23.000000,62 
OBJECT_ADD 24740813,28626551,-23.000000,62 
OBJECT_ADD 24750991,28624624,-23.000000,62 
OBJECT_ADD 24745386,28626173,-23.000000,62 
OBJECT_ADD 24743073,28628558,-23.000000,62 
OBJECT_ADD 24755205,28628461,-23.000000,62 
OBJECT_ADD 24745397,28619322,-66.000000,63 
OBJECT_ADD 24764167,28631615,-77.000000,63 
OBJECT_ADD 24725269,28671659,0.000000,63 
OBJECT_ADD 24758992,28655326,0.000000,62 
OBJECT_ADD 24768972,28668354,0.000000,62 
OBJECT_ADD 24771449,28653452,0.000000,62 
OBJECT_ADD 24768302,28655083,0.000000,62 
OBJECT_ADD 24769544,28636905,0.000000,62 
OBJECT_ADD 24767026,28637949,0.000000,62 
OBJECT_ADD 24764906,28639995,0.000000,62 
OBJECT_ADD 24762671,28645712,0.000000,62 
OBJECT_ADD 24757460,28651686,0.000000,62 
OBJECT_ADD 24761718,28641298,0.000000,62 
OBJECT_ADD 24759917,28637206,0.000000,62 
OBJECT_ADD 24758359,28632306,0.000000,62 
OBJECT_ADD 24763971,28650896,0.000000,62 
OBJECT_ADD 24742040,28638218,0.000000,62 
OBJECT_ADD 24744316,28633911,0.000000,62 
OBJECT_ADD 24741895,28643139,0.000000,62 
OBJECT_ADD 24749392,28655644,0.000000,62 
OBJECT_ADD 24747034,28624274,0.000000,62 
OBJECT_ADD 24771651,28628547,0.000000,62 
OBJECT_ADD 24770188,28626364,0.000000,62 
OBJECT_ADD 24769263,28623456,0.000000,62 
OBJECT_ADD 24769278,28616198,0.000000,62 
OBJECT_ADD 24755184,28621519,0.000000,62 
OBJECT_ADD 24768572,28667234,0.000000,62 
OBJECT_ADD 24758182,28675249,0.000000,62 
OBJECT_ADD 24755606,28671596,0.000000,62 
OBJECT_ADD 24754293,28664899,0.000000,62 
OBJECT_ADD 24751840,28659818,0.000000,62 
OBJECT_ADD 24761298,28616082,0.000000,62 
OBJECT_ADD 24759805,28619590,0.000000,62 
OBJECT_ADD 24746602,28630175,0.000000,62 
OBJECT_ADD 24745692,28677492,0.000000,62 
OBJECT_ADD 24741258,28667759,0.000000,62 
OBJECT_ADD 24741643,28671497,0.000000,62 
OBJECT_ADD 24738577,28667259,0.000000,62 
OBJECT_ADD 24715220,28688739,0.000000,62 
OBJECT_ADD 24722354,28685005,0.000000,62 
OBJECT_ADD 24734243,28678827,0.000000,62 
OBJECT_ADD 24735561,28675095,0.000000,62 
OBJECT_ADD 24708071,28659662,0.000000,62 
OBJECT_ADD 24704730,28659253,0.000000,62 
OBJECT_ADD 24731190,28677691,0.000000,62 
OBJECT_ADD 24723841,28679235,0.000000,62 
OBJECT_ADD 24722675,28675192,0.000000,62 
OBJECT_ADD 24721221,28670708,0.000000,62 
OBJECT_ADD 24718833,28668380,0.000000,62 
OBJECT_ADD 24716778,28665406,0.000000,62 
OBJECT_ADD 24714189,28661670,0.000000,62 
OBJECT_ADD 24706026,28650389,0.000000,62 
OBJECT_ADD 24679601,28641748,0.000000,62 
OBJECT_ADD 24681810,28643812,0.000000,62 
OBJECT_ADD 24675776,28634063,0.000000,62 
OBJECT_ADD 24669818,28632503,0.000000,62 
OBJECT_ADD 24666533,28630036,0.000000,62 
OBJECT_ADD 24688938,28638121,0.000000,62 
OBJECT_ADD 24689173,28646384,0.000000,62 
OBJECT_ADD 24687129,28644003,0.000000,62 
OBJECT_ADD 24693358,28639042,0.000000,62 
OBJECT_ADD 24721450,28640753,0.000000,62 
OBJECT_ADD 24719021,28638110,0.000000,62 
OBJECT_ADD 24712469,28628197,0.000000,62 
OBJECT_ADD 24665977,28651778,0.000000,62 
OBJECT_ADD 24734291,28577301,0.000000,62 
OBJECT_ADD 24727544,28573794,0.000000,62 
OBJECT_ADD 24763724,28661086,-66.000000,63 
OBJECT_ADD 24765878,28663217,-77.000000,63 
OBJECT_ADD 24753849,28583251,0.000000,62 
OBJECT_ADD 24759327,28584768,0.000000,62 
OBJECT_ADD 24764360,28585439,0.000000,62 
OBJECT_ADD 24769648,28586713,0.000000,62 
OBJECT_ADD 24767821,28590260,0.000000,62 
OBJECT_ADD 24749415,28589027,0.000000,62 
OBJECT_ADD 24746172,28590112,0.000000,62 
OBJECT_ADD 24642918,28583899,0.000000,62 
OBJECT_ADD 24643587,28580024,0.000000,62 
OBJECT_ADD 24646230,28575511,0.000000,62 
OBJECT_ADD 24717732,28580477,0.000000,62 
OBJECT_ADD 24698073,28580372,0.000000,62 
OBJECT_ADD 24715602,28577889,0.000000,62 
OBJECT_ADD 24699840,28576237,0.000000,62 
OBJECT_ADD 24710699,28587771,0.000000,62 
OBJECT_ADD 24708127,28583458,-23.000000,62 
OBJECT_ADD 24698827,28617576,-23.000000,62 
OBJECT_ADD 24699520,28600977,-23.000000,62 
OBJECT_ADD 24681648,28613621,-66.000000,63 
OBJECT_ADD 24645445,28589739,-77.000000,63 
OBJECT_ADD 24693241,28609470,0.000000,63 
OBJECT_ADD 24786933,28438187,0.000000,62 
OBJECT_ADD 24790547,28438086,0.000000,62 
OBJECT_ADD 24793687,28436707,0.000000,62 
OBJECT_ADD 24778791,28423268,0.000000,62 
OBJECT_ADD 24805933,28433625,0.000000,62 
OBJECT_ADD 24882487,28569861,-545.000000,62 
OBJECT_ADD 24898189,28572151,-545.000000,62 
OBJECT_ADD 24879547,28573614,-545.000000,62 
OBJECT_ADD 24871026,28568898,-545.000000,62 
OBJECT_ADD 24870066,28566975,0.000000,62 
OBJECT_ADD 24885081,28567787,0.000000,62 
OBJECT_ADD 24891591,28569329,0.000000,62 
OBJECT_ADD 24899053,28567268,0.000000,62 
OBJECT_ADD 24895564,28566371,0.000000,62 
OBJECT_ADD 24903598,28568773,0.000000,62 
OBJECT_ADD 24888351,28566521,0.000000,62 
OBJECT_ADD 24846327,28566050,-23.000000,62 
OBJECT_ADD 24872624,28550194,-23.000000,62 
OBJECT_ADD 24870209,28552764,-23.000000,62 
OBJECT_ADD 24868330,28553293,-23.000000,62 
OBJECT_ADD 24864947,28554672,-23.000000,62 
OBJECT_ADD 24861415,28556905,-23.000000,62 
OBJECT_ADD 24903043,28538601,-90.000000,62 
OBJECT_ADD 24902539,28528623,-90.000000,62 
OBJECT_ADD 24776153,28555926,0.000000,62 
OBJECT_ADD 24776192,28561029,0.000000,62 
OBJECT_ADD 24786243,28570257,-23.000000,62 
OBJECT_ADD 24798489,28565126,-23.000000,62 
OBJECT_ADD 24795223,28565439,-23.000000,62 
OBJECT_ADD 24794315,28572791,-23.000000,62 
OBJECT_ADD 24783596,28570999,-23.000000,62 
OBJECT_ADD 24798325,28573213,-23.000000,62 
OBJECT_ADD 24790904,28562133,-23.000000,62 
OBJECT_ADD 24793895,28561904,-23.000000,62 
OBJECT_ADD 24775494,28566143,-77.000000,63 
OBJECT_ADD 24796884,28460319,0.000000,62 
OBJECT_ADD 24774989,28446462,0.000000,62 
OBJECT_ADD 24829706,28443676,0.000000,62 
OBJECT_ADD 24827391,28442924,0.000000,62 
OBJECT_ADD 24821839,28457635,0.000000,62 
OBJECT_ADD 24783777,28480334,0.000000,62 
OBJECT_ADD 24794105,28457852,0.000000,62 
OBJECT_ADD 24792151,28456241,0.000000,62 
OBJECT_ADD 24777090,28482251,0.000000,62 
OBJECT_ADD 24883671,28615010,-588.000000,63 
OBJECT_ADD 24876775,28588860,-522.000000,63 
OBJECT_ADD 24900909,28590041,-545.000000,62 
OBJECT_ADD 24900912,28593879,-545.000000,62 
OBJECT_ADD 24888428,28593138,-522.000000,63 
OBJECT_ADD 24893411,28575289,-545.000000,62 
OBJECT_ADD 24901918,28581797,-545.000000,62 
OBJECT_ADD 24885273,28574210,-545.000000,62 
OBJECT_ADD 24899203,28579089,-545.000000,62 
OBJECT_ADD 24894654,28577257,-545.000000,62 
OBJECT_ADD 24887387,28577960,-545.000000,62 
OBJECT_ADD 24891015,28577625,-545.000000,62 
OBJECT_ADD 24880915,28576703,-545.000000,62 
OBJECT_ADD 24895250,28620490,-545.000000,62 
OBJECT_ADD 24860750,28616701,-545.000000,62 
OBJECT_ADD 24864355,28600935,-545.000000,62 
OBJECT_ADD 24871311,28606768,-545.000000,62 
OBJECT_ADD 24877969,28583944,-545.000000,62 
OBJECT_ADD 24885534,28603974,-522.000000,63 
OBJECT_ADD 24875601,28613796,-545.000000,62 
OBJECT_ADD 24872152,28613288,-545.000000,62 
OBJECT_ADD 24862628,28608284,-588.000000,63 
OBJECT_ADD 24870335,28608719,-599.000000,63 
OBJECT_ADD 24857598,28589153,-545.000000,62 
OBJECT_ADD 24881691,28599457,-588.000000,63 
OBJECT_ADD 24902434,28588461,-599.000000,63 
OBJECT_ADD 24876791,28589318,-545.000000,62 
OBJECT_ADD 24868528,28575515,-545.000000,62 
OBJECT_ADD 24871523,28576704,-545.000000,62 
OBJECT_ADD 24866064,28583183,-545.000000,62 
OBJECT_ADD 24867822,28587489,-545.000000,62 
OBJECT_ADD 24875603,28577450,-545.000000,62 
OBJECT_ADD 24880534,28579552,-545.000000,62 
OBJECT_ADD 24883662,28581859,-545.000000,62 
OBJECT_ADD 24888638,28584529,-545.000000,62 
OBJECT_ADD 24891187,28584151,-545.000000,62 
OBJECT_ADD 24899260,28625477,-545.000000,62 
OBJECT_ADD 24879827,28609384,-545.000000,62 
OBJECT_ADD 24849078,28584137,-545.000000,62 
OBJECT_ADD 24849071,28587761,-545.000000,62 
OBJECT_ADD 24857082,28593216,-545.000000,62 
OBJECT_ADD 24901513,28584895,-545.000000,62 
OBJECT_ADD 24865545,28579779,-545.000000,62 
OBJECT_ADD 24896681,28614682,-545.000000,62 
OBJECT_ADD 24899764,28609130,-545.000000,62 
OBJECT_ADD 24901264,28604688,-545.000000,62 
OBJECT_ADD 24902840,28605779,0.000000,62 
OBJECT_ADD 24903377,28578120,0.000000,62 
OBJECT_ADD 24844885,28573939,-23.000000,62 
OBJECT_ADD 24889845,28616744,0.000000,62 
OBJECT_ADD 24894702,28682272,-352.000000,62 
OBJECT_ADD 24896497,28667902,0.000000,62 
OBJECT_ADD 24903624,28658726,0.000000,62 
OBJECT_ADD 24878196,28687726,0.000000,62 
OBJECT_ADD 24886558,28701760,0.000000,62 
OBJECT_ADD 24891180,28672153,0.000000,62 
OBJECT_ADD 24888094,28677654,0.000000,62 
OBJECT_ADD 24887182,28672873,0.000000,62 
OBJECT_ADD 24877141,28683420,0.000000,62 
OBJECT_ADD 24775704,28574576,0.000000,62 
OBJECT_ADD 24776503,28643109,0.000000,62 
OBJECT_ADD 24775354,28640220,0.000000,62 
OBJECT_ADD 24777627,28633514,0.000000,62 
OBJECT_ADD 24774504,28667944,-23.000000,62 
OBJECT_ADD 24781574,28649517,-23.000000,62 
OBJECT_ADD 24793933,28639757,-23.000000,62 
OBJECT_ADD 24807441,28646136,-23.000000,62 
OBJECT_ADD 24800837,28652657,-23.000000,62 
OBJECT_ADD 24793404,28656231,-23.000000,62 
OBJECT_ADD 24797216,28658950,-23.000000,62 
OBJECT_ADD 24806800,28657098,-23.000000,62 
OBJECT_ADD 24820886,28655082,-23.000000,62 
OBJECT_ADD 24813129,28660888,-23.000000,62 
OBJECT_ADD 24805983,28660709,-23.000000,62 
OBJECT_ADD 24801033,28662343,-23.000000,62 
OBJECT_ADD 24798174,28665215,-23.000000,62 
OBJECT_ADD 24774455,28627119,0.000000,63 
OBJECT_ADD 24803290,28608055,-23.000000,62 
OBJECT_ADD 24803982,28629140,-23.000000,62 
OBJECT_ADD 24816753,28640788,-23.000000,62 
OBJECT_ADD 24820372,28644626,-23.000000,62 
OBJECT_ADD 24824535,28646115,-23.000000,62 
OBJECT_ADD 24824567,28637203,-23.000000,62 
OBJECT_ADD 24821271,28619802,-23.000000,62 
OBJECT_ADD 24822122,28624511,-23.000000,62 
OBJECT_ADD 24818430,28620881,-23.000000,62 
OBJECT_ADD 24811342,28615145,-23.000000,62 
OBJECT_ADD 24807715,28618912,-23.000000,62 
OBJECT_ADD 24808243,28622241,-23.000000,62 
OBJECT_ADD 24811098,28624730,-23.000000,62 
OBJECT_ADD 24784260,28621310,-66.000000,63 
OBJECT_ADD 24782396,28607804,-77.000000,63 
OBJECT_ADD 24823230,28651382,0.000000,63 
OBJECT_ADD 24772845,28582985,-66.000000,63 
OBJECT_ADD 24784503,28588588,-23.000000,62 
OBJECT_ADD 24779328,28577955,-23.000000,62 
OBJECT_ADD 24790862,28574420,-23.000000,62 
OBJECT_ADD 24783055,28576535,-23.000000,62 
OBJECT_ADD 24799199,28575632,-23.000000,62 
OBJECT_ADD 24803939,28582027,0.000000,63 
OBJECT_ADD 24801668,28600746,0.000000,62 
OBJECT_ADD 24801086,28597034,0.000000,62 
OBJECT_ADD 24797639,28590208,0.000000,62 
OBJECT_ADD 24784253,28579326,0.000000,62 
OBJECT_ADD 24778168,28585570,0.000000,62 
OBJECT_ADD 24772631,28590073,0.000000,62 
OBJECT_ADD 24871728,28631182,-23.000000,62 
OBJECT_ADD 24868318,28630061,-23.000000,62 
OBJECT_ADD 24871253,28634792,-23.000000,62 
OBJECT_ADD 24873896,28637914,-23.000000,62 
OBJECT_ADD 24876532,28641287,-23.000000,62 
OBJECT_ADD 24879296,28643386,-23.000000,62 
OBJECT_ADD 24882207,28646315,-23.000000,62 
OBJECT_ADD 24884428,28650235,-23.000000,62 
OBJECT_ADD 24886185,28655110,-23.000000,62 
OBJECT_ADD 24887353,28657005,-23.000000,62 
OBJECT_ADD 24858831,28664246,-23.000000,62 
OBJECT_ADD 24857295,28661749,-23.000000,62 
OBJECT_ADD 24855549,28657365,-23.000000,62 
OBJECT_ADD 24855402,28623614,-66.000000,63 
OBJECT_ADD 24862591,28655653,-77.000000,63 
OBJECT_ADD 24884381,28661920,0.000000,63 
OBJECT_ADD 24870708,28657645,0.000000,62 
OBJECT_ADD 24847565,28636439,0.000000,62 
OBJECT_ADD 24849484,28631821,0.000000,62 
OBJECT_ADD 24884835,28662961,0.000000,62 
OBJECT_ADD 24873271,28620436,0.000000,62 
OBJECT_ADD 24876819,28619968,0.000000,62 
OBJECT_ADD 24879029,28623078,0.000000,62 
OBJECT_ADD 24870032,28621456,0.000000,62 
OBJECT_ADD 24871358,28624051,0.000000,62 
OBJECT_ADD 24875152,28625722,0.000000,62 
OBJECT_ADD 24880417,28632474,0.000000,62 
OBJECT_ADD 24884264,28636006,0.000000,62 
OBJECT_ADD 24879484,28628010,0.000000,62 
OBJECT_ADD 24876552,28668995,0.000000,62 
OBJECT_ADD 24871404,28663509,0.000000,62 
OBJECT_ADD 24868840,28676003,0.000000,62 
OBJECT_ADD 24866205,28671626,0.000000,62 
OBJECT_ADD 24863086,28668617,0.000000,62 
OBJECT_ADD 24849307,28655063,0.000000,62 
OBJECT_ADD 24851780,28647638,0.000000,62 
OBJECT_ADD 24849799,28650367,0.000000,62 
OBJECT_ADD 24852341,28653090,0.000000,62 
OBJECT_ADD 24866497,28655987,0.000000,62 
OBJECT_ADD 24842379,28655918,0.000000,62 
OBJECT_ADD 24839013,28656527,0.000000,62 
OBJECT_ADD 24859669,28676301,0.000000,62 
OBJECT_ADD 24896589,28651281,0.000000,62 
OBJECT_ADD 24857427,28679735,0.000000,62 
OBJECT_ADD 24849731,28666167,0.000000,62 
OBJECT_ADD 24845951,28668454,0.000000,62 
OBJECT_ADD 24888631,28639038,0.000000,62 
OBJECT_ADD 24853209,28664213,0.000000,62 
OBJECT_ADD 24839093,28648511,0.000000,62 
OBJECT_ADD 24874363,28666208,0.000000,62 
OBJECT_ADD 24899648,28663125,0.000000,62 
OBJECT_ADD 24880556,28671408,0.000000,62 
OBJECT_ADD 24847988,28646008,0.000000,62 
OBJECT_ADD 24903528,28714110,0.000000,62 
OBJECT_ADD 24906755,28552182,-23.000000,62 
OBJECT_ADD 24949731,28548667,-23.000000,62 
OBJECT_ADD 24914026,28542825,-23.000000,62 
OBJECT_ADD 24924586,28550141,-23.000000,62 
OBJECT_ADD 24929123,28551601,-23.000000,62 
OBJECT_ADD 24943392,28544827,-23.000000,62 
OBJECT_ADD 24940017,28546813,-66.000000,63 
OBJECT_ADD 24915197,28542898,-77.000000,63 
OBJECT_ADD 24923207,28541604,0.000000,63 
OBJECT_ADD 25001654,28532771,-113.000000,62 
OBJECT_ADD 24996823,28490574,-113.000000,62 
OBJECT_ADD 24979010,28509297,-113.000000,62 
OBJECT_ADD 24977723,28518157,-113.000000,62 
OBJECT_ADD 24970147,28551220,-113.000000,62 
OBJECT_ADD 24973478,28547657,-113.000000,62 
OBJECT_ADD 24981813,28522882,-113.000000,62 
OBJECT_ADD 24987309,28493092,-113.000000,62 
OBJECT_ADD 24965867,28542860,-113.000000,62 
OBJECT_ADD 24986177,28541049,-113.000000,62 
OBJECT_ADD 24991121,28527029,-113.000000,62 
OBJECT_ADD 24987681,28526260,-113.000000,62 
OBJECT_ADD 25017098,28548182,-167.000000,63 
OBJECT_ADD 25016448,28507408,-90.000000,63 
OBJECT_ADD 24989053,28479079,-113.000000,62 
OBJECT_ADD 24965010,28517308,-113.000000,62 
OBJECT_ADD 25003561,28538039,-113.000000,62 
OBJECT_ADD 24992468,28542174,-113.000000,62 
OBJECT_ADD 24984922,28534969,-113.000000,62 
OBJECT_ADD 24980795,28482713,-113.000000,62 
OBJECT_ADD 25031815,28540204,-113.000000,62 
OBJECT_ADD 24963619,28551653,-113.000000,62 
OBJECT_ADD 24989904,28542000,-113.000000,62 
OBJECT_ADD 24979465,28474095,-113.000000,62 
OBJECT_ADD 24979439,28489257,-156.000000,63 
OBJECT_ADD 25002695,28506883,-167.000000,63 
OBJECT_ADD 25004250,28507950,-90.000000,63 
OBJECT_ADD 24983962,28482002,-90.000000,62 
OBJECT_ADD 24956892,28541341,-90.000000,62 
OBJECT_ADD 24998525,28546030,-90.000000,62 
OBJECT_ADD 25009013,28533604,-90.000000,62 
OBJECT_ADD 25013526,28538350,-90.000000,62 
OBJECT_ADD 25009983,28534810,-90.000000,62 
OBJECT_ADD 25006083,28528608,-90.000000,62 
OBJECT_ADD 25034598,28549312,-90.000000,62 
OBJECT_ADD 25031699,28551986,-90.000000,62 
OBJECT_ADD 25029946,28555031,-90.000000,62 
OBJECT_ADD 25001862,28542863,-90.000000,62 
OBJECT_ADD 24976232,28551207,-90.000000,62 
OBJECT_ADD 24959247,28549590,-90.000000,62 
OBJECT_ADD 24957397,28546517,-90.000000,62 
OBJECT_ADD 25001514,28474310,-90.000000,62 
OBJECT_ADD 25000959,28536005,-90.000000,62 
OBJECT_ADD 24997170,28532213,-90.000000,62 
OBJECT_ADD 24991359,28522853,-90.000000,62 
OBJECT_ADD 24989168,28520782,-90.000000,62 
OBJECT_ADD 24986289,28517279,-90.000000,62 
OBJECT_ADD 24986754,28510618,-90.000000,62 
OBJECT_ADD 24987482,28496383,-113.000000,62 
OBJECT_ADD 24990127,28501371,-156.000000,63 
OBJECT_ADD 24979651,28513090,-113.000000,62 
OBJECT_ADD 24981632,28516499,-113.000000,62 
OBJECT_ADD 24963175,28513670,-90.000000,62 
OBJECT_ADD 24961157,28519992,-90.000000,62 
OBJECT_ADD 24956700,28521633,-90.000000,62 
OBJECT_ADD 24953380,28523385,-90.000000,62 
OBJECT_ADD 25008850,28550551,-90.000000,62 
OBJECT_ADD 24985154,28557265,-90.000000,62 
OBJECT_ADD 24981641,28554784,-90.000000,62 
OBJECT_ADD 25015274,28551113,-90.000000,62 
OBJECT_ADD 25019626,28551981,-90.000000,62 
OBJECT_ADD 25014205,28554289,-90.000000,62 
OBJECT_ADD 25002182,28554090,-90.000000,62 
OBJECT_ADD 25005569,28558776,-90.000000,62 
OBJECT_ADD 24985639,28500714,-90.000000,62 
OBJECT_ADD 24971971,28517352,-90.000000,62 
OBJECT_ADD 24978272,28522926,-90.000000,62 
OBJECT_ADD 24967400,28560312,-90.000000,62 
OBJECT_ADD 24914149,28576102,-545.000000,62 
OBJECT_ADD 24913659,28640500,-545.000000,62 
OBJECT_ADD 24910474,28629930,-545.000000,62 
OBJECT_ADD 24939556,28605276,-545.000000,62 
OBJECT_ADD 24941547,28614375,-545.000000,62 
OBJECT_ADD 24941005,28601330,-545.000000,62 
OBJECT_ADD 24940454,28610474,-545.000000,62 
OBJECT_ADD 24937555,28602179,-545.000000,62 
OBJECT_ADD 24914168,28640843,-588.000000,63 
OBJECT_ADD 24937859,28608040,-599.000000,63 
OBJECT_ADD 24914529,28582454,-522.000000,63 
OBJECT_ADD 24938695,28598194,-545.000000,62 
OBJECT_ADD 24930907,28617561,-599.000000,63 
OBJECT_ADD 24935198,28596550,-545.000000,62 
OBJECT_ADD 24908656,28622184,0.000000,62 
OBJECT_ADD 24923820,28586740,0.000000,62 
OBJECT_ADD 24918649,28588932,0.000000,62 
OBJECT_ADD 24914427,28590411,0.000000,62 
OBJECT_ADD 24951976,28591582,0.000000,62 
OBJECT_ADD 24904043,28574097,0.000000,62 
OBJECT_ADD 24909890,28575212,0.000000,62 
OBJECT_ADD 24908043,28577921,0.000000,62 
OBJECT_ADD 24956807,28598098,0.000000,62 
OBJECT_ADD 24948159,28583682,0.000000,62 
OBJECT_ADD 24943782,28580276,0.000000,62 
OBJECT_ADD 24937760,28579439,0.000000,62 
OBJECT_ADD 24932687,28579128,0.000000,62 
OBJECT_ADD 24959578,28584364,0.000000,62 
OBJECT_ADD 24957081,28579321,0.000000,62 
OBJECT_ADD 24951717,28580543,0.000000,62 
OBJECT_ADD 24905991,28674444,-352.000000,62 
OBJECT_ADD 24938502,28657633,-375.000000,62 
OBJECT_ADD 24936581,28665528,-375.000000,62 
OBJECT_ADD 24940087,28667432,-375.000000,62 
OBJECT_ADD 24944690,28669600,-375.000000,62 
OBJECT_ADD 24924276,28669417,-375.000000,62 
OBJECT_ADD 24926976,28657462,-375.000000,62 
OBJECT_ADD 24921590,28677913,-352.000000,62 
OBJECT_ADD 24936000,28682498,-352.000000,62 
OBJECT_ADD 24935190,28672563,-352.000000,62 
OBJECT_ADD 24939253,28677839,-352.000000,62 
OBJECT_ADD 24932455,28674332,-352.000000,62 
OBJECT_ADD 24930790,28678529,-352.000000,62 
OBJECT_ADD 24938888,28670423,-352.000000,62 
OBJECT_ADD 24943638,28672653,-352.000000,62 
OBJECT_ADD 24934774,28668316,-352.000000,62 
OBJECT_ADD 24939150,28674295,-352.000000,62 
OBJECT_ADD 24964533,28672729,-352.000000,62 
OBJECT_ADD 24920846,28683805,-352.000000,62 
OBJECT_ADD 24911866,28681646,-352.000000,62 
OBJECT_ADD 24919062,28681228,-352.000000,62 
OBJECT_ADD 24914415,28673407,-352.000000,62 
OBJECT_ADD 24923015,28671467,-352.000000,62 
OBJECT_ADD 24930405,28694250,-352.000000,62 
OBJECT_ADD 24937602,28701413,-352.000000,62 
OBJECT_ADD 24944261,28700746,-352.000000,62 
OBJECT_ADD 24946180,28698849,-352.000000,62 
OBJECT_ADD 24910124,28699371,-352.000000,62 
OBJECT_ADD 24927356,28703806,-352.000000,62 
OBJECT_ADD 24919794,28698358,-352.000000,62 
OBJECT_ADD 24921388,28694110,-352.000000,62 
OBJECT_ADD 24932997,28701097,-352.000000,62 
OBJECT_ADD 24934369,28698252,-352.000000,62 
OBJECT_ADD 24931201,28693758,-352.000000,62 
OBJECT_ADD 24907112,28693185,-352.000000,62 
OBJECT_ADD 24908776,28687848,-352.000000,62 
OBJECT_ADD 24945992,28689514,-352.000000,62 
OBJECT_ADD 24940091,28692545,-352.000000,62 
OBJECT_ADD 24918957,28703572,-352.000000,62 
OBJECT_ADD 24925520,28696318,-352.000000,62 
OBJECT_ADD 24974238,28658693,-375.000000,62 
OBJECT_ADD 24973558,28648236,-375.000000,62 
OBJECT_ADD 24963138,28669709,-375.000000,62 
OBJECT_ADD 24968275,28669988,-375.000000,62 
OBJECT_ADD 24966219,28664247,-375.000000,62 
OBJECT_ADD 24968406,28673428,-375.000000,62 
OBJECT_ADD 25004446,28651986,-418.000000,63 
OBJECT_ADD 24995140,28657382,-429.000000,63 
OBJECT_ADD 25001143,28648065,-352.000000,63 
OBJECT_ADD 24968615,28678725,-352.000000,62 
OBJECT_ADD 24957851,28680768,-352.000000,62 
OBJECT_ADD 24958815,28676987,-352.000000,62 
OBJECT_ADD 25006624,28677793,-352.000000,62 
OBJECT_ADD 24989573,28645224,-352.000000,62 
OBJECT_ADD 24984568,28645096,-352.000000,62 
OBJECT_ADD 24979904,28651123,-352.000000,62 
OBJECT_ADD 25020469,28671789,-352.000000,62 
OBJECT_ADD 25019691,28676733,-352.000000,62 
OBJECT_ADD 25025223,28681704,-352.000000,62 
OBJECT_ADD 25009603,28676127,-352.000000,62 
OBJECT_ADD 25008751,28679994,-352.000000,62 
OBJECT_ADD 25003630,28681588,-352.000000,62 
OBJECT_ADD 25007879,28684443,-352.000000,62 
OBJECT_ADD 24983583,28676246,-352.000000,62 
OBJECT_ADD 24979275,28666334,-352.000000,62 
OBJECT_ADD 24972530,28664145,-352.000000,62 
OBJECT_ADD 24955058,28673231,-352.000000,62 
OBJECT_ADD 24950893,28670220,-352.000000,62 
OBJECT_ADD 24977049,28653914,-352.000000,62 
OBJECT_ADD 24925506,28647410,-352.000000,62 
OBJECT_ADD 24974345,28666910,-352.000000,62 
OBJECT_ADD 24948344,28681814,-352.000000,62 
OBJECT_ADD 24989584,28690107,-352.000000,62 
OBJECT_ADD 24975037,28690726,-352.000000,62 
OBJECT_ADD 24979738,28681325,-352.000000,62 
OBJECT_ADD 24960579,28683417,-352.000000,62 
OBJECT_ADD 24965222,28681227,-352.000000,62 
OBJECT_ADD 24972311,28688745,-352.000000,62 
OBJECT_ADD 24977378,28688306,-352.000000,62 
OBJECT_ADD 24965320,28688885,-352.000000,62 
OBJECT_ADD 24962977,28692149,-352.000000,62 
OBJECT_ADD 24964323,28697219,-352.000000,62 
OBJECT_ADD 24963869,28701130,-352.000000,62 
OBJECT_ADD 24977102,28694111,-352.000000,62 
OBJECT_ADD 24981575,28693340,-352.000000,62 
OBJECT_ADD 24984510,28691799,-352.000000,62 
OBJECT_ADD 24974890,28699755,0.000000,62 
OBJECT_ADD 24909924,28676542,0.000000,62 
OBJECT_ADD 24956319,28703628,0.000000,62 
OBJECT_ADD 24950949,28663554,0.000000,62 
OBJECT_ADD 24947169,28651042,0.000000,62 
OBJECT_ADD 24915307,28696810,0.000000,62 
OBJECT_ADD 24920270,28690001,0.000000,62 
OBJECT_ADD 24914134,28668887,0.000000,62 
OBJECT_ADD 24917884,28648885,0.000000,62 
OBJECT_ADD 24921740,28713361,-352.000000,62 
OBJECT_ADD 24935557,28710052,-352.000000,62 
OBJECT_ADD 24923072,28714103,-352.000000,62 
OBJECT_ADD 24931101,28711879,-352.000000,62 
OBJECT_ADD 24933025,28721307,-352.000000,62 
OBJECT_ADD 24978099,28715992,0.000000,62 
OBJECT_ADD 24998656,28714559,0.000000,62 
OBJECT_ADD 24994358,28713523,0.000000,62 
OBJECT_ADD 24974748,28717744,0.000000,62 
OBJECT_ADD 24919022,28710234,0.000000,62 
OBJECT_ADD 24917766,28716230,0.000000,62 
OBJECT_ADD 24914374,28712293,0.000000,62 
OBJECT_ADD 25036291,28544641,-113.000000,62 
OBJECT_ADD 25041852,28678597,-375.000000,62 
OBJECT_ADD 25040801,28677231,-352.000000,62 
OBJECT_ADD 25049333,28680337,0.000000,62 
OBJECT_ADD 24268811,28174371,0.000000,62 
OBJECT_ADD 24267241,28146067,0.000000,62 
OBJECT_ADD 24319944,28136511,-23.000000,62 
OBJECT_ADD 24291921,28127156,-23.000000,62 
OBJECT_ADD 24326157,28125768,-23.000000,62 
OBJECT_ADD 24322392,28130709,-23.000000,62 
OBJECT_ADD 24284219,28140844,-23.000000,62 
OBJECT_ADD 24282735,28133762,-23.000000,62 
OBJECT_ADD 24283067,28130010,-23.000000,62 
OBJECT_ADD 24311594,28140567,-23.000000,62 
OBJECT_ADD 24314171,28116660,-66.000000,63 
OBJECT_ADD 24303700,28110466,0.000000,63 
OBJECT_ADD 24318176,28123521,0.000000,62 
OBJECT_ADD 24320151,28126343,0.000000,62 
OBJECT_ADD 24331701,28107971,0.000000,62 
OBJECT_ADD 24342992,28101862,0.000000,62 
OBJECT_ADD 24336678,28107359,0.000000,62 
OBJECT_ADD 24328336,28111690,0.000000,62 
OBJECT_ADD 24331632,28115593,0.000000,62 
OBJECT_ADD 24328863,28120628,0.000000,62 
OBJECT_ADD 24334615,28121603,0.000000,62 
OBJECT_ADD 24337978,28112722,0.000000,62 
OBJECT_ADD 24342481,28111525,0.000000,62 
OBJECT_ADD 24327584,28109567,0.000000,62 
OBJECT_ADD 24289134,28115805,0.000000,62 
OBJECT_ADD 24295589,28139527,0.000000,62 
OBJECT_ADD 24304044,28122632,0.000000,62 
OBJECT_ADD 24296421,28131108,0.000000,62 
OBJECT_ADD 24287425,28143216,-23.000000,62 
OBJECT_ADD 24291681,28146005,-23.000000,62 
OBJECT_ADD 24311455,28147857,-23.000000,62 
OBJECT_ADD 24313698,28146446,-23.000000,62 
OBJECT_ADD 24308379,28145464,-23.000000,62 
OBJECT_ADD 24327719,28144078,-77.000000,63 
OBJECT_ADD 24270086,28153354,0.000000,62 
OBJECT_ADD 24281283,28157566,0.000000,62 
OBJECT_ADD 24281865,28147617,0.000000,62 
OBJECT_ADD 24285152,28153405,0.000000,62 
OBJECT_ADD 24278908,28148988,0.000000,62 
OBJECT_ADD 24276678,28152911,0.000000,62 
OBJECT_ADD 24307822,28155451,0.000000,62 
OBJECT_ADD 24285822,28146010,0.000000,62 
OBJECT_ADD 24302039,28156882,0.000000,62 
OBJECT_ADD 24303314,28154176,0.000000,62 
OBJECT_ADD 24290216,28148880,0.000000,62 
OBJECT_ADD 24281476,28142806,0.000000,62 
OBJECT_ADD 24285542,28149881,0.000000,62 
OBJECT_ADD 24326280,28156149,0.000000,62 
OBJECT_ADD 24329381,28152686,0.000000,62 
OBJECT_ADD 24318436,28163067,0.000000,62 
OBJECT_ADD 24329098,28167366,0.000000,62 
OBJECT_ADD 24330179,28166046,0.000000,62 
OBJECT_ADD 24322242,28163255,0.000000,62 
OBJECT_ADD 24307420,28161764,0.000000,62 
OBJECT_ADD 24310283,28161948,0.000000,62 
OBJECT_ADD 24306842,28153614,0.000000,62 
OBJECT_ADD 24300360,28149705,0.000000,62 
OBJECT_ADD 24297437,28147260,0.000000,62 
OBJECT_ADD 24274109,28168426,0.000000,62 
OBJECT_ADD 24280235,28176517,0.000000,62 
OBJECT_ADD 24286922,28176785,0.000000,62 
OBJECT_ADD 24289089,28175179,0.000000,62 
OBJECT_ADD 24315949,28166558,0.000000,62 
OBJECT_ADD 24320433,28167003,0.000000,62 
OBJECT_ADD 24310412,28168924,0.000000,62 
OBJECT_ADD 24306812,28171371,0.000000,62 
OBJECT_ADD 24309056,28174291,0.000000,62 
OBJECT_ADD 24309252,28178209,0.000000,62 
OBJECT_ADD 24320367,28174784,0.000000,62 
OBJECT_ADD 24322340,28176740,0.000000,62 
OBJECT_ADD 24324772,28169184,0.000000,62 
OBJECT_ADD 24269758,28177463,0.000000,62 
OBJECT_ADD 24265197,28167032,0.000000,62 
OBJECT_ADD 24275719,28175564,0.000000,62 
OBJECT_ADD 24277475,28172943,0.000000,62 
OBJECT_ADD 24274962,28168051,0.000000,62 
OBJECT_ADD 24266095,28156754,0.000000,62 
OBJECT_ADD 24264687,28153951,0.000000,62 
OBJECT_ADD 24322895,28143439,0.000000,62 
OBJECT_ADD 24269959,28144834,0.000000,62 
OBJECT_ADD 24293506,28156735,0.000000,62 
OBJECT_ADD 24298683,28161711,0.000000,62 
OBJECT_ADD 24290197,28165900,0.000000,62 
OBJECT_ADD 24283933,28168085,0.000000,62 
OBJECT_ADD 24268980,28169795,0.000000,62 
OBJECT_ADD 24311192,28214309,0.000000,62 
OBJECT_ADD 24317323,28210420,0.000000,62 
OBJECT_ADD 24277854,28197442,0.000000,62 
OBJECT_ADD 24286238,28203904,0.000000,62 
OBJECT_ADD 24289606,28205605,0.000000,62 
OBJECT_ADD 24274281,28191489,0.000000,62 
OBJECT_ADD 24276850,28188609,0.000000,62 
OBJECT_ADD 24299677,28190687,0.000000,62 
OBJECT_ADD 24318870,28192816,0.000000,62 
OBJECT_ADD 24327210,28199104,0.000000,62 
OBJECT_ADD 24331629,28199096,0.000000,62 
OBJECT_ADD 24339392,28198360,0.000000,62 
OBJECT_ADD 24339553,28188139,0.000000,62 
OBJECT_ADD 24343685,28190654,0.000000,62 
OBJECT_ADD 24346603,28193128,0.000000,62 
OBJECT_ADD 24343946,28198588,0.000000,62 
OBJECT_ADD 24315541,28181894,0.000000,62 
OBJECT_ADD 24277031,28184931,0.000000,62 
OBJECT_ADD 24322761,28192250,0.000000,62 
OBJECT_ADD 24341444,28145467,0.000000,62 
OBJECT_ADD 24342161,28161165,0.000000,62 
OBJECT_ADD 24356646,28172399,0.000000,62 
OBJECT_ADD 24248947,28045603,-23.000000,62 
OBJECT_ADD 24227918,27995991,-23.000000,62 
OBJECT_ADD 24226769,27992089,-23.000000,62 
OBJECT_ADD 24244161,27998143,-23.000000,62 
OBJECT_ADD 24252311,28000927,-66.000000,63 
OBJECT_ADD 24240765,27976504,-23.000000,62 
OBJECT_ADD 24276513,28005809,-23.000000,62 
OBJECT_ADD 24239520,27971934,-23.000000,62 
OBJECT_ADD 24284805,28019175,-23.000000,62 
OBJECT_ADD 24238394,27998825,-23.000000,62 
OBJECT_ADD 24240672,28003924,-23.000000,62 
OBJECT_ADD 24241577,28009487,-23.000000,62 
OBJECT_ADD 24244180,28013586,-23.000000,62 
OBJECT_ADD 24246553,28018137,-23.000000,62 
OBJECT_ADD 24265033,28035421,-23.000000,62 
OBJECT_ADD 24286809,28009946,-23.000000,62 
OBJECT_ADD 24284243,28013800,-23.000000,62 
OBJECT_ADD 24259977,27949783,-23.000000,62 
OBJECT_ADD 24263154,27954928,-23.000000,62 
OBJECT_ADD 24267362,27953984,-23.000000,62 
OBJECT_ADD 24270593,27958293,-23.000000,62 
OBJECT_ADD 24265679,27998918,-66.000000,63 
OBJECT_ADD 24274831,27958069,-23.000000,62 
OBJECT_ADD 24280362,27956082,-23.000000,62 
OBJECT_ADD 24280999,27961752,-23.000000,62 
OBJECT_ADD 24286297,27958302,-23.000000,62 
OBJECT_ADD 24302527,27976434,-23.000000,62 
OBJECT_ADD 24291593,27972632,-23.000000,62 
OBJECT_ADD 24293532,27967909,-23.000000,62 
OBJECT_ADD 24298171,27975218,-23.000000,62 
OBJECT_ADD 24299511,27968667,-23.000000,62 
OBJECT_ADD 24253440,28001493,-77.000000,63 
OBJECT_ADD 24260354,28066765,0.000000,63 
OBJECT_ADD 24291352,28052958,-23.000000,62 
OBJECT_ADD 24293251,28055287,-23.000000,62 
OBJECT_ADD 24303389,28070533,-66.000000,63 
OBJECT_ADD 24318464,28015833,-77.000000,63 
OBJECT_ADD 24328697,28073969,0.000000,63 
OBJECT_ADD 24246905,28040766,-23.000000,62 
OBJECT_ADD 24243556,28038985,-23.000000,62 
OBJECT_ADD 24247338,28037289,-23.000000,62 
OBJECT_ADD 24245758,28034065,-23.000000,62 
OBJECT_ADD 24246516,28029882,-23.000000,62 
OBJECT_ADD 24235801,27994986,-23.000000,62 
OBJECT_ADD 24303443,28039596,-23.000000,62 
OBJECT_ADD 24291772,28039477,-23.000000,62 
OBJECT_ADD 24302264,28014811,-23.000000,62 
OBJECT_ADD 24264183,27978773,-23.000000,62 
OBJECT_ADD 24258891,27977097,-23.000000,62 
OBJECT_ADD 24255628,27972269,-23.000000,62 
OBJECT_ADD 24257028,27967289,-23.000000,62 
OBJECT_ADD 24258014,27961991,-23.000000,62 
OBJECT_ADD 24254006,28047694,-23.000000,62 
OBJECT_ADD 24257861,28048912,-23.000000,62 
OBJECT_ADD 24284122,28023284,-23.000000,62 
OBJECT_ADD 24305949,28042891,-23.000000,62 
OBJECT_ADD 24295299,28015984,-23.000000,62 
OBJECT_ADD 24280839,28026029,-23.000000,62 
OBJECT_ADD 24290573,28060032,-66.000000,63 
OBJECT_ADD 24283809,27993044,-77.000000,63 
OBJECT_ADD 24296983,28030868,0.000000,63 
OBJECT_ADD 24303699,27988016,-23.000000,62 
OBJECT_ADD 24307412,27987512,-23.000000,62 
OBJECT_ADD 24310269,27973733,-23.000000,62 
OBJECT_ADD 24306937,27966016,-23.000000,62 
OBJECT_ADD 24293338,28046462,-66.000000,63 
OBJECT_ADD 24310075,28027029,-77.000000,63 
OBJECT_ADD 24267583,28069289,0.000000,63 
OBJECT_ADD 24244307,28043927,-23.000000,62 
OBJECT_ADD 24221036,28004785,-23.000000,62 
OBJECT_ADD 24223425,28011705,-23.000000,62 
OBJECT_ADD 24220679,28008735,-23.000000,62 
OBJECT_ADD 24269542,28066520,-23.000000,62 
OBJECT_ADD 24273827,28048211,-23.000000,62 
OBJECT_ADD 24273318,28063770,-23.000000,62 
OBJECT_ADD 24275862,28061614,-23.000000,62 
OBJECT_ADD 24277528,28058551,-23.000000,62 
OBJECT_ADD 24285681,28043123,-23.000000,62 
OBJECT_ADD 24277969,28044744,-23.000000,62 
OBJECT_ADD 24262996,28058731,-23.000000,62 
OBJECT_ADD 24260236,28058973,-23.000000,62 
OBJECT_ADD 24256454,28062405,-66.000000,63 
OBJECT_ADD 24282163,28052599,-77.000000,63 
OBJECT_ADD 24260223,28044167,0.000000,63 
OBJECT_ADD 24287662,28022021,-23.000000,62 
OBJECT_ADD 24265980,28060314,-23.000000,62 
OBJECT_ADD 24301127,28025113,-23.000000,62 
OBJECT_ADD 24311399,28077789,-23.000000,62 
OBJECT_ADD 24297040,28071924,-23.000000,62 
OBJECT_ADD 24301259,28069450,-23.000000,62 
OBJECT_ADD 24306491,28034024,-23.000000,62 
OBJECT_ADD 24267677,28050935,-77.000000,63 
OBJECT_ADD 24290552,28059909,0.000000,63 
OBJECT_ADD 24332346,27982823,-23.000000,62 
OBJECT_ADD 24328592,27982256,-23.000000,62 
OBJECT_ADD 24330106,27989309,-23.000000,62 
OBJECT_ADD 24326644,27995383,-23.000000,62 
OBJECT_ADD 24305591,28036316,-23.000000,62 
OBJECT_ADD 24296429,28043412,-23.000000,62 
OBJECT_ADD 24301085,28043629,-23.000000,62 
OBJECT_ADD 24330808,28076302,-23.000000,62 
OBJECT_ADD 24334775,28076150,-23.000000,62 
OBJECT_ADD 24332403,28072380,-23.000000,62 
OBJECT_ADD 24329609,28069166,-23.000000,62 
OBJECT_ADD 24279411,28057044,-23.000000,62 
OBJECT_ADD 24279689,28039073,-23.000000,62 
OBJECT_ADD 24284765,28040064,-23.000000,62 
OBJECT_ADD 24288840,28040882,-23.000000,62 
OBJECT_ADD 24331102,28094161,0.000000,62 
OBJECT_ADD 24336259,28086845,0.000000,62 
OBJECT_ADD 24331214,28086765,0.000000,62 
OBJECT_ADD 24330323,28082561,0.000000,62 
OBJECT_ADD 24331589,28080076,0.000000,62 
OBJECT_ADD 24312223,28086724,0.000000,62 
OBJECT_ADD 24314522,28084498,0.000000,62 
OBJECT_ADD 24311446,28071924,0.000000,62 
OBJECT_ADD 24313172,28081130,0.000000,62 
OBJECT_ADD 24309111,28081879,0.000000,62 
OBJECT_ADD 24307859,28078442,0.000000,62 
OBJECT_ADD 24263704,28082459,0.000000,62 
OBJECT_ADD 24310011,28055884,0.000000,62 
OBJECT_ADD 24301582,28114179,0.000000,62 
OBJECT_ADD 24279089,28101591,0.000000,62 
OBJECT_ADD 24278933,28104476,0.000000,62 
OBJECT_ADD 24319246,28107978,0.000000,62 
OBJECT_ADD 24315448,28119640,0.000000,62 
OBJECT_ADD 24290198,28108304,0.000000,62 
OBJECT_ADD 24282607,28108879,0.000000,62 
OBJECT_ADD 24283124,28124774,0.000000,62 
OBJECT_ADD 24285791,28118785,0.000000,62 
OBJECT_ADD 24269728,28130290,0.000000,62 
OBJECT_ADD 24273148,28133268,0.000000,62 
OBJECT_ADD 24269661,28122591,0.000000,62 
OBJECT_ADD 24267960,28109715,0.000000,62 
