# Objects added on Fri Aug 24 19:17:16 2018

OBJECT_ADD 36330682,31436857,-23.000000,62 
OBJECT_ADD 36381371,31358991,-23.000000,62 
OBJECT_ADD 36405264,31387932,-23.000000,62 
OBJECT_ADD 36402385,31389199,-23.000000,62 
OBJECT_ADD 36398196,31388865,-23.000000,62 
OBJECT_ADD 36382051,31371315,-23.000000,62 
OBJECT_ADD 36390821,31361731,-23.000000,62 
OBJECT_ADD 36374079,31365024,-23.000000,62 
OBJECT_ADD 36393765,31373778,-23.000000,62 
OBJECT_ADD 36397822,31370631,-23.000000,62 
OBJECT_ADD 36411351,31359089,-23.000000,62 
OBJECT_ADD 36399348,31347691,-23.000000,62 
OBJECT_ADD 36386808,31360806,-23.000000,62 
OBJECT_ADD 36361969,31394032,-66.000000,63 
OBJECT_ADD 36351641,31443230,-77.000000,63 
OBJECT_ADD 36353164,31416580,0.000000,63 
OBJECT_ADD 36365306,31361375,-23.000000,62 
OBJECT_ADD 36372266,31392473,-23.000000,62 
OBJECT_ADD 36371089,31369272,-23.000000,62 
OBJECT_ADD 36398710,31358221,-23.000000,62 
OBJECT_ADD 36399174,31350307,-23.000000,62 
OBJECT_ADD 36409996,31344115,-23.000000,62 
OBJECT_ADD 36405828,31353139,-23.000000,62 
OBJECT_ADD 36400680,31361934,-23.000000,62 
OBJECT_ADD 36404752,31368222,-23.000000,62 
OBJECT_ADD 36367256,31377630,-66.000000,63 
OBJECT_ADD 36397362,31446038,-23.000000,62 
OBJECT_ADD 36416925,31387712,-23.000000,62 
OBJECT_ADD 36358739,31358716,-23.000000,62 
OBJECT_ADD 36367683,31385182,-66.000000,63 
OBJECT_ADD 36365346,31381901,-77.000000,63 
OBJECT_ADD 36410516,31372553,-23.000000,62 
OBJECT_ADD 36406447,31344820,-23.000000,62 
OBJECT_ADD 36379775,31340861,-23.000000,62 
OBJECT_ADD 36409079,31347677,-23.000000,62 
OBJECT_ADD 36409729,31382889,-23.000000,62 
OBJECT_ADD 36400166,31437801,-23.000000,62 
OBJECT_ADD 36349919,31381443,-23.000000,62 
OBJECT_ADD 36411583,31400626,-23.000000,62 
OBJECT_ADD 36373587,31337594,-23.000000,62 
OBJECT_ADD 36404748,31430968,-23.000000,62 
OBJECT_ADD 36409390,31410442,-23.000000,62 
OBJECT_ADD 36409658,31362622,-23.000000,62 
OBJECT_ADD 36388559,31350184,-23.000000,62 
OBJECT_ADD 36380373,31342707,-77.000000,63 
OBJECT_ADD 36367578,31378317,0.000000,63 
OBJECT_ADD 36378385,31397146,-23.000000,62 
OBJECT_ADD 36409083,31394779,-23.000000,62 
OBJECT_ADD 36401511,31393331,-23.000000,62 
OBJECT_ADD 36342360,31390868,-23.000000,62 
OBJECT_ADD 36347817,31401178,-23.000000,62 
OBJECT_ADD 36372796,31365076,-23.000000,62 
OBJECT_ADD 36367616,31374743,-23.000000,62 
OBJECT_ADD 36370037,31387600,-23.000000,62 
OBJECT_ADD 36409313,31379674,-23.000000,62 
OBJECT_ADD 36416142,31385700,-23.000000,62 
OBJECT_ADD 36394695,31361086,-23.000000,62 
OBJECT_ADD 36405400,31360925,-23.000000,62 
OBJECT_ADD 36393873,31396110,-23.000000,62 
OBJECT_ADD 36405134,31357392,-23.000000,62 
OBJECT_ADD 36401234,31365524,-23.000000,62 
OBJECT_ADD 36382715,31373140,-66.000000,63 
OBJECT_ADD 36367455,31377339,-77.000000,63 
OBJECT_ADD 36402396,31366002,0.000000,63 
OBJECT_ADD 36476966,31446886,0.000000,62 
OBJECT_ADD 36492394,31434223,0.000000,62 
OBJECT_ADD 36495716,31438383,0.000000,62 
OBJECT_ADD 36465434,31433223,0.000000,62 
OBJECT_ADD 36513586,31370150,-23.000000,62 
OBJECT_ADD 36510824,31381172,-23.000000,62 
OBJECT_ADD 36542117,31382960,-23.000000,62 
OBJECT_ADD 36532310,31395321,-23.000000,62 
OBJECT_ADD 36535510,31392318,-23.000000,62 
OBJECT_ADD 36532806,31387402,-23.000000,62 
OBJECT_ADD 36528354,31388260,-23.000000,62 
OBJECT_ADD 36529639,31398974,-23.000000,62 
OBJECT_ADD 36524945,31396686,-23.000000,62 
OBJECT_ADD 36520120,31399872,-23.000000,62 
OBJECT_ADD 36514908,31402860,-23.000000,62 
OBJECT_ADD 36519355,31392440,-23.000000,62 
OBJECT_ADD 36533799,31406121,-23.000000,62 
OBJECT_ADD 36520276,31404596,-66.000000,63 
OBJECT_ADD 36514095,31370727,-77.000000,63 
OBJECT_ADD 36505416,31393037,0.000000,63 
OBJECT_ADD 36447900,31406782,-23.000000,62 
OBJECT_ADD 36446210,31429261,-23.000000,62 
OBJECT_ADD 36471895,31403160,-23.000000,62 
OBJECT_ADD 36472761,31400517,-23.000000,62 
OBJECT_ADD 36451711,31429222,-23.000000,62 
OBJECT_ADD 36456856,31431364,-23.000000,62 
OBJECT_ADD 36458779,31420271,-23.000000,62 
OBJECT_ADD 36452831,31399389,-23.000000,62 
OBJECT_ADD 36459086,31398444,-23.000000,62 
OBJECT_ADD 36462543,31408473,-23.000000,62 
OBJECT_ADD 36498633,31405552,-23.000000,62 
OBJECT_ADD 36467026,31421361,-23.000000,62 
OBJECT_ADD 36493405,31403335,-23.000000,62 
OBJECT_ADD 36457671,31430714,-66.000000,63 
OBJECT_ADD 36447235,31429798,-77.000000,63 
OBJECT_ADD 36483356,31406628,0.000000,63 
OBJECT_ADD 36442716,31436956,0.000000,62 
OBJECT_ADD 36431450,31415068,0.000000,62 
OBJECT_ADD 36436561,31412224,0.000000,62 
OBJECT_ADD 36429958,31399212,0.000000,62 
OBJECT_ADD 36426726,31398530,0.000000,62 
OBJECT_ADD 36424581,31394664,0.000000,62 
OBJECT_ADD 36431707,31394294,0.000000,62 
OBJECT_ADD 36428439,31388734,0.000000,62 
OBJECT_ADD 36448298,31423307,0.000000,62 
OBJECT_ADD 36454833,31444232,0.000000,62 
OBJECT_ADD 36451357,31448782,0.000000,62 
OBJECT_ADD 36439903,31440737,0.000000,62 
OBJECT_ADD 36449645,31375578,0.000000,62 
OBJECT_ADD 36476976,31355461,-23.000000,62 
OBJECT_ADD 36490204,31370521,-23.000000,62 
OBJECT_ADD 36475953,31397094,-23.000000,62 
OBJECT_ADD 36479131,31392211,-23.000000,62 
OBJECT_ADD 36475701,31393808,-23.000000,62 
OBJECT_ADD 36471591,31386450,-23.000000,62 
OBJECT_ADD 36468122,31379349,-23.000000,62 
OBJECT_ADD 36448985,31358510,-23.000000,62 
OBJECT_ADD 36477170,31352444,-23.000000,62 
OBJECT_ADD 36479264,31354702,-23.000000,62 
OBJECT_ADD 36444160,31365707,-23.000000,62 
OBJECT_ADD 36446454,31362439,-23.000000,62 
OBJECT_ADD 36445113,31357392,-23.000000,62 
OBJECT_ADD 36461160,31368322,-66.000000,63 
OBJECT_ADD 36470337,31377284,-77.000000,63 
OBJECT_ADD 36492723,31370351,0.000000,63 
OBJECT_ADD 36493362,31388072,0.000000,62 
OBJECT_ADD 36446591,31352849,0.000000,62 
OBJECT_ADD 36440144,31365298,0.000000,62 
OBJECT_ADD 36442626,31377651,0.000000,62 
OBJECT_ADD 36492613,31391729,0.000000,62 
OBJECT_ADD 36481277,31385089,0.000000,62 
OBJECT_ADD 36475064,31363495,0.000000,62 
OBJECT_ADD 36469304,31358905,0.000000,62 
OBJECT_ADD 36460187,31359055,0.000000,62 
OBJECT_ADD 36450978,31363213,0.000000,62 
OBJECT_ADD 36455872,31366493,0.000000,62 
OBJECT_ADD 36449192,31380758,0.000000,62 
OBJECT_ADD 36449474,31385207,0.000000,62 
OBJECT_ADD 36388828,31401904,-23.000000,62 
OBJECT_ADD 36382384,31399411,-23.000000,62 
OBJECT_ADD 36351457,31397878,-77.000000,63 
OBJECT_ADD 36387889,31420040,0.000000,63 
OBJECT_ADD 36374374,31456512,-23.000000,62 
OBJECT_ADD 36381625,31405303,-23.000000,62 
OBJECT_ADD 36368435,31413803,-23.000000,62 
OBJECT_ADD 36396361,31401884,-23.000000,62 
OBJECT_ADD 36393042,31398389,-23.000000,62 
OBJECT_ADD 36382608,31408508,-23.000000,62 
OBJECT_ADD 36367123,31416513,-23.000000,62 
OBJECT_ADD 36323863,31420105,-23.000000,62 
OBJECT_ADD 36363952,31410483,-23.000000,62 
OBJECT_ADD 36324743,31415000,-23.000000,62 
OBJECT_ADD 36357649,31403451,0.000000,63 
OBJECT_ADD 36321191,31429296,-23.000000,62 
OBJECT_ADD 36375335,31407516,-23.000000,62 
OBJECT_ADD 36410497,31403480,-23.000000,62 
OBJECT_ADD 36408060,31407176,-23.000000,62 
OBJECT_ADD 36416738,31418117,-23.000000,62 
OBJECT_ADD 36406283,31442088,-23.000000,62 
OBJECT_ADD 36414158,31426757,-23.000000,62 
OBJECT_ADD 36413416,31430787,-23.000000,62 
OBJECT_ADD 36367335,31405756,-23.000000,62 
OBJECT_ADD 36378778,31445045,-23.000000,62 
OBJECT_ADD 36379353,31445840,-66.000000,63 
OBJECT_ADD 36377823,31420465,-77.000000,63 
OBJECT_ADD 36362547,31397035,0.000000,63 
OBJECT_ADD 36373726,31441145,-23.000000,62 
OBJECT_ADD 36351034,31424115,-23.000000,62 
OBJECT_ADD 36349286,31425907,-23.000000,62 
OBJECT_ADD 36387140,31398894,-23.000000,62 
OBJECT_ADD 36349815,31435738,-23.000000,62 
OBJECT_ADD 36356603,31431966,-23.000000,62 
OBJECT_ADD 36367316,31416941,-23.000000,62 
OBJECT_ADD 36361610,31425493,-23.000000,62 
OBJECT_ADD 36363161,31413714,-23.000000,62 
OBJECT_ADD 36358545,31416523,-23.000000,62 
OBJECT_ADD 36356042,31419224,-23.000000,62 
OBJECT_ADD 36357678,31403154,-23.000000,62 
OBJECT_ADD 36363153,31407137,-23.000000,62 
OBJECT_ADD 36377643,31418516,-66.000000,63 
OBJECT_ADD 36399963,31425540,-77.000000,63 
OBJECT_ADD 36404183,31412821,0.000000,63 
OBJECT_ADD 36417164,31453199,-23.000000,62 
OBJECT_ADD 36413801,31447997,-23.000000,62 
OBJECT_ADD 36384140,31400692,-23.000000,62 
OBJECT_ADD 36352421,31397971,-23.000000,62 
OBJECT_ADD 36350861,31404207,-23.000000,62 
OBJECT_ADD 36370669,31405305,-23.000000,62 
OBJECT_ADD 36317507,31422800,-23.000000,62 
OBJECT_ADD 36402596,31416734,-23.000000,62 
OBJECT_ADD 36371161,31452258,-23.000000,62 
OBJECT_ADD 36366880,31448676,-23.000000,62 
OBJECT_ADD 36378319,31447356,-23.000000,62 
OBJECT_ADD 36377664,31444628,-66.000000,63 
OBJECT_ADD 36379391,31423997,-77.000000,63 
OBJECT_ADD 36401414,31420066,0.000000,63 
OBJECT_ADD 36369631,31408664,-23.000000,62 
OBJECT_ADD 36411625,31434792,-23.000000,62 
OBJECT_ADD 36420992,31418376,-23.000000,62 
OBJECT_ADD 36508946,31493212,-23.000000,62 
OBJECT_ADD 36535312,31444235,-23.000000,62 
OBJECT_ADD 36538404,31521604,-23.000000,62 
OBJECT_ADD 36534136,31521977,-23.000000,62 
OBJECT_ADD 36529907,31521506,-23.000000,62 
OBJECT_ADD 36526839,31439089,-23.000000,62 
OBJECT_ADD 36524526,31489071,-23.000000,62 
OBJECT_ADD 36503907,31459173,-23.000000,62 
OBJECT_ADD 36525496,31503861,-23.000000,62 
OBJECT_ADD 36516189,31442322,-23.000000,62 
OBJECT_ADD 36544857,31491660,-23.000000,62 
OBJECT_ADD 36517943,31445483,-23.000000,62 
OBJECT_ADD 36520493,31491947,-23.000000,62 
OBJECT_ADD 36494321,31525588,-66.000000,63 
OBJECT_ADD 36510375,31452855,-77.000000,63 
OBJECT_ADD 36532222,31471028,0.000000,63 
OBJECT_ADD 36520614,31523719,-23.000000,62 
OBJECT_ADD 36516223,31533716,-23.000000,62 
OBJECT_ADD 36516888,31454950,-23.000000,62 
OBJECT_ADD 36528802,31454282,-23.000000,62 
OBJECT_ADD 36506026,31524585,-23.000000,62 
OBJECT_ADD 36507893,31497791,-23.000000,62 
OBJECT_ADD 36516343,31487579,-23.000000,62 
OBJECT_ADD 36554134,31545711,-23.000000,62 
OBJECT_ADD 36521388,31482786,-23.000000,62 
OBJECT_ADD 36549894,31479378,-23.000000,62 
OBJECT_ADD 36523510,31494612,-23.000000,62 
OBJECT_ADD 36524119,31500174,-23.000000,62 
OBJECT_ADD 36539397,31500585,-23.000000,62 
OBJECT_ADD 36475307,31522136,-66.000000,63 
OBJECT_ADD 36479427,31524493,-77.000000,63 
OBJECT_ADD 36511792,31536652,-23.000000,62 
OBJECT_ADD 36554657,31538609,-23.000000,62 
OBJECT_ADD 36553026,31521949,-23.000000,62 
OBJECT_ADD 36531509,31534540,-23.000000,62 
OBJECT_ADD 36523307,31529895,-23.000000,62 
OBJECT_ADD 36497536,31497400,-23.000000,62 
OBJECT_ADD 36498444,31531185,-23.000000,62 
OBJECT_ADD 36501571,31517393,-66.000000,63 
OBJECT_ADD 36497547,31512782,-77.000000,63 
OBJECT_ADD 36489427,31536326,0.000000,63 
OBJECT_ADD 36543831,31502992,-23.000000,62 
OBJECT_ADD 36545061,31471473,-23.000000,62 
OBJECT_ADD 36542412,31482704,-23.000000,62 
OBJECT_ADD 36543981,31479919,-23.000000,62 
OBJECT_ADD 36541139,31514452,-23.000000,62 
OBJECT_ADD 36536784,31506954,-23.000000,62 
OBJECT_ADD 36500309,31498433,-23.000000,62 
OBJECT_ADD 36518157,31479041,-23.000000,62 
OBJECT_ADD 36506541,31463355,-23.000000,62 
OBJECT_ADD 36513002,31467560,-23.000000,62 
OBJECT_ADD 36526623,31484112,-23.000000,62 
OBJECT_ADD 36538115,31482627,-23.000000,62 
OBJECT_ADD 36523829,31486572,-23.000000,62 
OBJECT_ADD 36526803,31485420,-77.000000,63 
OBJECT_ADD 36540178,31520210,0.000000,63 
OBJECT_ADD 36507349,31538696,-23.000000,62 
OBJECT_ADD 36510400,31525716,-23.000000,62 
OBJECT_ADD 36516514,31535777,-23.000000,62 
OBJECT_ADD 36531063,31527052,-23.000000,62 
OBJECT_ADD 36531153,31530619,-23.000000,62 
OBJECT_ADD 36543568,31536096,-23.000000,62 
OBJECT_ADD 36497812,31531442,0.000000,63 
OBJECT_ADD 36519041,31531314,-23.000000,62 
OBJECT_ADD 36490720,31534360,-23.000000,62 
OBJECT_ADD 36531665,31517984,-23.000000,62 
OBJECT_ADD 36492938,31536791,-23.000000,62 
OBJECT_ADD 36484172,31530748,-23.000000,62 
OBJECT_ADD 36482888,31535909,-23.000000,62 
OBJECT_ADD 36514758,31528394,-23.000000,62 
OBJECT_ADD 36503190,31538121,-23.000000,62 
OBJECT_ADD 36521538,31537464,-23.000000,62 
OBJECT_ADD 36544134,31513960,-23.000000,62 
OBJECT_ADD 36502705,31511588,-23.000000,62 
OBJECT_ADD 36504645,31520441,-23.000000,62 
OBJECT_ADD 36543628,31510047,-23.000000,62 
OBJECT_ADD 36547843,31517034,-23.000000,62 
OBJECT_ADD 36542547,31485778,-23.000000,62 
OBJECT_ADD 36534825,31499656,-23.000000,62 
OBJECT_ADD 36525160,31527888,-23.000000,62 
OBJECT_ADD 36551312,31525042,-23.000000,62 
OBJECT_ADD 36551182,31530783,-23.000000,62 
OBJECT_ADD 36510799,31506533,-66.000000,63 
OBJECT_ADD 36501664,31511478,-77.000000,63 
OBJECT_ADD 36577630,31531071,0.000000,63 
OBJECT_ADD 36476091,31529695,-23.000000,62 
OBJECT_ADD 36457837,31541783,-23.000000,62 
OBJECT_ADD 36457441,31536361,-23.000000,62 
OBJECT_ADD 36471865,31528421,-23.000000,62 
OBJECT_ADD 36470956,31519081,-23.000000,62 
OBJECT_ADD 36468008,31515053,-23.000000,62 
OBJECT_ADD 36458358,31520917,-23.000000,62 
OBJECT_ADD 36449281,31552580,-23.000000,62 
OBJECT_ADD 36447416,31548598,-23.000000,62 
OBJECT_ADD 36467825,31526139,-23.000000,62 
OBJECT_ADD 36463635,31572457,-23.000000,62 
OBJECT_ADD 36456215,31547153,-23.000000,62 
OBJECT_ADD 36462375,31528629,-23.000000,62 
OBJECT_ADD 36452764,31530594,-66.000000,63 
OBJECT_ADD 36464057,31572424,-77.000000,63 
OBJECT_ADD 36462904,31567903,0.000000,63 
OBJECT_ADD 36482108,31539174,0.000000,62 
OBJECT_ADD 36448487,31557091,0.000000,62 
OBJECT_ADD 36467358,31548547,0.000000,62 
OBJECT_ADD 36465901,31544774,0.000000,62 
OBJECT_ADD 36464764,31552422,0.000000,62 
OBJECT_ADD 36456222,31552229,0.000000,62 
OBJECT_ADD 36462111,31523081,0.000000,62 
OBJECT_ADD 36457294,31507509,0.000000,62 
OBJECT_ADD 36447714,31508824,0.000000,62 
OBJECT_ADD 36440740,31531786,0.000000,62 
OBJECT_ADD 36454792,31530767,0.000000,62 
OBJECT_ADD 36450652,31528749,0.000000,62 
OBJECT_ADD 36454631,31514134,0.000000,62 
OBJECT_ADD 36472940,31442644,-23.000000,62 
OBJECT_ADD 36471127,31437768,-23.000000,62 
OBJECT_ADD 36482029,31447834,-23.000000,62 
OBJECT_ADD 36490904,31440587,-23.000000,62 
OBJECT_ADD 36490048,31427955,-23.000000,62 
OBJECT_ADD 36488075,31433389,-23.000000,62 
OBJECT_ADD 36482224,31427206,-23.000000,62 
OBJECT_ADD 36481021,31431554,-23.000000,62 
OBJECT_ADD 36475345,31424857,-23.000000,62 
OBJECT_ADD 36473985,31430904,-23.000000,62 
OBJECT_ADD 36467738,31423478,-23.000000,62 
OBJECT_ADD 36468241,31427346,-23.000000,62 
OBJECT_ADD 36468424,31463202,-23.000000,62 
OBJECT_ADD 36482527,31474372,-66.000000,63 
OBJECT_ADD 36470394,31464152,-77.000000,63 
OBJECT_ADD 36489621,31463235,0.000000,63 
OBJECT_ADD 36464124,31450310,0.000000,62 
OBJECT_ADD 36467290,31449613,0.000000,62 
OBJECT_ADD 36495727,31426398,0.000000,62 
OBJECT_ADD 36499241,31422135,0.000000,62 
OBJECT_ADD 36494477,31420522,0.000000,62 
OBJECT_ADD 36494246,31409307,0.000000,62 
OBJECT_ADD 36501766,31411569,0.000000,62 
OBJECT_ADD 36479567,31454596,0.000000,62 
OBJECT_ADD 36497357,31414713,0.000000,62 
OBJECT_ADD 36453623,31502257,-23.000000,62 
OBJECT_ADD 36462196,31491271,-23.000000,62 
OBJECT_ADD 36471903,31503620,-23.000000,62 
OBJECT_ADD 36488011,31495716,-23.000000,62 
OBJECT_ADD 36474885,31506415,-23.000000,62 
OBJECT_ADD 36441823,31480399,-23.000000,62 
OBJECT_ADD 36439815,31479100,-23.000000,62 
OBJECT_ADD 36466663,31476019,-23.000000,62 
OBJECT_ADD 36446168,31475068,-23.000000,62 
OBJECT_ADD 36480711,31485642,-23.000000,62 
OBJECT_ADD 36473375,31507791,-23.000000,62 
OBJECT_ADD 36450607,31496533,-23.000000,62 
OBJECT_ADD 36470322,31483373,-23.000000,62 
OBJECT_ADD 36461437,31498964,-66.000000,63 
OBJECT_ADD 36461027,31468576,-77.000000,63 
OBJECT_ADD 36485624,31491092,0.000000,63 
OBJECT_ADD 36483001,31503757,0.000000,62 
OBJECT_ADD 36488962,31499148,0.000000,62 
OBJECT_ADD 36438454,31460574,0.000000,62 
OBJECT_ADD 36457997,31464526,0.000000,62 
OBJECT_ADD 36473409,31485103,0.000000,62 
OBJECT_ADD 36419458,31475727,0.000000,62 
OBJECT_ADD 36431934,31466971,0.000000,62 
OBJECT_ADD 36437023,31465756,0.000000,62 
OBJECT_ADD 36427973,31473921,0.000000,62 
OBJECT_ADD 36444002,31471221,0.000000,62 
OBJECT_ADD 36436349,31488821,0.000000,62 
OBJECT_ADD 36448125,31493266,0.000000,62 
OBJECT_ADD 36468919,31482393,0.000000,62 
OBJECT_ADD 36522142,31553490,0.000000,63 
OBJECT_ADD 36506515,31587278,-23.000000,62 
OBJECT_ADD 36501608,31547686,-23.000000,62 
OBJECT_ADD 36510462,31543184,-23.000000,62 
OBJECT_ADD 36500805,31550917,-23.000000,62 
OBJECT_ADD 36494636,31541787,-23.000000,62 
OBJECT_ADD 36505219,31541237,-23.000000,62 
OBJECT_ADD 36541127,31539217,-23.000000,62 
OBJECT_ADD 36548489,31550895,-23.000000,62 
OBJECT_ADD 36537068,31574308,-23.000000,62 
OBJECT_ADD 36545909,31559535,-23.000000,62 
OBJECT_ADD 36544800,31562560,-23.000000,62 
OBJECT_ADD 36500401,31544217,-23.000000,62 
OBJECT_ADD 36510864,31576249,-23.000000,62 
OBJECT_ADD 36508978,31576354,-66.000000,63 
OBJECT_ADD 36512160,31554946,-77.000000,63 
OBJECT_ADD 36506480,31573388,-23.000000,62 
OBJECT_ADD 36483915,31557971,-23.000000,62 
OBJECT_ADD 36481576,31560531,-23.000000,62 
OBJECT_ADD 36481566,31568516,-23.000000,62 
OBJECT_ADD 36488354,31564744,-23.000000,62 
OBJECT_ADD 36501156,31555340,-23.000000,62 
OBJECT_ADD 36494496,31558087,-23.000000,62 
OBJECT_ADD 36494912,31546492,-23.000000,62 
OBJECT_ADD 36492084,31550857,-23.000000,62 
OBJECT_ADD 36488093,31554813,-23.000000,62 
OBJECT_ADD 36496472,31538794,-23.000000,62 
OBJECT_ADD 36510079,31549050,-66.000000,63 
OBJECT_ADD 36535701,31558507,-77.000000,63 
OBJECT_ADD 36536342,31548730,0.000000,63 
OBJECT_ADD 36552676,31563751,-23.000000,62 
OBJECT_ADD 36545552,31580775,-23.000000,62 
OBJECT_ADD 36533922,31549632,-23.000000,62 
OBJECT_ADD 36503465,31584915,-23.000000,62 
OBJECT_ADD 36499323,31581950,-23.000000,62 
OBJECT_ADD 36513192,31581669,-23.000000,62 
OBJECT_ADD 36511661,31575925,-66.000000,63 
OBJECT_ADD 36512040,31556074,-77.000000,63 
OBJECT_ADD 36535943,31555519,0.000000,63 
OBJECT_ADD 36497998,31542487,-23.000000,62 
OBJECT_ADD 36541148,31564217,-23.000000,62 
OBJECT_ADD 36558538,31559359,-23.000000,62 
OBJECT_ADD 36577850,31582525,-18.000000,62 
OBJECT_ADD 36585833,31583970,-18.000000,62 
OBJECT_ADD 36581006,31530669,-18.000000,62 
OBJECT_ADD 36571295,31579365,-18.000000,62 
OBJECT_ADD 36571635,31559714,-18.000000,62 
OBJECT_ADD 36595551,31550895,-18.000000,62 
OBJECT_ADD 36586885,31539619,-18.000000,62 
OBJECT_ADD 36578504,31575298,-18.000000,62 
OBJECT_ADD 36582226,31558730,-18.000000,62 
OBJECT_ADD 36601898,31581599,-72.000000,63 
OBJECT_ADD 36576686,31580911,-18.000000,62 
OBJECT_ADD 36577475,31549410,-18.000000,62 
OBJECT_ADD 36579841,31553380,-18.000000,62 
OBJECT_ADD 36585875,31546826,-18.000000,62 
OBJECT_ADD 36585648,31581149,-18.000000,62 
OBJECT_ADD 36586915,31560338,-61.000000,63 
OBJECT_ADD 36590523,31559000,-72.000000,63 
OBJECT_ADD 36587269,31553509,-18.000000,62 
OBJECT_ADD 36594181,31567015,-18.000000,62 
OBJECT_ADD 36601984,31580838,5.000000,63 
OBJECT_ADD 36574422,31602637,-18.000000,62 
OBJECT_ADD 36573034,31596813,-18.000000,62 
OBJECT_ADD 36574858,31613860,-18.000000,62 
OBJECT_ADD 36575695,31606008,-18.000000,62 
OBJECT_ADD 36584253,31615122,-18.000000,62 
OBJECT_ADD 36598221,31626749,-18.000000,62 
OBJECT_ADD 36595527,31631673,-18.000000,62 
OBJECT_ADD 36594146,31626104,-18.000000,62 
OBJECT_ADD 36574256,31618481,-18.000000,62 
OBJECT_ADD 36579768,31616638,-18.000000,62 
OBJECT_ADD 36572823,31609000,-18.000000,62 
OBJECT_ADD 36579136,31599838,-18.000000,62 
OBJECT_ADD 36588264,31619147,-18.000000,62 
OBJECT_ADD 36601722,31606510,-18.000000,62 
OBJECT_ADD 36572370,31605724,-18.000000,62 
OBJECT_ADD 36605867,31600391,-18.000000,62 
OBJECT_ADD 36580414,31594995,-18.000000,62 
OBJECT_ADD 36593889,31596087,-18.000000,62 
OBJECT_ADD 36606979,31588814,-18.000000,62 
OBJECT_ADD 36604083,31596189,-18.000000,62 
OBJECT_ADD 36577522,31589788,-18.000000,62 
OBJECT_ADD 36579695,31603388,-18.000000,62 
OBJECT_ADD 36582580,31610660,-18.000000,62 
OBJECT_ADD 36585935,31616487,-18.000000,62 
OBJECT_ADD 36602524,31586840,-18.000000,62 
OBJECT_ADD 36607991,31604212,-18.000000,62 
OBJECT_ADD 36605826,31594902,-18.000000,62 
OBJECT_ADD 36580852,31598401,-18.000000,62 
OBJECT_ADD 36585289,31594405,-18.000000,62 
OBJECT_ADD 36580525,31584495,-18.000000,62 
OBJECT_ADD 36595524,31585867,-18.000000,62 
OBJECT_ADD 36587405,31600355,5.000000,63 
OBJECT_ADD 36599637,31595320,-18.000000,62 
OBJECT_ADD 36583853,31588753,-18.000000,62 
OBJECT_ADD 36605927,31589012,-61.000000,63 
OBJECT_ADD 36512168,31622952,129215.000000,62 
OBJECT_ADD 36520380,31654877,129215.000000,62 
OBJECT_ADD 36537956,31654358,129215.000000,62 
OBJECT_ADD 36535126,31656275,129215.000000,62 
OBJECT_ADD 36521984,31661375,129215.000000,62 
OBJECT_ADD 36516196,31632764,129215.000000,62 
OBJECT_ADD 36525141,31622272,129215.000000,62 
OBJECT_ADD 36506902,31626428,129215.000000,62 
OBJECT_ADD 36531286,31634440,129215.000000,62 
OBJECT_ADD 36532915,31633703,129215.000000,62 
OBJECT_ADD 36545364,31621329,129215.000000,62 
OBJECT_ADD 36535386,31610838,129215.000000,62 
OBJECT_ADD 36520067,31621972,129215.000000,62 
OBJECT_ADD 36494999,31657566,129172.000000,63 
OBJECT_ADD 36512197,31611486,129161.000000,63 
OBJECT_ADD 36537367,31603570,129238.000000,63 
OBJECT_ADD 36497361,31622686,129215.000000,62 
OBJECT_ADD 36520037,31602590,129215.000000,62 
OBJECT_ADD 36506822,31655511,129215.000000,62 
OBJECT_ADD 36496220,31631799,129215.000000,62 
OBJECT_ADD 36504445,31627328,129215.000000,62 
OBJECT_ADD 36532391,31624293,129215.000000,62 
OBJECT_ADD 36532960,31608065,129215.000000,62 
OBJECT_ADD 36539576,31607342,129215.000000,62 
OBJECT_ADD 36538280,31620089,129215.000000,62 
OBJECT_ADD 36534288,31628218,129215.000000,62 
OBJECT_ADD 36537376,31631657,129215.000000,62 
OBJECT_ADD 36500415,31642806,129172.000000,63 
OBJECT_ADD 36483467,31662465,129161.000000,63 
OBJECT_ADD 36553558,31652778,129215.000000,62 
OBJECT_ADD 36552022,31655251,129215.000000,62 
OBJECT_ADD 36492344,31619661,129215.000000,62 
OBJECT_ADD 36502035,31649194,129172.000000,63 
OBJECT_ADD 36498276,31646934,129161.000000,63 
OBJECT_ADD 36550359,31638181,129215.000000,62 
OBJECT_ADD 36545466,31607539,129215.000000,62 
OBJECT_ADD 36510969,31610124,129215.000000,62 
OBJECT_ADD 36541124,31615244,129215.000000,62 
OBJECT_ADD 36542598,31649469,129215.000000,62 
OBJECT_ADD 36538639,31641816,129215.000000,62 
OBJECT_ADD 36483741,31643802,129215.000000,62 
OBJECT_ADD 36525431,31614587,129215.000000,62 
OBJECT_ADD 36510682,31600002,129215.000000,62 
OBJECT_ADD 36517502,31597913,129215.000000,62 
OBJECT_ADD 36515083,31604631,129215.000000,62 
OBJECT_ADD 36547677,31635429,129215.000000,62 
OBJECT_ADD 36520553,31610922,129215.000000,62 
OBJECT_ADD 36498650,31604920,129161.000000,63 
OBJECT_ADD 36499406,31643111,129238.000000,63 
OBJECT_ADD 36513671,31659516,129215.000000,62 
OBJECT_ADD 36536708,31649446,129215.000000,62 
OBJECT_ADD 36530372,31661417,129215.000000,62 
OBJECT_ADD 36532721,31651454,129215.000000,62 
OBJECT_ADD 36515524,31662602,129215.000000,62 
OBJECT_ADD 36528193,31635289,129215.000000,62 
OBJECT_ADD 36502377,31642886,129215.000000,62 
OBJECT_ADD 36503991,31651488,129215.000000,62 
OBJECT_ADD 36544958,31642951,129215.000000,62 
OBJECT_ADD 36546392,31648840,129215.000000,62 
OBJECT_ADD 36542001,31622193,129215.000000,62 
OBJECT_ADD 36538334,31627491,129215.000000,62 
OBJECT_ADD 36525912,31657759,129215.000000,62 
OBJECT_ADD 36537709,31625929,129215.000000,62 
OBJECT_ADD 36533949,31631164,129215.000000,62 
OBJECT_ADD 36518286,31638607,129172.000000,63 
OBJECT_ADD 36502955,31643895,129161.000000,63 
OBJECT_ADD 36535858,31632336,129238.000000,63 
OBJECT_ADD 36520347,31667040,129215.000000,62 
OBJECT_ADD 36509299,31669132,129215.000000,62 
OBJECT_ADD 36518527,31686733,129238.000000,63 
OBJECT_ADD 36511050,31731303,129215.000000,62 
OBJECT_ADD 36515119,31671091,129215.000000,62 
OBJECT_ADD 36500249,31678921,129215.000000,62 
OBJECT_ADD 36532127,31665208,129215.000000,62 
OBJECT_ADD 36467579,31657116,129215.000000,62 
OBJECT_ADD 36509395,31673337,129215.000000,62 
OBJECT_ADD 36474188,31652646,129215.000000,62 
OBJECT_ADD 36498206,31664642,129215.000000,62 
OBJECT_ADD 36497929,31674341,129215.000000,62 
OBJECT_ADD 36530588,31658323,129215.000000,62 
OBJECT_ADD 36489857,31668311,129238.000000,63 
OBJECT_ADD 36506027,31670432,129215.000000,62 
OBJECT_ADD 36533908,31680281,129215.000000,62 
OBJECT_ADD 36543987,31668745,129215.000000,62 
OBJECT_ADD 36539084,31672522,129215.000000,62 
OBJECT_ADD 36548479,31682410,129215.000000,62 
OBJECT_ADD 36539243,31709662,129215.000000,62 
OBJECT_ADD 36545491,31693471,129215.000000,62 
OBJECT_ADD 36544612,31697477,129215.000000,62 
OBJECT_ADD 36499430,31670841,129215.000000,62 
OBJECT_ADD 36509208,31710552,129215.000000,62 
OBJECT_ADD 36513286,31708921,129172.000000,63 
OBJECT_ADD 36510585,31682933,129161.000000,63 
OBJECT_ADD 36498659,31663966,129238.000000,63 
OBJECT_ADD 36506584,31705377,129215.000000,62 
OBJECT_ADD 36482500,31688621,129215.000000,62 
OBJECT_ADD 36512530,31666281,129215.000000,62 
OBJECT_ADD 36480878,31700200,129215.000000,62 
OBJECT_ADD 36487660,31696755,129215.000000,62 
OBJECT_ADD 36499025,31682018,129215.000000,62 
OBJECT_ADD 36494785,31688273,129215.000000,62 
OBJECT_ADD 36494954,31678620,129215.000000,62 
OBJECT_ADD 36491372,31682093,129215.000000,62 
OBJECT_ADD 36488259,31684427,129215.000000,62 
OBJECT_ADD 36491214,31666385,129215.000000,62 
OBJECT_ADD 36496931,31670608,129215.000000,62 
OBJECT_ADD 36510056,31681745,129172.000000,63 
OBJECT_ADD 36533946,31690609,129161.000000,63 
OBJECT_ADD 36534576,31680776,129238.000000,63 
OBJECT_ADD 36547573,31719996,129215.000000,62 
OBJECT_ADD 36544394,31714674,129215.000000,62 
OBJECT_ADD 36516529,31667533,129215.000000,62 
OBJECT_ADD 36484794,31662545,129215.000000,62 
OBJECT_ADD 36483336,31667655,129215.000000,62 
OBJECT_ADD 36503052,31668436,129215.000000,62 
OBJECT_ADD 36521895,31670559,129215.000000,62 
OBJECT_ADD 36532312,31686807,129215.000000,62 
OBJECT_ADD 36511315,31715335,129215.000000,62 
OBJECT_ADD 36465734,31679752,129215.000000,62 
OBJECT_ADD 36503595,31702467,129215.000000,62 
OBJECT_ADD 36500383,31711773,129172.000000,63 
OBJECT_ADD 36511862,31688937,129161.000000,63 
OBJECT_ADD 36532995,31686332,129238.000000,63 
OBJECT_ADD 36501585,31673891,129215.000000,62 
OBJECT_ADD 36542678,31701413,129215.000000,62 
OBJECT_ADD 36552623,31685338,129215.000000,62 
OBJECT_ADD 36630702,31568066,-72.000000,63 
OBJECT_ADD 36614110,31557066,-18.000000,62 
OBJECT_ADD 36612524,31559006,-18.000000,62 
OBJECT_ADD 36613911,31568755,-18.000000,62 
OBJECT_ADD 36636520,31571266,-18.000000,62 
OBJECT_ADD 36612047,31567304,-18.000000,62 
OBJECT_ADD 36630264,31543789,-18.000000,62 
OBJECT_ADD 36632562,31541829,-18.000000,62 
OBJECT_ADD 36632429,31536718,-18.000000,62 
OBJECT_ADD 36626222,31542791,-18.000000,62 
OBJECT_ADD 36620229,31534983,5.000000,63 
OBJECT_ADD 36628746,31537355,-18.000000,62 
OBJECT_ADD 36627664,31531133,5.000000,63 
OBJECT_ADD 36620343,31564405,-18.000000,62 
OBJECT_ADD 36629704,31548502,-18.000000,62 
OBJECT_ADD 36624766,31557494,-18.000000,62 
OBJECT_ADD 36625287,31545653,-18.000000,62 
OBJECT_ADD 36621962,31549445,-18.000000,62 
OBJECT_ADD 36619170,31552956,-18.000000,62 
OBJECT_ADD 36623750,31538701,-18.000000,62 
OBJECT_ADD 36611467,31541940,-61.000000,63 
OBJECT_ADD 36633684,31581920,-18.000000,62 
OBJECT_ADD 36639528,31575548,-18.000000,62 
OBJECT_ADD 36628709,31551669,-18.000000,62 
OBJECT_ADD 36631297,31540210,-18.000000,62 
OBJECT_ADD 36632695,31580027,-18.000000,62 
OBJECT_ADD 36613634,31535805,0.000000,62 
OBJECT_ADD 36614545,31529323,0.000000,62 
OBJECT_ADD 36626239,31527060,0.000000,62 
OBJECT_ADD 36645984,31529452,0.000000,62 
OBJECT_ADD 36641617,31537697,0.000000,62 
OBJECT_ADD 36640399,31542101,0.000000,62 
OBJECT_ADD 36649378,31531839,0.000000,62 
OBJECT_ADD 36637513,31523091,0.000000,62 
OBJECT_ADD 36647387,31537805,0.000000,62 
OBJECT_ADD 36652917,31528980,0.000000,62 
OBJECT_ADD 36657083,31527403,0.000000,62 
OBJECT_ADD 36642381,31553744,0.000000,62 
OBJECT_ADD 36642558,31527013,0.000000,62 
OBJECT_ADD 36637144,31587263,-18.000000,62 
OBJECT_ADD 36627962,31598945,-18.000000,62 
OBJECT_ADD 36619464,31598228,-18.000000,62 
OBJECT_ADD 36611528,31609568,-72.000000,63 
OBJECT_ADD 36382565,31256796,-23.000000,62 
OBJECT_ADD 36386206,31245961,-23.000000,62 
OBJECT_ADD 36406073,31237455,-23.000000,62 
OBJECT_ADD 36403102,31228670,-23.000000,62 
OBJECT_ADD 36394835,31252156,-23.000000,62 
OBJECT_ADD 36410685,31208980,-23.000000,62 
OBJECT_ADD 36417961,31199659,-23.000000,62 
OBJECT_ADD 36422806,31213352,-23.000000,62 
OBJECT_ADD 36378625,31256025,-23.000000,62 
OBJECT_ADD 36410673,31201931,-23.000000,62 
OBJECT_ADD 36413658,31215795,-23.000000,62 
OBJECT_ADD 36409489,31224186,-23.000000,62 
OBJECT_ADD 36412607,31232190,-23.000000,62 
OBJECT_ADD 36405721,31261989,-66.000000,63 
OBJECT_ADD 36341128,31228780,-77.000000,63 
OBJECT_ADD 36342574,31207059,0.000000,63 
OBJECT_ADD 36394194,31228618,0.000000,62 
OBJECT_ADD 36402333,31217498,0.000000,62 
OBJECT_ADD 36427743,31199527,0.000000,62 
OBJECT_ADD 36435391,31209463,0.000000,62 
OBJECT_ADD 36438846,31218214,0.000000,62 
OBJECT_ADD 36440816,31226205,0.000000,62 
OBJECT_ADD 36433911,31232858,0.000000,62 
OBJECT_ADD 36400706,31232039,0.000000,62 
OBJECT_ADD 36433458,31225158,0.000000,62 
OBJECT_ADD 36426874,31210288,0.000000,62 
OBJECT_ADD 36423903,31222847,0.000000,62 
OBJECT_ADD 36430917,31221573,0.000000,62 
OBJECT_ADD 36408867,31232150,0.000000,62 
OBJECT_ADD 36403189,31245116,0.000000,62 
OBJECT_ADD 36365263,31229713,0.000000,62 
OBJECT_ADD 36379382,31216360,0.000000,62 
OBJECT_ADD 36379657,31206893,0.000000,62 
OBJECT_ADD 36388051,31217894,0.000000,62 
OBJECT_ADD 36402067,31216357,0.000000,62 
OBJECT_ADD 36383244,31230360,0.000000,62 
OBJECT_ADD 36385221,31239058,0.000000,62 
OBJECT_ADD 36373297,31233967,0.000000,62 
OBJECT_ADD 36430978,31240444,0.000000,62 
OBJECT_ADD 36427098,31245769,0.000000,62 
OBJECT_ADD 36367712,31259095,0.000000,62 
OBJECT_ADD 36430141,31212603,0.000000,62 
OBJECT_ADD 36315950,31246431,0.000000,62 
OBJECT_ADD 36343370,31198720,0.000000,62 
OBJECT_ADD 36355486,31205904,0.000000,62 
OBJECT_ADD 36364497,31206663,0.000000,62 
OBJECT_ADD 36340944,31202812,0.000000,62 
OBJECT_ADD 36315104,31218072,0.000000,62 
OBJECT_ADD 36299647,31218144,0.000000,62 
OBJECT_ADD 36314026,31221044,0.000000,62 
OBJECT_ADD 36315118,31209697,0.000000,62 
OBJECT_ADD 36323783,31225053,0.000000,62 
OBJECT_ADD 36332167,31238270,0.000000,62 
OBJECT_ADD 36332993,31234911,0.000000,62 
OBJECT_ADD 36301819,31214025,0.000000,62 
OBJECT_ADD 36378754,31263710,0.000000,62 
OBJECT_ADD 36357853,31272409,0.000000,62 
OBJECT_ADD 36365907,31238648,0.000000,62 
OBJECT_ADD 36357451,31270000,0.000000,62 
OBJECT_ADD 36353967,31267208,0.000000,62 
OBJECT_ADD 36349569,31262202,0.000000,62 
OBJECT_ADD 36342562,31278012,0.000000,62 
OBJECT_ADD 36346238,31259010,0.000000,62 
OBJECT_ADD 36294131,31198691,0.000000,62 
OBJECT_ADD 36290723,31213466,0.000000,62 
OBJECT_ADD 36301972,31205880,0.000000,62 
OBJECT_ADD 36299915,31222925,0.000000,62 
OBJECT_ADD 36388979,31229627,0.000000,62 
OBJECT_ADD 36378096,31282613,-23.000000,62 
OBJECT_ADD 36389391,31267634,-23.000000,62 
OBJECT_ADD 36388907,31273957,-23.000000,62 
OBJECT_ADD 36388518,31297498,-23.000000,62 
OBJECT_ADD 36393962,31295311,-23.000000,62 
OBJECT_ADD 36396888,31294421,-23.000000,62 
OBJECT_ADD 36400610,31290639,-23.000000,62 
OBJECT_ADD 36399373,31282025,-23.000000,62 
OBJECT_ADD 36382159,31289702,-23.000000,62 
OBJECT_ADD 36372350,31278072,-23.000000,62 
OBJECT_ADD 36378799,31271254,-23.000000,62 
OBJECT_ADD 36380313,31278357,-23.000000,62 
OBJECT_ADD 36385394,31271965,-23.000000,62 
OBJECT_ADD 36387130,31291220,-66.000000,63 
OBJECT_ADD 36386889,31299799,-77.000000,63 
OBJECT_ADD 36367693,31267507,0.000000,63 
OBJECT_ADD 36378150,31288410,0.000000,62 
OBJECT_ADD 36384692,31302567,0.000000,62 
OBJECT_ADD 36385646,31312551,0.000000,62 
OBJECT_ADD 36381228,31308661,0.000000,62 
OBJECT_ADD 36377091,31311460,0.000000,62 
OBJECT_ADD 36372636,31310882,0.000000,62 
OBJECT_ADD 36368200,31301914,0.000000,62 
OBJECT_ADD 36371761,31295648,0.000000,62 
OBJECT_ADD 36372082,31291665,0.000000,62 
OBJECT_ADD 36367979,31294881,0.000000,62 
OBJECT_ADD 36367945,31290920,0.000000,62 
OBJECT_ADD 36371177,31285792,0.000000,62 
OBJECT_ADD 36396784,31276835,0.000000,62 
OBJECT_ADD 36345715,31290115,0.000000,62 
OBJECT_ADD 36380856,31299073,0.000000,62 
OBJECT_ADD 36375372,31300883,0.000000,62 
OBJECT_ADD 36381267,31273998,0.000000,62 
OBJECT_ADD 36406606,31258649,0.000000,62 
OBJECT_ADD 36401924,31267102,0.000000,62 
OBJECT_ADD 36404867,31270456,0.000000,62 
OBJECT_ADD 36360105,31297482,0.000000,62 
OBJECT_ADD 36359832,31291485,0.000000,62 
OBJECT_ADD 36350928,31313539,0.000000,62 
OBJECT_ADD 36345318,31300718,0.000000,62 
OBJECT_ADD 36350005,31302369,0.000000,62 
OBJECT_ADD 36377932,31307427,0.000000,62 
OBJECT_ADD 36526581,31327574,0.000000,62 
OBJECT_ADD 36489019,31338154,0.000000,62 
OBJECT_ADD 36564936,31331763,0.000000,62 
OBJECT_ADD 36553282,31349015,0.000000,62 
OBJECT_ADD 36549869,31354138,0.000000,62 
OBJECT_ADD 36546164,31359192,0.000000,62 
OBJECT_ADD 36535379,31334495,0.000000,62 
OBJECT_ADD 36470448,31332276,-23.000000,62 
OBJECT_ADD 36476129,31326471,-23.000000,62 
OBJECT_ADD 36480230,31326220,-23.000000,62 
OBJECT_ADD 36482387,31336669,-23.000000,62 
OBJECT_ADD 36504220,31326960,-23.000000,62 
OBJECT_ADD 36507288,31330095,-23.000000,62 
OBJECT_ADD 36498815,31332266,-23.000000,62 
OBJECT_ADD 36529770,31353237,-23.000000,62 
OBJECT_ADD 36494945,31347927,-23.000000,62 
OBJECT_ADD 36525390,31357940,-23.000000,62 
OBJECT_ADD 36522229,31360922,-23.000000,62 
OBJECT_ADD 36524457,31353640,-23.000000,62 
OBJECT_ADD 36520043,31347936,-23.000000,62 
OBJECT_ADD 36504155,31348174,-66.000000,63 
OBJECT_ADD 36506899,31328678,-77.000000,63 
OBJECT_ADD 36520032,31338587,0.000000,63 
OBJECT_ADD 36449692,31329520,0.000000,62 
OBJECT_ADD 36455989,31332568,0.000000,62 
OBJECT_ADD 36453596,31336144,0.000000,62 
OBJECT_ADD 36464218,31332286,0.000000,62 
OBJECT_ADD 36529745,31337852,0.000000,62 
OBJECT_ADD 36516778,31338947,0.000000,62 
OBJECT_ADD 36514069,31335409,0.000000,62 
OBJECT_ADD 36462781,31336977,0.000000,62 
OBJECT_ADD 36460816,31327896,0.000000,62 
OBJECT_ADD 36453806,31342709,0.000000,62 
OBJECT_ADD 36459397,31343442,0.000000,62 
OBJECT_ADD 36481510,31342637,0.000000,62 
OBJECT_ADD 36496593,31329066,0.000000,62 
OBJECT_ADD 36532414,31325982,0.000000,62 
OBJECT_ADD 36525572,31330442,0.000000,62 
OBJECT_ADD 36530015,31331571,0.000000,62 
OBJECT_ADD 36530748,31320367,0.000000,62 
OBJECT_ADD 36558294,31333653,0.000000,62 
OBJECT_ADD 36536065,31328597,0.000000,62 
OBJECT_ADD 36550849,31337861,0.000000,62 
OBJECT_ADD 36546546,31347431,0.000000,62 
OBJECT_ADD 36542460,31351812,0.000000,62 
OBJECT_ADD 36554761,31341792,0.000000,62 
OBJECT_ADD 36556248,31337939,0.000000,62 
OBJECT_ADD 36567557,31359763,0.000000,62 
OBJECT_ADD 36558917,31349921,0.000000,62 
OBJECT_ADD 36562968,31346953,0.000000,62 
OBJECT_ADD 36455320,31327378,0.000000,62 
