# Objects added on Sat Nov 17 16:01:23 2018

OBJECT_ADD 14192325,26984119,0.000000,62 
OBJECT_ADD 14195825,26973564,0.000000,62 
OBJECT_ADD 14192827,26968526,0.000000,62 
OBJECT_ADD 14196155,26969062,0.000000,62 
OBJECT_ADD 14218456,26973305,0.000000,62 
OBJECT_ADD 14196680,26979012,0.000000,62 
OBJECT_ADD 14204122,26969564,0.000000,62 
OBJECT_ADD 14194043,26963789,0.000000,62 
OBJECT_ADD 14190202,26980655,0.000000,62 
OBJECT_ADD 14204540,26987375,0.000000,62 
OBJECT_ADD 14202151,26961589,0.000000,62 
OBJECT_ADD 14187580,26988666,0.000000,62 
OBJECT_ADD 14200748,26968725,0.000000,62 
OBJECT_ADD 14198959,26989889,0.000000,62 
OBJECT_ADD 14216349,26985304,0.000000,62 
OBJECT_ADD 14213339,26990330,0.000000,62 
OBJECT_ADD 14238575,26969511,0.000000,62 
OBJECT_ADD 14224317,26965391,0.000000,62 
OBJECT_ADD 14229092,26953064,0.000000,62 
OBJECT_ADD 14225152,26957935,0.000000,62 
OBJECT_ADD 14219126,26987232,0.000000,62 
OBJECT_ADD 14217829,26979779,0.000000,62 
OBJECT_ADD 14244700,26968809,0.000000,62 
OBJECT_ADD 14242103,26971601,0.000000,62 
OBJECT_ADD 14222337,26973094,0.000000,62 
OBJECT_ADD 14262275,26969183,0.000000,62 
OBJECT_ADD 14141213,26877560,0.000000,62 
OBJECT_ADD 14152323,26878963,0.000000,62 
OBJECT_ADD 14180053,26904206,0.000000,62 
OBJECT_ADD 14190786,26897621,0.000000,62 
OBJECT_ADD 14168647,26851496,0.000000,62 
OBJECT_ADD 14164017,26887960,0.000000,62 
OBJECT_ADD 14183838,26858905,0.000000,62 
OBJECT_ADD 14187461,26858226,0.000000,62 
OBJECT_ADD 14202708,26880934,0.000000,62 
OBJECT_ADD 14179027,26889545,0.000000,62 
OBJECT_ADD 14134756,26875785,0.000000,62 
OBJECT_ADD 14163941,26849567,0.000000,62 
OBJECT_ADD 14164897,26954304,0.000000,62 
OBJECT_ADD 14171597,26952250,0.000000,62 
OBJECT_ADD 14166287,26939652,0.000000,62 
OBJECT_ADD 14144480,26922161,0.000000,62 
OBJECT_ADD 14152258,26930281,0.000000,62 
OBJECT_ADD 14196953,26915823,0.000000,62 
OBJECT_ADD 14179660,26952437,0.000000,62 
OBJECT_ADD 14172915,26945195,0.000000,62 
OBJECT_ADD 14168003,26944241,0.000000,62 
OBJECT_ADD 14183346,26928863,0.000000,62 
OBJECT_ADD 14178068,26922897,0.000000,62 
OBJECT_ADD 14177985,26912745,0.000000,62 
OBJECT_ADD 14172340,26917169,0.000000,62 
OBJECT_ADD 14223567,26890398,0.000000,62 
OBJECT_ADD 14199127,26899206,0.000000,62 
OBJECT_ADD 14205216,26894903,0.000000,62 
OBJECT_ADD 14214393,26938916,0.000000,62 
OBJECT_ADD 14205506,26913256,0.000000,62 
OBJECT_ADD 14188294,26926085,0.000000,62 
OBJECT_ADD 14169961,26913277,0.000000,62 
OBJECT_ADD 14189133,26915087,0.000000,62 
OBJECT_ADD 14209654,26879357,0.000000,62 
OBJECT_ADD 14208487,26921820,0.000000,62 
OBJECT_ADD 14203088,26920358,0.000000,62 
OBJECT_ADD 14153524,26902276,0.000000,62 
OBJECT_ADD 14166653,26907163,0.000000,62 
OBJECT_ADD 14215830,26894712,0.000000,62 
OBJECT_ADD 14208547,26910538,0.000000,62 
OBJECT_ADD 14206777,26907682,0.000000,62 
OBJECT_ADD 14190227,26922525,0.000000,62 
OBJECT_ADD 14190348,26945604,0.000000,62 
OBJECT_ADD 14184167,26943630,0.000000,62 
OBJECT_ADD 14195849,26937604,0.000000,62 
OBJECT_ADD 14212194,26921885,0.000000,62 
OBJECT_ADD 14210147,26933919,0.000000,62 
OBJECT_ADD 14194174,26941502,0.000000,62 
OBJECT_ADD 14185345,26938208,0.000000,62 
OBJECT_ADD 14183427,26945667,0.000000,62 
OBJECT_ADD 14184122,26933078,0.000000,62 
OBJECT_ADD 14192192,26918580,0.000000,62 
OBJECT_ADD 14216079,26905739,0.000000,62 
OBJECT_ADD 14222054,26914771,0.000000,62 
OBJECT_ADD 14225090,26910630,0.000000,62 
OBJECT_ADD 14217682,26902268,0.000000,62 
OBJECT_ADD 14211240,26892657,0.000000,62 
OBJECT_ADD 14217546,26890029,0.000000,62 
OBJECT_ADD 14213542,26884817,0.000000,62 
OBJECT_ADD 14333863,26667023,-24221.000000,62 
OBJECT_ADD 14336300,26663832,-24221.000000,62 
OBJECT_ADD 14325825,26763724,-24221.000000,62 
OBJECT_ADD 14342129,26658821,-24221.000000,62 
OBJECT_ADD 14316278,26762150,-24221.000000,62 
OBJECT_ADD 14321569,26748595,-24221.000000,62 
OBJECT_ADD 14340455,26694539,-24221.000000,62 
OBJECT_ADD 14320171,26756752,-24221.000000,62 
OBJECT_ADD 14331765,26664458,-24221.000000,62 
OBJECT_ADD 14308277,26668748,-24221.000000,62 
OBJECT_ADD 14314464,26750833,-24221.000000,62 
OBJECT_ADD 14339330,26676652,-24221.000000,62 
OBJECT_ADD 14332182,26672896,-24221.000000,62 
OBJECT_ADD 14281607,26709271,-24244.000000,62 
OBJECT_ADD 14326745,26676924,-24244.000000,62 
OBJECT_ADD 14310932,26716908,-24244.000000,62 
OBJECT_ADD 14333390,26671071,-24244.000000,62 
OBJECT_ADD 14320395,26676692,-24244.000000,62 
OBJECT_ADD 14340690,26729908,-24244.000000,62 
OBJECT_ADD 14337470,26695988,-24244.000000,62 
OBJECT_ADD 14325041,26710684,-24244.000000,62 
OBJECT_ADD 14329923,26709817,-24244.000000,62 
OBJECT_ADD 14335163,26729503,-24244.000000,62 
OBJECT_ADD 14345699,26668828,-24244.000000,62 
OBJECT_ADD 14321736,26672342,-24244.000000,62 
OBJECT_ADD 14332742,26682750,-24244.000000,62 
OBJECT_ADD 14321082,26673857,-24287.000000,63 
OBJECT_ADD 14334470,26708808,-24298.000000,63 
OBJECT_ADD 14311201,26691929,-24221.000000,63 
OBJECT_ADD 14333597,26696561,-24221.000000,62 
OBJECT_ADD 14332079,26703004,-24221.000000,62 
OBJECT_ADD 14322999,26717927,-24221.000000,62 
OBJECT_ADD 14323148,26723252,-24221.000000,62 
OBJECT_ADD 14310847,26757627,-24221.000000,62 
OBJECT_ADD 14297606,26723689,-24221.000000,62 
OBJECT_ADD 14328150,26703990,-24221.000000,62 
OBJECT_ADD 14318757,26673890,-24221.000000,62 
OBJECT_ADD 14381103,26684863,-24221.000000,62 
OBJECT_ADD 14336882,26685971,-24221.000000,62 
OBJECT_ADD 14334371,26691086,-24221.000000,62 
OBJECT_ADD 14331288,26678845,-24221.000000,62 
OBJECT_ADD 14341831,26688458,-24221.000000,62 
OBJECT_ADD 14330073,26728892,-24201.000000,62 
OBJECT_ADD 14323783,26701025,-24201.000000,62 
OBJECT_ADD 14284672,26732428,-24201.000000,62 
OBJECT_ADD 14318257,26729221,-24201.000000,62 
OBJECT_ADD 14291222,26741733,-24201.000000,62 
OBJECT_ADD 14302044,26730863,-24201.000000,62 
OBJECT_ADD 14303081,26723862,-24201.000000,62 
OBJECT_ADD 14303605,26717877,-24201.000000,62 
OBJECT_ADD 14319486,26724867,-24201.000000,62 
OBJECT_ADD 14348691,26678623,-24201.000000,62 
OBJECT_ADD 14343999,26683819,-24201.000000,62 
OBJECT_ADD 14367935,26685190,-24201.000000,62 
OBJECT_ADD 14347389,26689294,-24201.000000,62 
OBJECT_ADD 14364040,26706089,-24201.000000,62 
OBJECT_ADD 14360117,26696407,-24201.000000,62 
OBJECT_ADD 14358814,26710984,-24201.000000,62 
OBJECT_ADD 14381982,26692332,-24201.000000,62 
OBJECT_ADD 14365327,26687617,-24201.000000,62 
OBJECT_ADD 14367106,26703363,-24201.000000,62 
OBJECT_ADD 14376444,26699898,-24201.000000,62 
OBJECT_ADD 14386309,26700742,-24201.000000,62 
OBJECT_ADD 14356387,26683355,-24201.000000,62 
OBJECT_ADD 14357455,26668260,-24201.000000,62 
OBJECT_ADD 14367101,26649778,-24201.000000,62 
OBJECT_ADD 14367790,26645171,-24201.000000,62 
OBJECT_ADD 14384039,26659553,-24201.000000,62 
OBJECT_ADD 14359727,26651440,-24201.000000,62 
OBJECT_ADD 14344536,26656048,-24201.000000,62 
OBJECT_ADD 14348853,26653715,-24201.000000,62 
OBJECT_ADD 14370922,26666591,-24201.000000,62 
OBJECT_ADD 14339509,26660957,-24201.000000,62 
OBJECT_ADD 14353427,26683053,-24201.000000,62 
OBJECT_ADD 14354447,26678362,-24201.000000,62 
OBJECT_ADD 14357694,26679364,-24201.000000,62 
OBJECT_ADD 14345695,26632041,-24201.000000,62 
OBJECT_ADD 14271882,26721342,-24201.000000,62 
OBJECT_ADD 14364699,26672394,-24201.000000,62 
OBJECT_ADD 14346824,26663028,-24201.000000,62 
OBJECT_ADD 14319500,26636223,-24201.000000,62 
OBJECT_ADD 14269694,26728696,-24201.000000,62 
OBJECT_ADD 14289965,26748503,-24201.000000,62 
OBJECT_ADD 14297507,26739523,-24201.000000,62 
OBJECT_ADD 14275924,26742171,-24201.000000,62 
OBJECT_ADD 14277460,26703381,-24201.000000,62 
OBJECT_ADD 14274808,26714296,-24201.000000,62 
OBJECT_ADD 14280517,26742362,-24201.000000,62 
OBJECT_ADD 14285716,26745178,-24201.000000,62 
OBJECT_ADD 14296739,26711883,-24201.000000,62 
OBJECT_ADD 14425947,26773679,-30061.000000,62 
OBJECT_ADD 14433120,26771292,-30061.000000,62 
OBJECT_ADD 14422576,26776851,-30061.000000,62 
OBJECT_ADD 14388230,26778467,-30061.000000,62 
OBJECT_ADD 14382742,26790090,-30061.000000,62 
OBJECT_ADD 14390978,26782296,-30061.000000,62 
OBJECT_ADD 14386870,26795016,-30061.000000,62 
OBJECT_ADD 14397497,26782814,-30061.000000,62 
OBJECT_ADD 14400426,26782805,-30061.000000,62 
OBJECT_ADD 14427345,26789157,-30061.000000,62 
OBJECT_ADD 14392906,26793128,-30061.000000,62 
OBJECT_ADD 14427358,26785704,-30061.000000,62 
OBJECT_ADD 14382222,26771468,-30061.000000,62 
OBJECT_ADD 14379292,26764053,-30061.000000,62 
OBJECT_ADD 14377714,26767085,-30061.000000,62 
OBJECT_ADD 14377111,26769879,-30061.000000,62 
OBJECT_ADD 14379304,26769699,-30061.000000,62 
OBJECT_ADD 14381808,26764306,-30061.000000,62 
OBJECT_ADD 14382780,26761409,-30061.000000,62 
OBJECT_ADD 14389940,26770529,-30061.000000,62 
OBJECT_ADD 14393502,26768700,-30061.000000,62 
OBJECT_ADD 14409327,26753317,-30061.000000,62 
OBJECT_ADD 14413085,26755146,-30061.000000,62 
OBJECT_ADD 14399529,26763934,-30061.000000,62 
OBJECT_ADD 14404423,26764485,-30061.000000,62 
OBJECT_ADD 14376321,26764890,-30061.000000,62 
OBJECT_ADD 14370283,26779289,-30061.000000,62 
OBJECT_ADD 14373707,26782438,-30061.000000,62 
OBJECT_ADD 14373101,26764878,-30061.000000,62 
OBJECT_ADD 14374445,26767380,-30061.000000,62 
OBJECT_ADD 14376968,26753639,-30061.000000,62 
OBJECT_ADD 14416473,26774234,-30061.000000,62 
OBJECT_ADD 14424782,26763077,-30061.000000,62 
OBJECT_ADD 14424665,26769811,-30061.000000,62 
OBJECT_ADD 14374396,26758887,-30061.000000,62 
OBJECT_ADD 14377990,26757317,-30061.000000,62 
OBJECT_ADD 14419241,26779414,-30061.000000,62 
OBJECT_ADD 14409785,26780331,-30061.000000,62 
OBJECT_ADD 14369494,26776717,-30061.000000,62 
OBJECT_ADD 14370607,26768608,-30061.000000,62 
OBJECT_ADD 14369228,26770661,-30061.000000,62 
OBJECT_ADD 14377915,26745584,-30061.000000,62 
OBJECT_ADD 14380673,26743742,-30061.000000,62 
OBJECT_ADD 14393847,26739055,-30061.000000,62 
OBJECT_ADD 14383850,26742343,-30061.000000,62 
OBJECT_ADD 14369150,26766093,-30061.000000,62 
OBJECT_ADD 14374336,26751050,-30061.000000,62 
OBJECT_ADD 14386770,26740460,-30061.000000,62 
OBJECT_ADD 14397244,26741030,-30061.000000,62 
OBJECT_ADD 14400191,26741153,-30061.000000,62 
OBJECT_ADD 14403588,26741578,-30061.000000,62 
OBJECT_ADD 14398021,26756266,-30061.000000,62 
OBJECT_ADD 14366059,26779737,-30061.000000,62 
OBJECT_ADD 14366498,26781824,-30061.000000,62 
OBJECT_ADD 14377002,26789436,-30061.000000,62 
OBJECT_ADD 14343487,26784585,0.000000,62 
OBJECT_ADD 14330664,26778162,0.000000,62 
OBJECT_ADD 14354866,26756014,0.000000,62 
OBJECT_ADD 14356747,26759880,0.000000,62 
OBJECT_ADD 14351886,26780476,0.000000,62 
OBJECT_ADD 14346981,26786726,0.000000,62 
OBJECT_ADD 14354177,26775918,0.000000,62 
OBJECT_ADD 14315174,26756438,0.000000,62 
OBJECT_ADD 14324603,26769956,0.000000,62 
OBJECT_ADD 14361254,26783593,0.000000,62 
OBJECT_ADD 14327817,26773658,0.000000,62 
OBJECT_ADD 14335975,26776719,0.000000,62 
OBJECT_ADD 14334203,26758328,0.000000,62 
OBJECT_ADD 14391599,26989513,0.000000,62 
OBJECT_ADD 14415481,26982861,0.000000,62 
OBJECT_ADD 14428855,26984570,0.000000,62 
OBJECT_ADD 14429365,26993905,0.000000,62 
OBJECT_ADD 14431943,26986118,0.000000,62 
OBJECT_ADD 14426533,26971479,0.000000,62 
OBJECT_ADD 14406996,26970994,0.000000,62 
OBJECT_ADD 14408442,26967402,0.000000,62 
OBJECT_ADD 14401501,26990689,0.000000,62 
OBJECT_ADD 14341570,26998516,0.000000,62 
OBJECT_ADD 14344844,26987416,0.000000,62 
OBJECT_ADD 14329060,26979743,0.000000,62 
OBJECT_ADD 14299874,26974526,0.000000,62 
OBJECT_ADD 14307120,27002239,0.000000,62 
OBJECT_ADD 14323923,26981352,0.000000,62 
OBJECT_ADD 14279380,26994905,0.000000,62 
OBJECT_ADD 14278651,26990818,0.000000,62 
OBJECT_ADD 14307329,26998856,0.000000,62 
OBJECT_ADD 14306378,26995349,0.000000,62 
OBJECT_ADD 14295614,27005210,0.000000,62 
OBJECT_ADD 14297746,26984159,0.000000,62 
OBJECT_ADD 14429623,27032958,-17.000000,62 
OBJECT_ADD 14434824,27035727,-17.000000,62 
OBJECT_ADD 14436986,27039481,-17.000000,62 
OBJECT_ADD 14426488,27017641,-17.000000,62 
OBJECT_ADD 14433296,27011463,-71.000000,63 
OBJECT_ADD 14413369,27006368,-17.000000,62 
OBJECT_ADD 14418875,27014238,-17.000000,62 
OBJECT_ADD 14429396,27014555,-17.000000,62 
OBJECT_ADD 14436010,27013025,-17.000000,62 
OBJECT_ADD 14426714,27045397,-17.000000,62 
OBJECT_ADD 14425575,27048393,-17.000000,62 
OBJECT_ADD 14425164,27031847,-17.000000,62 
OBJECT_ADD 14417932,27009713,-17.000000,62 
OBJECT_ADD 14367198,27027864,-17.000000,62 
OBJECT_ADD 14431926,27010743,-17.000000,62 
OBJECT_ADD 14432107,27016564,-17.000000,62 
OBJECT_ADD 14375823,27009863,0.000000,62 
OBJECT_ADD 14376065,27013498,0.000000,62 
OBJECT_ADD 14349858,27029306,0.000000,62 
OBJECT_ADD 14391394,26983752,0.000000,62 
OBJECT_ADD 14380720,26986593,0.000000,62 
OBJECT_ADD 14378518,27017052,0.000000,62 
OBJECT_ADD 14384391,27009256,0.000000,62 
OBJECT_ADD 14383968,27005077,0.000000,62 
OBJECT_ADD 14374841,27019556,0.000000,62 
OBJECT_ADD 14379844,26992236,0.000000,62 
OBJECT_ADD 14392838,27001167,0.000000,62 
OBJECT_ADD 14368378,27021368,0.000000,62 
OBJECT_ADD 14379961,27003376,0.000000,62 
OBJECT_ADD 14422166,26989369,0.000000,62 
OBJECT_ADD 14415666,26986214,0.000000,62 
OBJECT_ADD 14339627,27021279,0.000000,62 
OBJECT_ADD 14339336,27007789,0.000000,62 
OBJECT_ADD 14327559,26976067,0.000000,62 
OBJECT_ADD 14361138,26986737,0.000000,62 
OBJECT_ADD 14349624,26981040,0.000000,62 
OBJECT_ADD 14345468,26981423,0.000000,62 
OBJECT_ADD 14338160,27000216,0.000000,62 
OBJECT_ADD 14325278,27004068,0.000000,62 
OBJECT_ADD 14324694,26977592,0.000000,62 
OBJECT_ADD 14334538,27006086,0.000000,62 
OBJECT_ADD 14304129,26981701,0.000000,62 
OBJECT_ADD 14294254,26978783,0.000000,62 
OBJECT_ADD 14288801,26974970,0.000000,62 
OBJECT_ADD 14262491,27013010,0.000000,62 
OBJECT_ADD 14324181,26740761,-24201.000000,62 
OBJECT_ADD 14320339,26742390,-24201.000000,62 
OBJECT_ADD 14319166,26735455,-24201.000000,62 
OBJECT_ADD 14316189,26737090,-24201.000000,62 
OBJECT_ADD 14361724,26769118,-30061.000000,62 
OBJECT_ADD 14363415,26771972,-30061.000000,62 
OBJECT_ADD 14360663,26781324,-30061.000000,62 
OBJECT_ADD 14361073,26783363,-30061.000000,62 
OBJECT_ADD 14565147,26992548,73.000000,62 
OBJECT_ADD 14553831,27005456,73.000000,62 
OBJECT_ADD 14561701,26999951,73.000000,62 
OBJECT_ADD 14579309,26993662,73.000000,62 
OBJECT_ADD 14557176,27000894,73.000000,62 
OBJECT_ADD 14552327,27000238,73.000000,62 
OBJECT_ADD 14460680,26995090,0.000000,62 
OBJECT_ADD 14463894,27000237,0.000000,62 
OBJECT_ADD 14523989,27008539,0.000000,62 
OBJECT_ADD 14493243,26958494,0.000000,62 
OBJECT_ADD 14509671,27007113,0.000000,62 
OBJECT_ADD 14517096,27016324,0.000000,62 
OBJECT_ADD 14500780,26946818,0.000000,62 
OBJECT_ADD 14496155,26951924,0.000000,62 
OBJECT_ADD 14511139,27015032,0.000000,62 
OBJECT_ADD 14488102,26945693,0.000000,62 
OBJECT_ADD 14469032,26956139,0.000000,62 
OBJECT_ADD 14500728,27010358,0.000000,62 
OBJECT_ADD 14512590,26964646,0.000000,62 
OBJECT_ADD 14517502,27009892,0.000000,62 
OBJECT_ADD 14506748,26973686,0.000000,62 
OBJECT_ADD 14504084,26972122,0.000000,62 
OBJECT_ADD 14513862,27008552,0.000000,62 
OBJECT_ADD 14457486,26963629,0.000000,62 
OBJECT_ADD 14503382,26980407,0.000000,62 
OBJECT_ADD 14491518,26958867,0.000000,62 
OBJECT_ADD 14494875,26975889,0.000000,62 
OBJECT_ADD 14477124,26988787,0.000000,62 
OBJECT_ADD 14481741,26985003,0.000000,62 
OBJECT_ADD 14464940,26953463,0.000000,62 
OBJECT_ADD 14448617,26978246,0.000000,62 
OBJECT_ADD 14452644,26985931,0.000000,62 
OBJECT_ADD 14511863,26948609,0.000000,62 
OBJECT_ADD 14514099,26946626,0.000000,62 
OBJECT_ADD 14510648,26976691,0.000000,62 
OBJECT_ADD 14508634,26962348,0.000000,62 
OBJECT_ADD 14474677,26950457,0.000000,62 
OBJECT_ADD 14459142,26971531,0.000000,62 
OBJECT_ADD 14474961,26993530,0.000000,62 
OBJECT_ADD 14456512,26979397,0.000000,62 
OBJECT_ADD 14505862,26979999,0.000000,62 
OBJECT_ADD 14504908,26983608,0.000000,62 
OBJECT_ADD 14471692,26953179,0.000000,62 
OBJECT_ADD 14461140,26967504,0.000000,62 
OBJECT_ADD 14518257,26964393,0.000000,62 
OBJECT_ADD 14510430,27002437,0.000000,62 
OBJECT_ADD 14513069,26998772,0.000000,62 
OBJECT_ADD 14507376,26962576,0.000000,62 
OBJECT_ADD 14454696,26965993,0.000000,62 
OBJECT_ADD 14488813,26993427,0.000000,62 
OBJECT_ADD 14497854,26947541,0.000000,62 
OBJECT_ADD 14467172,26956136,0.000000,62 
OBJECT_ADD 14522530,26965892,0.000000,62 
OBJECT_ADD 14523654,26954665,0.000000,62 
OBJECT_ADD 14515386,26957053,0.000000,62 
OBJECT_ADD 14515890,26954607,0.000000,62 
OBJECT_ADD 14507101,26951869,0.000000,62 
OBJECT_ADD 14435405,26981307,0.000000,62 
OBJECT_ADD 14436560,26978292,0.000000,62 
OBJECT_ADD 14592860,26992111,73.000000,62 
OBJECT_ADD 14595856,26993250,73.000000,62 
OBJECT_ADD 14521173,26992500,0.000000,62 
OBJECT_ADD 14522914,26988526,0.000000,62 
OBJECT_ADD 14476307,27013745,0.000000,62 
OBJECT_ADD 14523922,26984602,0.000000,62 
OBJECT_ADD 14483690,26993960,0.000000,62 
OBJECT_ADD 14452862,27001169,0.000000,62 
OBJECT_ADD 14488394,27019109,0.000000,62 
OBJECT_ADD 14480427,26999306,0.000000,62 
OBJECT_ADD 14458669,27024511,-17.000000,62 
OBJECT_ADD 14443955,27015208,-17.000000,62 
OBJECT_ADD 14469462,27022025,-17.000000,62 
OBJECT_ADD 14439788,27018436,-17.000000,62 
OBJECT_ADD 14439546,27036438,-17.000000,62 
OBJECT_ADD 14488681,27050040,-60.000000,63 
OBJECT_ADD 14449043,27078312,6.000000,63 
OBJECT_ADD 14395894,27024144,-17.000000,62 
OBJECT_ADD 14401218,27027805,-17.000000,62 
OBJECT_ADD 14405793,27032159,-17.000000,62 
OBJECT_ADD 14394361,27028653,-17.000000,62 
OBJECT_ADD 14396779,27032388,-17.000000,62 
OBJECT_ADD 14401188,27038872,-17.000000,62 
OBJECT_ADD 14433278,27050794,-17.000000,62 
OBJECT_ADD 14459808,27049162,-17.000000,62 
OBJECT_ADD 14442880,27042112,-17.000000,62 
OBJECT_ADD 14448670,27044221,-17.000000,62 
OBJECT_ADD 14389807,27037855,-17.000000,62 
OBJECT_ADD 14515476,27032411,-17.000000,62 
OBJECT_ADD 14529112,27033934,-17.000000,62 
OBJECT_ADD 14495492,27031457,-17.000000,62 
OBJECT_ADD 14446799,27010107,-17.000000,62 
OBJECT_ADD 14489950,27043949,-17.000000,62 
OBJECT_ADD 14524136,27044093,-17.000000,62 
OBJECT_ADD 14520277,27067754,-17.000000,62 
OBJECT_ADD 14474925,27037084,-17.000000,62 
OBJECT_ADD 14484926,27054209,-17.000000,62 
OBJECT_ADD 14511068,27064907,-17.000000,62 
OBJECT_ADD 14518235,27059901,-17.000000,62 
OBJECT_ADD 14517427,27070148,-17.000000,62 
OBJECT_ADD 14489496,27035521,-60.000000,63 
OBJECT_ADD 14437701,27034347,-71.000000,63 
OBJECT_ADD 14528187,27063272,-17.000000,62 
OBJECT_ADD 14466451,27007720,-17.000000,62 
OBJECT_ADD 14512854,27072396,-17.000000,62 
OBJECT_ADD 14477791,27051470,-17.000000,62 
OBJECT_ADD 14446706,27010048,-17.000000,62 
OBJECT_ADD 14524739,27067781,-17.000000,62 
OBJECT_ADD 14469986,27045212,-17.000000,62 
OBJECT_ADD 14520764,27071137,-17.000000,62 
OBJECT_ADD 14471587,27030732,-60.000000,63 
OBJECT_ADD 14446000,27019310,6.000000,63 
OBJECT_ADD 14388497,27042278,-17.000000,62 
OBJECT_ADD 14424782,27053555,-17.000000,62 
OBJECT_ADD 14423623,26998335,-17.000000,62 
OBJECT_ADD 14418627,26998548,-17.000000,62 
OBJECT_ADD 14505380,27013401,-17.000000,62 
OBJECT_ADD 14535421,27023080,-17.000000,62 
OBJECT_ADD 14525839,27039086,-17.000000,62 
OBJECT_ADD 14415428,26992689,-17.000000,62 
OBJECT_ADD 14537515,27019170,-17.000000,62 
OBJECT_ADD 14532901,27028324,-17.000000,62 
OBJECT_ADD 14520294,27040279,-17.000000,62 
OBJECT_ADD 14383642,27040604,-17.000000,62 
OBJECT_ADD 14496408,27012625,-17.000000,62 
OBJECT_ADD 14486796,26981623,-60.000000,63 
OBJECT_ADD 14496643,27006059,-71.000000,63 
OBJECT_ADD 14498808,27025666,6.000000,63 
OBJECT_ADD 14462452,27052435,-17.000000,62 
OBJECT_ADD 14378474,27041602,-17.000000,62 
OBJECT_ADD 14371329,27026224,-17.000000,62 
OBJECT_ADD 14464656,27048440,-17.000000,62 
OBJECT_ADD 14454147,27046931,-17.000000,62 
OBJECT_ADD 14481227,27038901,-17.000000,62 
OBJECT_ADD 14453753,27042181,-17.000000,62 
OBJECT_ADD 14456865,27039214,-17.000000,62 
OBJECT_ADD 14451778,27036725,-17.000000,62 
OBJECT_ADD 14475722,27022846,-17.000000,62 
OBJECT_ADD 14474010,27015502,-17.000000,62 
OBJECT_ADD 14456618,27010269,-17.000000,62 
OBJECT_ADD 14463019,27000846,-17.000000,62 
OBJECT_ADD 14472316,27036233,-17.000000,62 
OBJECT_ADD 14452786,27038011,-60.000000,63 
OBJECT_ADD 14454959,27017228,-71.000000,63 
OBJECT_ADD 14443329,26999962,6.000000,63 
OBJECT_ADD 14580704,26723567,-15848.000000,62 
OBJECT_ADD 14593829,26733275,-15848.000000,62 
OBJECT_ADD 14584146,26731086,-15871.000000,62 
OBJECT_ADD 14581894,26735145,-15871.000000,62 
OBJECT_ADD 14589382,26731609,-15871.000000,62 
OBJECT_ADD 14598503,26733665,-15871.000000,62 
OBJECT_ADD 14604055,26736144,-15871.000000,62 
OBJECT_ADD 14602526,26731962,-15871.000000,62 
OBJECT_ADD 14607670,26730312,-15848.000000,62 
OBJECT_ADD 14611848,26739485,-15848.000000,62 
OBJECT_ADD 14612228,26729388,-15848.000000,62 
OBJECT_ADD 14617762,26734621,-15848.000000,62 
OBJECT_ADD 14636348,26737681,-15848.000000,62 
OBJECT_ADD 14626755,26728974,-15848.000000,62 
OBJECT_ADD 14619642,26727170,-15848.000000,62 
OBJECT_ADD 14618848,26740780,-15848.000000,62 
OBJECT_ADD 14668557,26728735,-15848.000000,62 
OBJECT_ADD 14664183,26741032,-15848.000000,62 
OBJECT_ADD 14658376,26735818,-15848.000000,62 
OBJECT_ADD 14631115,26742307,-15848.000000,62 
OBJECT_ADD 14642113,26734282,-15848.000000,62 
OBJECT_ADD 14661748,26721481,-15848.000000,62 
OBJECT_ADD 14644465,26729210,-15848.000000,62 
OBJECT_ADD 14647347,26730772,-15848.000000,62 
OBJECT_ADD 14585234,26708039,-15848.000000,62 
OBJECT_ADD 14590243,26704166,-15848.000000,62 
OBJECT_ADD 14668321,26746079,-15848.000000,62 
OBJECT_ADD 14596076,26758347,-15871.000000,62 
OBJECT_ADD 14588423,26753872,-15848.000000,62 
OBJECT_ADD 14579980,26766429,-15871.000000,62 
OBJECT_ADD 14584015,26762656,-15871.000000,62 
OBJECT_ADD 14576448,26737798,-15871.000000,62 
OBJECT_ADD 14652040,26767510,-15914.000000,63 
OBJECT_ADD 14584943,26760940,-15925.000000,63 
OBJECT_ADD 14593511,26772962,-15848.000000,63 
OBJECT_ADD 14624126,26773132,-15848.000000,62 
OBJECT_ADD 14608540,26760398,-15848.000000,62 
OBJECT_ADD 14602727,26776717,-15848.000000,62 
OBJECT_ADD 14615778,26742583,-15848.000000,62 
OBJECT_ADD 14599223,26814341,-15848.000000,62 
OBJECT_ADD 14615435,26819894,-15848.000000,62 
OBJECT_ADD 14602248,26785040,-15848.000000,62 
OBJECT_ADD 14652811,26758065,-15848.000000,62 
OBJECT_ADD 14635855,26756614,-15848.000000,62 
OBJECT_ADD 14610045,26747606,-15848.000000,62 
OBJECT_ADD 14618768,26762902,-15848.000000,62 
OBJECT_ADD 14648369,26746286,-15848.000000,62 
OBJECT_ADD 14631481,26774061,-15848.000000,62 
OBJECT_ADD 14612937,26778324,-15938.000000,62 
OBJECT_ADD 14615274,26786404,-15938.000000,62 
OBJECT_ADD 14637504,26811602,-15938.000000,62 
OBJECT_ADD 14607891,26765867,-15961.000000,62 
OBJECT_ADD 14589498,26766479,-15961.000000,62 
OBJECT_ADD 14644571,26777664,-15961.000000,62 
OBJECT_ADD 14679091,26798755,-15961.000000,62 
OBJECT_ADD 14669596,26762090,-15938.000000,62 
OBJECT_ADD 14632274,26764682,-15938.000000,62 
OBJECT_ADD 14631582,26786486,-15938.000000,62 
OBJECT_ADD 14594988,26776835,-15938.000000,62 
OBJECT_ADD 14646955,26774199,-15938.000000,62 
OBJECT_ADD 14620146,26796420,-15938.000000,62 
OBJECT_ADD 14636879,26801568,-15938.000000,62 
OBJECT_ADD 14608363,26719115,-15938.000000,62 
OBJECT_ADD 14604889,26723473,-15938.000000,62 
OBJECT_ADD 14589435,26726090,-15938.000000,62 
OBJECT_ADD 14623593,26735620,-15938.000000,62 
OBJECT_ADD 14569136,26732133,-15848.000000,62 
OBJECT_ADD 14572723,26758802,-15871.000000,62 
OBJECT_ADD 14573406,26733273,-15871.000000,62 
OBJECT_ADD 14570520,26745621,-15871.000000,62 
OBJECT_ADD 14561585,26738300,-15848.000000,62 
OBJECT_ADD 14565986,26738076,-15848.000000,62 
OBJECT_ADD 14557648,26736958,-15848.000000,62 
OBJECT_ADD 14599032,26738676,-15848.000000,62 
OBJECT_ADD 14592245,26737063,-15848.000000,62 
OBJECT_ADD 14584763,26735867,-15848.000000,62 
OBJECT_ADD 14588702,26773946,-15848.000000,62 
OBJECT_ADD 14571014,26708364,-15848.000000,62 
OBJECT_ADD 14573151,26712786,-15848.000000,62 
OBJECT_ADD 14575279,26720232,-15848.000000,62 
OBJECT_ADD 14575096,26726281,-15848.000000,62 
OBJECT_ADD 14566009,26723944,-15938.000000,62 
OBJECT_ADD 14560302,26743847,-15938.000000,62 
OBJECT_ADD 14568349,26754475,-15938.000000,62 
OBJECT_ADD 14585381,26769844,-15938.000000,62 
OBJECT_ADD 14573374,26765055,-15938.000000,62 
OBJECT_ADD 14571974,26960156,73.000000,62 
OBJECT_ADD 14562670,26974870,73.000000,62 
OBJECT_ADD 14569488,26949364,73.000000,62 
OBJECT_ADD 14565898,26979037,73.000000,62 
OBJECT_ADD 14580531,26988928,73.000000,62 
OBJECT_ADD 14583901,26979280,73.000000,62 
OBJECT_ADD 14583190,26984001,73.000000,62 
OBJECT_ADD 14582534,27018609,73.000000,62 
OBJECT_ADD 14586167,27027030,73.000000,62 
OBJECT_ADD 14610830,26942416,73.000000,62 
OBJECT_ADD 14588326,26970510,73.000000,62 
OBJECT_ADD 14586944,26981840,73.000000,62 
OBJECT_ADD 14589574,26975945,73.000000,62 
OBJECT_ADD 14582949,27012138,73.000000,62 
OBJECT_ADD 14594566,26983649,73.000000,62 
OBJECT_ADD 14577895,27024014,73.000000,62 
OBJECT_ADD 14577753,27013740,73.000000,62 
OBJECT_ADD 14557431,26972063,73.000000,62 
OBJECT_ADD 14574664,27017397,73.000000,62 
OBJECT_ADD 14601575,26986453,73.000000,62 
OBJECT_ADD 14571646,26933017,73.000000,62 
OBJECT_ADD 14581422,26935076,73.000000,62 
OBJECT_ADD 14585595,26931684,30.000000,63 
OBJECT_ADD 14581810,26981125,19.000000,63 
OBJECT_ADD 14553406,26952379,73.000000,62 
OBJECT_ADD 14590123,26941716,73.000000,62 
OBJECT_ADD 14557511,26972119,73.000000,62 
OBJECT_ADD 14588540,26939162,73.000000,62 
OBJECT_ADD 14578195,26947239,30.000000,63 
OBJECT_ADD 14559482,26989044,19.000000,63 
OBJECT_ADD 14566773,26972825,96.000000,63 
OBJECT_ADD 14572198,27022143,73.000000,62 
OBJECT_ADD 14546886,26990120,73.000000,62 
OBJECT_ADD 14546603,26997778,73.000000,62 
OBJECT_ADD 14584950,26935895,73.000000,62 
OBJECT_ADD 14581852,26937862,73.000000,62 
OBJECT_ADD 14621521,26958642,73.000000,62 
OBJECT_ADD 14608570,26979823,73.000000,62 
OBJECT_ADD 14599949,26991891,73.000000,62 
OBJECT_ADD 14605640,26947611,73.000000,62 
OBJECT_ADD 14523456,26963583,73.000000,62 
OBJECT_ADD 14524586,26951661,30.000000,63 
OBJECT_ADD 14558871,26940415,19.000000,63 
OBJECT_ADD 14569455,26920297,96.000000,63 
OBJECT_ADD 14562018,26989429,73.000000,62 
OBJECT_ADD 14561720,26982091,73.000000,62 
OBJECT_ADD 14580263,26941346,73.000000,62 
OBJECT_ADD 14589644,26965073,73.000000,62 
OBJECT_ADD 14558206,26986900,73.000000,62 
OBJECT_ADD 14586643,26962100,73.000000,62 
OBJECT_ADD 14585781,26965379,73.000000,62 
OBJECT_ADD 14570649,26937510,73.000000,62 
OBJECT_ADD 14556386,26948143,73.000000,62 
OBJECT_ADD 14557108,26956663,73.000000,62 
OBJECT_ADD 14553400,26957278,73.000000,62 
OBJECT_ADD 14577902,26939159,73.000000,62 
OBJECT_ADD 14565261,26987531,73.000000,62 
OBJECT_ADD 14585474,26966039,30.000000,63 
OBJECT_ADD 14550643,26964166,19.000000,63 
OBJECT_ADD 14569725,26944599,96.000000,63 
OBJECT_ADD 14545467,26940404,0.000000,62 
OBJECT_ADD 14535166,26941568,0.000000,62 
OBJECT_ADD 14593063,26990872,0.000000,62 
OBJECT_ADD 14550700,26932476,0.000000,62 
OBJECT_ADD 14589187,26989890,0.000000,62 
OBJECT_ADD 14575996,26997947,0.000000,62 
OBJECT_ADD 14550738,26974296,0.000000,62 
OBJECT_ADD 14543462,26970875,0.000000,62 
OBJECT_ADD 14543197,26945387,0.000000,62 
OBJECT_ADD 14540483,26941832,0.000000,62 
OBJECT_ADD 14536973,26955711,0.000000,62 
OBJECT_ADD 14536624,26944203,0.000000,62 
OBJECT_ADD 14542907,26951397,0.000000,62 
OBJECT_ADD 14597565,26930136,30.000000,63 
OBJECT_ADD 14625775,26969783,96.000000,63 
OBJECT_ADD 14541826,26960701,73.000000,62 
OBJECT_ADD 14603145,26914010,73.000000,62 
OBJECT_ADD 14596900,26980474,73.000000,62 
OBJECT_ADD 14596612,26958917,73.000000,62 
OBJECT_ADD 14592022,26970420,73.000000,62 
OBJECT_ADD 14603649,26938955,73.000000,62 
OBJECT_ADD 14598441,26927765,73.000000,62 
OBJECT_ADD 14594221,26927618,73.000000,62 
OBJECT_ADD 14596226,26932124,73.000000,62 
OBJECT_ADD 14592526,26938009,73.000000,62 
OBJECT_ADD 14598933,26941035,73.000000,62 
OBJECT_ADD 14594579,26943229,73.000000,62 
OBJECT_ADD 14591443,26945302,73.000000,62 
OBJECT_ADD 14602434,26923206,73.000000,62 
OBJECT_ADD 14606227,26919115,73.000000,62 
OBJECT_ADD 14609545,26929323,73.000000,62 
OBJECT_ADD 14599898,26956373,73.000000,62 
OBJECT_ADD 14601271,26949310,73.000000,62 
OBJECT_ADD 14596687,26949420,73.000000,62 
OBJECT_ADD 14595803,26954182,73.000000,62 
OBJECT_ADD 14594393,26964679,73.000000,62 
OBJECT_ADD 14575547,26788887,-15848.000000,62 
OBJECT_ADD 14572555,26783831,-15848.000000,62 
OBJECT_ADD 14701356,26767543,-15938.000000,62 
OBJECT_ADD 14692894,26728507,-15938.000000,62 
OBJECT_ADD 14702518,26732097,-15938.000000,62 
OBJECT_ADD 14720802,26734530,-15938.000000,62 
OBJECT_ADD 14602207,26811056,-15938.000000,62 
OBJECT_ADD 14725770,26740250,-15938.000000,62 
OBJECT_ADD 14631122,26726838,-15938.000000,62 
OBJECT_ADD 14682860,26742560,-15938.000000,62 
OBJECT_ADD 14648030,26739370,-15938.000000,62 
OBJECT_ADD 14718250,26776324,-15938.000000,62 
OBJECT_ADD 14656701,26740410,-15938.000000,62 
OBJECT_ADD 14652418,26834549,-15938.000000,62 
OBJECT_ADD 14607313,26812173,-15938.000000,62 
OBJECT_ADD 14713878,26770675,-15938.000000,62 
OBJECT_ADD 14627920,26827376,-15938.000000,62 
OBJECT_ADD 14614634,26817756,-15938.000000,62 
OBJECT_ADD 14641891,26837542,-15938.000000,62 
OBJECT_ADD 14631371,26825814,-15938.000000,62 
OBJECT_ADD 14624204,26827319,-15938.000000,62 
OBJECT_ADD 14710023,26741356,-15938.000000,62 
OBJECT_ADD 14692668,26787310,-15938.000000,62 
OBJECT_ADD 14649291,26819580,-15938.000000,62 
OBJECT_ADD 14698240,26742048,-15938.000000,62 
OBJECT_ADD 14643361,26834285,-15961.000000,62 
OBJECT_ADD 14598176,26812665,-15961.000000,62 
OBJECT_ADD 14678616,26804744,-15961.000000,62 
OBJECT_ADD 14680510,26794293,-15961.000000,62 
OBJECT_ADD 14688788,26745201,-15961.000000,62 
OBJECT_ADD 14693827,26792135,-15961.000000,62 
OBJECT_ADD 14648943,26830467,-15961.000000,62 
OBJECT_ADD 14673931,26770325,-15961.000000,62 
OBJECT_ADD 14697709,26794398,-15961.000000,62 
OBJECT_ADD 14625915,26816334,-16004.000000,63 
OBJECT_ADD 14623345,26794534,-16015.000000,63 
OBJECT_ADD 14617253,26791131,-15938.000000,63 
OBJECT_ADD 14704677,26867127,-15938.000000,62 
OBJECT_ADD 14656477,26841132,-15938.000000,62 
OBJECT_ADD 14679360,26856249,-15938.000000,62 
OBJECT_ADD 14677880,26866154,-15938.000000,62 
OBJECT_ADD 14662780,26844637,-15938.000000,62 
OBJECT_ADD 14667145,26845449,-15938.000000,62 
OBJECT_ADD 14666092,26835577,-15938.000000,62 
OBJECT_ADD 14680086,26843770,-15938.000000,62 
OBJECT_ADD 14680405,26831979,-15938.000000,62 
OBJECT_ADD 14673576,26834895,-15938.000000,62 
OBJECT_ADD 14681785,26848283,-15938.000000,62 
OBJECT_ADD 14683381,26839557,-15938.000000,62 
OBJECT_ADD 14679020,26826930,-15938.000000,62 
OBJECT_ADD 14598329,26816002,-15938.000000,62 
OBJECT_ADD 14641921,26718839,-15938.000000,62 
OBJECT_ADD 14652516,26807798,-15938.000000,62 
OBJECT_ADD 14624732,26793910,-15938.000000,62 
OBJECT_ADD 14677376,26737766,-15938.000000,62 
OBJECT_ADD 14678549,26742277,-15938.000000,62 
OBJECT_ADD 14650710,26867241,-15938.000000,62 
OBJECT_ADD 14724602,26816727,-15938.000000,62 
OBJECT_ADD 14692289,26782847,-15938.000000,62 
OBJECT_ADD 14684623,26866740,-15938.000000,62 
OBJECT_ADD 14625342,26864041,-15938.000000,62 
OBJECT_ADD 14644808,26863806,-15938.000000,62 
OBJECT_ADD 14697471,26787131,-15938.000000,62 
OBJECT_ADD 14679852,26790215,-15938.000000,62 
OBJECT_ADD 14623030,26870170,-15938.000000,62 
OBJECT_ADD 14679334,26871452,-15938.000000,62 
OBJECT_ADD 14655904,26868878,-15938.000000,62 
OBJECT_ADD 14648322,26860494,-15938.000000,62 
OBJECT_ADD 14677805,26820070,-15938.000000,62 
OBJECT_ADD 14570714,26786890,-15938.000000,62 
OBJECT_ADD 14569349,26800594,-15938.000000,62 
OBJECT_ADD 14576306,26746653,-15848.000000,62 
OBJECT_ADD 14702984,26839032,-15848.000000,62 
OBJECT_ADD 14609103,26734433,-15848.000000,62 
OBJECT_ADD 14645439,26849094,-15938.000000,62 
OBJECT_ADD 14640294,26817011,-15938.000000,62 
OBJECT_ADD 14653853,26754971,-15938.000000,62 
OBJECT_ADD 14637362,26763468,-15938.000000,62 
OBJECT_ADD 14614665,26764652,-15938.000000,62 
OBJECT_ADD 14633756,26773849,-15938.000000,62 
OBJECT_ADD 14632194,26792968,-15938.000000,62 
OBJECT_ADD 14628736,26858496,-15938.000000,62 
OBJECT_ADD 14554985,26830581,-15938.000000,62 
OBJECT_ADD 14548745,26838834,-15938.000000,62 
OBJECT_ADD 14573411,26758856,-15938.000000,62 
OBJECT_ADD 14538883,26858015,-15938.000000,62 
OBJECT_ADD 14649251,26801462,-15938.000000,62 
OBJECT_ADD 14644498,26851061,-15938.000000,62 
OBJECT_ADD 14650831,26822614,-15938.000000,62 
