OBJECT_ADD 37350201,34074487,-107.000000,62 
OBJECT_ADD 37331737,34119811,-107.000000,62 
OBJECT_ADD 37343004,34105182,-107.000000,62 
OBJECT_ADD 37335921,34130674,-107.000000,62 
OBJECT_ADD 37338049,34101041,-107.000000,62 
OBJECT_ADD 37320056,34100540,-107.000000,62 
OBJECT_ADD 37321792,34096704,-107.000000,62 
OBJECT_ADD 37315740,34109494,-107.000000,62 
OBJECT_ADD 37307419,34121026,-107.000000,62 
OBJECT_ADD 37318143,34099043,-107.000000,62 
OBJECT_ADD 37315845,34104094,-107.000000,62 
OBJECT_ADD 37311977,34111860,-107.000000,62 
OBJECT_ADD 37346602,34107877,-107.000000,62 
OBJECT_ADD 37322153,34098697,-161.000000,63 
OBJECT_ADD 37338815,34087274,-107.000000,62 
OBJECT_ADD 37350864,34127632,-107.000000,62 
OBJECT_ADD 37346615,34107850,-107.000000,62 
OBJECT_ADD 37321772,34165593,-107.000000,62 
OBJECT_ADD 37326867,34132763,-150.000000,63 
OBJECT_ADD 37344550,34090900,-161.000000,63 
OBJECT_ADD 37337257,34107119,-84.000000,63 
OBJECT_ADD 37342115,34079623,-107.000000,62 
OBJECT_ADD 37341856,34090107,-107.000000,62 
OBJECT_ADD 37343531,34096971,-107.000000,62 
OBJECT_ADD 37309814,34123831,-107.000000,62 
OBJECT_ADD 37310345,34115343,-107.000000,62 
OBJECT_ADD 37313922,34113653,-107.000000,62 
OBJECT_ADD 37346859,34079051,-107.000000,62 
OBJECT_ADD 37351705,34079703,-107.000000,62 
OBJECT_ADD 37345825,34093042,-107.000000,62 
OBJECT_ADD 37318115,34117246,-107.000000,62 
OBJECT_ADD 37318252,34114567,-107.000000,62 
OBJECT_ADD 37349443,34131901,-107.000000,62 
OBJECT_ADD 37346924,34123282,-107.000000,62 
OBJECT_ADD 37351990,34122859,-107.000000,62 
OBJECT_ADD 37339187,34092831,-107.000000,62 
OBJECT_ADD 37318555,34113905,-150.000000,63 
OBJECT_ADD 37353390,34115778,-161.000000,63 
OBJECT_ADD 37334111,34135294,-84.000000,63 
OBJECT_ADD 37268534,34155282,-150.000000,63 
OBJECT_ADD 37262315,34110349,-107.000000,62 
OBJECT_ADD 37245835,34137231,-107.000000,62 
OBJECT_ADD 37240487,34128148,-107.000000,62 
OBJECT_ADD 37315739,34169797,-107.000000,62 
OBJECT_ADD 37233753,34129568,-107.000000,62 
OBJECT_ADD 37234922,34125447,-107.000000,62 
OBJECT_ADD 37318446,34167145,-107.000000,62 
OBJECT_ADD 37266616,34151490,-107.000000,62 
OBJECT_ADD 37277568,34131467,-107.000000,62 
OBJECT_ADD 37348612,34132169,-107.000000,62 
OBJECT_ADD 37333750,34138247,-107.000000,62 
OBJECT_ADD 37331714,34148702,-107.000000,62 
OBJECT_ADD 37322612,34144866,-107.000000,62 
OBJECT_ADD 37303960,34142992,-107.000000,62 
OBJECT_ADD 37305592,34152177,-107.000000,62 
OBJECT_ADD 37265495,34151054,-107.000000,62 
OBJECT_ADD 37279841,34124463,-107.000000,62 
OBJECT_ADD 37320219,34151708,-150.000000,63 
OBJECT_ADD 37290312,34127449,-107.000000,62 
OBJECT_ADD 37291229,34124265,-107.000000,62 
OBJECT_ADD 37299141,34153747,-107.000000,62 
OBJECT_ADD 37284581,34122721,-107.000000,62 
OBJECT_ADD 37301613,34156755,-107.000000,62 
OBJECT_ADD 37298453,34159533,-107.000000,62 
OBJECT_ADD 37286858,34138490,-107.000000,62 
OBJECT_ADD 37281685,34174601,-107.000000,62 
OBJECT_ADD 37342383,34167787,-107.000000,62 
OBJECT_ADD 37347785,34167534,-107.000000,62 
OBJECT_ADD 37319084,34144046,-107.000000,62 
OBJECT_ADD 37322181,34142080,-107.000000,62 
OBJECT_ADD 37331926,34161688,-107.000000,62 
OBJECT_ADD 37334095,34165125,-107.000000,62 
OBJECT_ADD 37336949,34162979,-107.000000,62 
OBJECT_ADD 37266930,34172701,-107.000000,62 
OBJECT_ADD 37335391,34159253,-107.000000,62 
OBJECT_ADD 37353952,34160885,-161.000000,63 
OBJECT_ADD 37334575,34159644,-84.000000,63 
OBJECT_ADD 37323767,34138597,-107.000000,62 
OBJECT_ADD 37333381,34142433,-107.000000,62 
OBJECT_ADD 37326131,34140784,-107.000000,62 
OBJECT_ADD 37256232,34145124,0.000000,62 
OBJECT_ADD 37262276,34137440,0.000000,62 
OBJECT_ADD 37256166,34127643,0.000000,62 
OBJECT_ADD 37257786,34121402,0.000000,62 
OBJECT_ADD 37281130,34125278,0.000000,62 
OBJECT_ADD 37276381,34127187,0.000000,62 
OBJECT_ADD 37264133,34139426,0.000000,62 
OBJECT_ADD 37272044,34125539,0.000000,62 
OBJECT_ADD 37258476,34140012,0.000000,62 
OBJECT_ADD 37271153,34128347,0.000000,62 
OBJECT_ADD 37266690,34125480,0.000000,62 
OBJECT_ADD 37253218,34120869,0.000000,62 
OBJECT_ADD 37260677,34126431,0.000000,62 
OBJECT_ADD 37366479,34104509,-107.000000,62 
OBJECT_ADD 37356061,34104686,-84.000000,63 
OBJECT_ADD 37363868,34113436,-107.000000,62 
OBJECT_ADD 37360707,34131490,-107.000000,62 
OBJECT_ADD 37362143,34127390,-107.000000,62 
OBJECT_ADD 37363488,34121964,-107.000000,62 
OBJECT_ADD 37361341,34116911,-107.000000,62 
OBJECT_ADD 37359806,34109478,-107.000000,62 
OBJECT_ADD 37356860,34087758,-107.000000,62 
OBJECT_ADD 37358369,34083863,-107.000000,62 
OBJECT_ADD 37365525,34153887,-150.000000,63 
OBJECT_ADD 37333015,33925639,354.000000,62 
OBJECT_ADD 37341944,33988720,354.000000,62 
OBJECT_ADD 37327401,33951520,354.000000,62 
OBJECT_ADD 37328938,33939901,354.000000,62 
OBJECT_ADD 37309489,33917112,354.000000,62 
OBJECT_ADD 37314216,33939673,354.000000,62 
OBJECT_ADD 37310152,33924288,354.000000,62 
OBJECT_ADD 37329392,33936027,354.000000,62 
OBJECT_ADD 37314392,33929751,354.000000,62 
OBJECT_ADD 37340193,33938677,354.000000,62 
OBJECT_ADD 37336530,33948401,354.000000,62 
OBJECT_ADD 37297044,33947812,354.000000,62 
OBJECT_ADD 37262396,33973144,354.000000,62 
OBJECT_ADD 37334498,33943338,354.000000,62 
OBJECT_ADD 37332246,33950764,354.000000,62 
OBJECT_ADD 37321270,33944096,354.000000,62 
OBJECT_ADD 37321321,33949697,354.000000,62 
OBJECT_ADD 37320630,33932791,377.000000,63 
OBJECT_ADD 37273406,33925591,311.000000,63 
OBJECT_ADD 37268384,33973746,377.000000,63 
OBJECT_ADD 37269813,33944895,354.000000,62 
OBJECT_ADD 37289337,33925107,354.000000,62 
OBJECT_ADD 37279300,33927593,354.000000,62 
OBJECT_ADD 37279301,33941300,354.000000,62 
OBJECT_ADD 37306863,33927679,354.000000,62 
OBJECT_ADD 37317266,33954390,354.000000,62 
OBJECT_ADD 37319563,33962437,354.000000,62 
OBJECT_ADD 37300862,33959851,354.000000,62 
OBJECT_ADD 37283006,33956157,354.000000,62 
OBJECT_ADD 37259869,33970415,354.000000,62 
OBJECT_ADD 37275960,33954515,354.000000,62 
OBJECT_ADD 37274458,33943235,354.000000,62 
OBJECT_ADD 37283987,33926180,311.000000,63 
OBJECT_ADD 37241327,33948173,300.000000,63 
OBJECT_ADD 37253993,33945328,377.000000,63 
OBJECT_ADD 37315262,33917168,0.000000,62 
OBJECT_ADD 37326525,33911409,0.000000,62 
OBJECT_ADD 37320782,33909429,0.000000,62 
OBJECT_ADD 37332160,33918989,0.000000,62 
OBJECT_ADD 37290204,33914832,0.000000,62 
OBJECT_ADD 37333419,33914726,0.000000,62 
OBJECT_ADD 37330645,33909988,0.000000,62 
OBJECT_ADD 37329123,33906805,0.000000,62 
OBJECT_ADD 37306922,33911161,0.000000,62 
OBJECT_ADD 37317198,33900947,0.000000,62 
OBJECT_ADD 37318924,33898456,0.000000,62 
OBJECT_ADD 37315209,33908038,0.000000,62 
OBJECT_ADD 37323760,33907000,0.000000,62 
OBJECT_ADD 37347478,33941840,0.000000,62 
OBJECT_ADD 37347873,33953103,0.000000,62 
OBJECT_ADD 37335462,33935578,0.000000,62 
OBJECT_ADD 37340020,33958816,0.000000,62 
OBJECT_ADD 37344470,33951277,0.000000,62 
OBJECT_ADD 37345357,33944709,0.000000,62 
OBJECT_ADD 37335799,33923423,0.000000,62 
OBJECT_ADD 37341472,33942788,0.000000,62 
OBJECT_ADD 37314426,33935275,0.000000,62 
OBJECT_ADD 37342746,33935352,0.000000,62 
OBJECT_ADD 37340866,33920758,0.000000,62 
OBJECT_ADD 37336687,33917827,0.000000,62 
OBJECT_ADD 37330987,33922411,0.000000,62 
OBJECT_ADD 37294682,33900325,0.000000,62 
OBJECT_ADD 37291457,33912975,0.000000,62 
OBJECT_ADD 37290090,33890951,0.000000,62 
OBJECT_ADD 37285486,33877816,0.000000,62 
OBJECT_ADD 37287693,33896641,0.000000,62 
OBJECT_ADD 37301151,33897780,0.000000,62 
OBJECT_ADD 37306242,33894860,0.000000,62 
OBJECT_ADD 37309333,33891443,0.000000,62 
OBJECT_ADD 37291045,33902286,0.000000,62 
OBJECT_ADD 37311000,33888094,0.000000,62 
OBJECT_ADD 37312763,33884024,0.000000,62 
OBJECT_ADD 37284770,33903391,0.000000,62 
OBJECT_ADD 37302636,33889039,0.000000,62 
OBJECT_ADD 37239956,33937711,-23.000000,62 
OBJECT_ADD 37238776,33932586,-23.000000,62 
OBJECT_ADD 37261244,33910141,-23.000000,62 
OBJECT_ADD 37263330,33955871,-23.000000,62 
OBJECT_ADD 37270127,33955166,-23.000000,62 
OBJECT_ADD 37286989,33919891,-23.000000,62 
OBJECT_ADD 37306868,33914953,-23.000000,62 
OBJECT_ADD 37246631,33930551,-23.000000,62 
OBJECT_ADD 37253247,33936602,-23.000000,62 
OBJECT_ADD 37296849,33937814,-23.000000,62 
OBJECT_ADD 37286766,33916368,-23.000000,62 
OBJECT_ADD 37254578,33940108,-23.000000,62 
OBJECT_ADD 37284525,33926271,-23.000000,62 
OBJECT_ADD 37268459,33917889,-66.000000,63 
OBJECT_ADD 37253067,33929843,-77.000000,63 
OBJECT_ADD 37263074,33948181,0.000000,63 
OBJECT_ADD 37258942,33905819,0.000000,62 
OBJECT_ADD 37267648,33897630,0.000000,62 
OBJECT_ADD 37225861,33937825,0.000000,62 
OBJECT_ADD 37272628,33893863,0.000000,62 
OBJECT_ADD 37308258,33902938,0.000000,62 
OBJECT_ADD 37269712,33902380,0.000000,62 
OBJECT_ADD 37274197,33902167,0.000000,62 
OBJECT_ADD 37299003,33902719,0.000000,62 
OBJECT_ADD 37252211,33908032,0.000000,62 
OBJECT_ADD 37276860,33899305,0.000000,62 
OBJECT_ADD 37276830,33892795,0.000000,62 
OBJECT_ADD 37245600,33912251,0.000000,62 
OBJECT_ADD 37268684,33893152,0.000000,62 
OBJECT_ADD 37305786,33977032,354.000000,62 
OBJECT_ADD 37301271,33963759,354.000000,62 
OBJECT_ADD 37329419,33965146,354.000000,62 
OBJECT_ADD 37339177,33966147,354.000000,62 
OBJECT_ADD 37346173,33964308,300.000000,63 
OBJECT_ADD 37298269,33995814,377.000000,63 
OBJECT_ADD 37297825,33991940,354.000000,62 
OBJECT_ADD 37306144,33980307,354.000000,62 
OBJECT_ADD 37329619,33989290,354.000000,62 
OBJECT_ADD 37334563,33978237,311.000000,63 
OBJECT_ADD 37314529,33987765,300.000000,63 
OBJECT_ADD 37328749,34004461,354.000000,62 
OBJECT_ADD 37332036,33983514,354.000000,62 
OBJECT_ADD 37351805,33999377,354.000000,62 
OBJECT_ADD 37349043,33987250,354.000000,62 
OBJECT_ADD 37351609,33982113,354.000000,62 
OBJECT_ADD 37347092,33995724,354.000000,62 
OBJECT_ADD 37343768,34002414,354.000000,62 
OBJECT_ADD 37335003,34003675,354.000000,62 
OBJECT_ADD 37326407,33988209,354.000000,62 
OBJECT_ADD 37335628,33990926,354.000000,62 
OBJECT_ADD 37325944,33994724,354.000000,62 
OBJECT_ADD 37320673,33994448,354.000000,62 
OBJECT_ADD 37316185,33995021,354.000000,62 
OBJECT_ADD 37271740,33980975,354.000000,62 
OBJECT_ADD 37285447,34014630,0.000000,62 
OBJECT_ADD 37281646,34018510,0.000000,62 
OBJECT_ADD 37295670,34009328,0.000000,62 
OBJECT_ADD 37318706,34027180,0.000000,62 
OBJECT_ADD 37303658,34024303,0.000000,62 
OBJECT_ADD 37300043,34025940,0.000000,62 
OBJECT_ADD 37309608,34020772,0.000000,62 
OBJECT_ADD 37311965,34004475,0.000000,62 
OBJECT_ADD 37290992,34015845,0.000000,62 
OBJECT_ADD 37314682,34012306,0.000000,62 
OBJECT_ADD 37318356,34011387,0.000000,62 
OBJECT_ADD 37288697,34021805,0.000000,62 
OBJECT_ADD 37338290,34010413,0.000000,62 
OBJECT_ADD 37334001,34008278,0.000000,62 
OBJECT_ADD 37326603,34003078,0.000000,62 
OBJECT_ADD 37308517,33964316,0.000000,62 
OBJECT_ADD 37308268,33968631,0.000000,62 
OBJECT_ADD 37317765,33960734,0.000000,62 
OBJECT_ADD 37317117,33957134,0.000000,62 
OBJECT_ADD 37336750,33970431,0.000000,62 
OBJECT_ADD 37329167,33962075,0.000000,62 
OBJECT_ADD 37330834,34008406,0.000000,62 
OBJECT_ADD 37328840,33996427,0.000000,62 
OBJECT_ADD 37332489,33971807,0.000000,62 
OBJECT_ADD 37315614,33977275,0.000000,62 
OBJECT_ADD 37346037,33997998,0.000000,62 
OBJECT_ADD 37212801,34021104,0.000000,62 
OBJECT_ADD 37213834,34030910,0.000000,62 
OBJECT_ADD 37218487,34031985,0.000000,62 
OBJECT_ADD 37225516,34058867,0.000000,62 
OBJECT_ADD 37294288,34042090,0.000000,62 
OBJECT_ADD 37233459,34062684,0.000000,62 
OBJECT_ADD 37252542,34114116,0.000000,62 
OBJECT_ADD 37231648,34098745,0.000000,62 
OBJECT_ADD 37239352,34094942,0.000000,62 
OBJECT_ADD 37273438,34042927,0.000000,62 
OBJECT_ADD 37273957,34028803,0.000000,62 
OBJECT_ADD 37268925,34039195,0.000000,62 
OBJECT_ADD 37244991,34108814,0.000000,62 
OBJECT_ADD 37251385,34107808,0.000000,62 
OBJECT_ADD 37242019,34104091,0.000000,62 
OBJECT_ADD 37256079,34101173,0.000000,62 
OBJECT_ADD 37273801,34107482,0.000000,62 
OBJECT_ADD 37260137,34101074,0.000000,62 
OBJECT_ADD 37260934,34104971,0.000000,62 
OBJECT_ADD 37263464,34101858,0.000000,62 
OBJECT_ADD 37279026,34086692,0.000000,62 
OBJECT_ADD 37267474,34078111,0.000000,62 
OBJECT_ADD 37254873,34065848,0.000000,62 
OBJECT_ADD 37272693,34080627,0.000000,62 
OBJECT_ADD 37257946,34047281,0.000000,62 
OBJECT_ADD 37290423,34036983,0.000000,62 
OBJECT_ADD 37293414,34034241,0.000000,62 
OBJECT_ADD 37337795,34056876,0.000000,62 
OBJECT_ADD 37265323,34086962,0.000000,62 
OBJECT_ADD 37310927,34078056,0.000000,62 
OBJECT_ADD 37268545,34043800,0.000000,62 
OBJECT_ADD 37276361,34040161,0.000000,62 
OBJECT_ADD 37257909,34068917,0.000000,62 
OBJECT_ADD 37302993,34085953,0.000000,62 
OBJECT_ADD 37293368,34080932,0.000000,62 
OBJECT_ADD 37252801,34050766,0.000000,62 
OBJECT_ADD 37248161,34051921,0.000000,62 
OBJECT_ADD 37327692,34050356,0.000000,62 
OBJECT_ADD 37322983,34057172,0.000000,62 
OBJECT_ADD 37310152,34064470,0.000000,62 
OBJECT_ADD 37307382,34070362,0.000000,62 
OBJECT_ADD 37284453,34084386,0.000000,62 
OBJECT_ADD 37311244,34061812,0.000000,62 
OBJECT_ADD 37316442,34058353,0.000000,62 
OBJECT_ADD 37313548,34042243,0.000000,62 
OBJECT_ADD 37317497,34043201,0.000000,62 
OBJECT_ADD 37322241,34044535,0.000000,62 
OBJECT_ADD 37324947,34041405,0.000000,62 
OBJECT_ADD 37297980,34044328,0.000000,62 
OBJECT_ADD 37365814,34192923,0.000000,62 
OBJECT_ADD 37372391,34195930,0.000000,62 
OBJECT_ADD 37322193,34171152,0.000000,62 
OBJECT_ADD 37373962,34227044,0.000000,62 
OBJECT_ADD 37373138,34222149,0.000000,62 
OBJECT_ADD 37363390,34225086,0.000000,62 
OBJECT_ADD 37354870,34225361,0.000000,62 
OBJECT_ADD 37369665,34219074,0.000000,62 
OBJECT_ADD 37367511,34223730,0.000000,62 
OBJECT_ADD 37363805,34207127,0.000000,62 
OBJECT_ADD 37359541,34206675,0.000000,62 
OBJECT_ADD 37356018,34206354,0.000000,62 
OBJECT_ADD 37275027,34181256,0.000000,62 
OBJECT_ADD 37255377,34156021,0.000000,62 
OBJECT_ADD 37254008,34150915,0.000000,62 
OBJECT_ADD 37249271,34148475,0.000000,62 
OBJECT_ADD 37282495,34153833,0.000000,62 
OBJECT_ADD 37282953,34156966,0.000000,62 
OBJECT_ADD 37257757,34161020,0.000000,62 
OBJECT_ADD 37284115,34160329,0.000000,62 
OBJECT_ADD 37263696,34170747,0.000000,62 
OBJECT_ADD 37252511,34144012,0.000000,62 
OBJECT_ADD 37285322,34165137,0.000000,62 
OBJECT_ADD 37260509,34169175,0.000000,62 
OBJECT_ADD 37252536,34176297,0.000000,62 
OBJECT_ADD 37274074,34133389,0.000000,62 
OBJECT_ADD 37270062,34137635,0.000000,62 
OBJECT_ADD 37287560,34130624,0.000000,62 
OBJECT_ADD 37187949,34177011,0.000000,62 
OBJECT_ADD 37191453,34170894,0.000000,62 
OBJECT_ADD 37184519,34173423,0.000000,62 
OBJECT_ADD 37188180,34168419,0.000000,62 
OBJECT_ADD 37285373,34145661,0.000000,62 
OBJECT_ADD 37287892,34152857,0.000000,62 
OBJECT_ADD 37284822,34150280,0.000000,62 
OBJECT_ADD 37297217,34157075,0.000000,62 
OBJECT_ADD 37293960,34154489,0.000000,62 
OBJECT_ADD 37259579,34174167,0.000000,62 
OBJECT_ADD 37238161,34138025,0.000000,62 
OBJECT_ADD 37203616,34113048,0.000000,62 
OBJECT_ADD 37297743,34087609,0.000000,62 
OBJECT_ADD 37295018,34089500,0.000000,62 
OBJECT_ADD 37204539,34108968,0.000000,62 
OBJECT_ADD 37293001,34096425,0.000000,62 
OBJECT_ADD 37227193,34075466,0.000000,62 
OBJECT_ADD 37289851,34094188,0.000000,62 
OBJECT_ADD 37208836,34092851,0.000000,62 
OBJECT_ADD 37213415,34057108,0.000000,62 
OBJECT_ADD 37261893,34118945,0.000000,62 
OBJECT_ADD 37344503,33930241,354.000000,62 
OBJECT_ADD 37344206,33926866,354.000000,62 
OBJECT_ADD 37353805,33962946,311.000000,63 
OBJECT_ADD 37367046,34123378,0.000000,62 
OBJECT_ADD 37368981,34137069,0.000000,62 
OBJECT_ADD 37387037,34157959,0.000000,62 
OBJECT_ADD 37381812,34159465,0.000000,62 
OBJECT_ADD 37369451,34172341,0.000000,62 
OBJECT_ADD 37363377,34136974,0.000000,62 
OBJECT_ADD 37370557,34153918,0.000000,62 
OBJECT_ADD 37379192,34149796,0.000000,62 
OBJECT_ADD 37366089,34154316,0.000000,62 
OBJECT_ADD 37401778,34150815,0.000000,62 
OBJECT_ADD 37388857,34125634,0.000000,62 
OBJECT_ADD 37362175,34170336,0.000000,62 
OBJECT_ADD 37375848,34140400,0.000000,62 
OBJECT_ADD 37494199,34080003,0.000000,62 
OBJECT_ADD 37488953,34066881,0.000000,62 
OBJECT_ADD 37612887,34080514,0.000000,62 
OBJECT_ADD 37537880,34072732,0.000000,62 
OBJECT_ADD 37596378,34086117,0.000000,62 
OBJECT_ADD 37582913,34080765,0.000000,62 
OBJECT_ADD 37536027,34102813,0.000000,62 
OBJECT_ADD 37579710,34092981,0.000000,62 
OBJECT_ADD 37554689,34056268,0.000000,62 
OBJECT_ADD 37500983,34062536,0.000000,62 
OBJECT_ADD 37528589,34055700,0.000000,62 
OBJECT_ADD 37508378,34053971,0.000000,62 
OBJECT_ADD 37535850,34084363,0.000000,62 
OBJECT_ADD 37506445,34061306,0.000000,62 
OBJECT_ADD 37496187,34062043,0.000000,62 
OBJECT_ADD 37532893,34056944,0.000000,62 
OBJECT_ADD 37498290,34066834,0.000000,62 
OBJECT_ADD 37501711,34069545,0.000000,62 
OBJECT_ADD 37515186,34068710,0.000000,62 
OBJECT_ADD 37540356,34071448,0.000000,62 
OBJECT_ADD 37558860,34078297,0.000000,62 
OBJECT_ADD 37558825,34068346,0.000000,62 
OBJECT_ADD 37578338,34085869,0.000000,62 
OBJECT_ADD 37568734,34076643,0.000000,62 
OBJECT_ADD 37548895,34051491,0.000000,62 
OBJECT_ADD 37550834,34056330,0.000000,62 
OBJECT_ADD 37552933,34060783,0.000000,62 
OBJECT_ADD 37546138,34085812,0.000000,62 
OBJECT_ADD 37540376,34083867,0.000000,62 
OBJECT_ADD 37589995,34082467,0.000000,62 
OBJECT_ADD 37593429,34084074,0.000000,62 
OBJECT_ADD 37543847,34083547,0.000000,62 
OBJECT_ADD 37542700,34088516,0.000000,62 
OBJECT_ADD 37531848,34081422,0.000000,62 
OBJECT_ADD 37517996,34097401,0.000000,62 
OBJECT_ADD 37518807,34094454,0.000000,62 
OBJECT_ADD 37525468,34084228,0.000000,62 
OBJECT_ADD 37522609,34084469,0.000000,62 
OBJECT_ADD 37589476,34099397,0.000000,62 
OBJECT_ADD 37566883,34110621,0.000000,62 
OBJECT_ADD 37612999,34083048,0.000000,62 
OBJECT_ADD 37614299,34090883,0.000000,62 
OBJECT_ADD 37515348,34085650,0.000000,62 
OBJECT_ADD 37511368,34086637,0.000000,62 
OBJECT_ADD 37617247,34088744,0.000000,62 
OBJECT_ADD 37544762,34092120,0.000000,62 
OBJECT_ADD 37553560,34079663,0.000000,62 
OBJECT_ADD 37617980,34084954,0.000000,62 
OBJECT_ADD 37540962,34113734,0.000000,62 
OBJECT_ADD 37530880,34112111,0.000000,62 
OBJECT_ADD 37558082,34104258,0.000000,62 
OBJECT_ADD 37618630,34078622,0.000000,62 
OBJECT_ADD 37552203,34097310,0.000000,62 
OBJECT_ADD 37591371,34091982,0.000000,62 
OBJECT_ADD 37517320,34132432,0.000000,62 
OBJECT_ADD 37525412,34106846,0.000000,62 
OBJECT_ADD 37521888,34107412,0.000000,62 
OBJECT_ADD 37485778,34109566,0.000000,62 
OBJECT_ADD 37483291,34113968,0.000000,62 
