OBJECT_ADD 29355705,33279142,75.000000,62 
OBJECT_ADD 29359736,33291678,75.000000,62 
OBJECT_ADD 29357140,33287470,75.000000,62 
OBJECT_ADD 29358453,33283669,75.000000,62 
OBJECT_ADD 29352088,33254552,75.000000,62 
OBJECT_ADD 29353285,33248869,75.000000,62 
OBJECT_ADD 29348890,33247433,75.000000,62 
OBJECT_ADD 29353852,33243351,75.000000,62 
OBJECT_ADD 29352259,33215142,32.000000,63 
OBJECT_ADD 29359315,33241296,98.000000,63 
OBJECT_ADD 29359575,33187143,75.000000,62 
OBJECT_ADD 29355425,33256979,21.000000,63 
OBJECT_ADD 29357280,33183561,98.000000,63 
OBJECT_ADD 29353353,33267524,111.000000,63 
OBJECT_ADD 29347175,33271187,88.000000,62 
OBJECT_ADD 29345679,33276200,88.000000,62 
OBJECT_ADD 29343186,33282713,88.000000,62 
OBJECT_ADD 29340889,33287215,45.000000,63 
OBJECT_ADD 29333899,33259092,88.000000,62 
OBJECT_ADD 29286447,33282986,66.000000,62 
OBJECT_ADD 29259750,33282080,66.000000,62 
OBJECT_ADD 29263490,33276857,66.000000,62 
OBJECT_ADD 29289568,33272466,66.000000,62 
OBJECT_ADD 29288817,33277824,66.000000,62 
OBJECT_ADD 29284906,33285097,66.000000,62 
OBJECT_ADD 29278678,33285350,66.000000,62 
OBJECT_ADD 29260903,33288127,23.000000,63 
OBJECT_ADD 29263189,33289809,12.000000,63 
OBJECT_ADD 29267377,33290851,89.000000,63 
OBJECT_ADD 29265100,33269463,66.000000,62 
OBJECT_ADD 29323315,33296723,88.000000,62 
OBJECT_ADD 29318472,33298596,88.000000,62 
OBJECT_ADD 29318385,33350346,88.000000,62 
OBJECT_ADD 29314264,33349959,88.000000,62 
OBJECT_ADD 29313029,33329132,88.000000,62 
OBJECT_ADD 29318395,33320382,88.000000,62 
OBJECT_ADD 29336051,33352634,88.000000,62 
OBJECT_ADD 29337867,33362170,88.000000,62 
OBJECT_ADD 29329193,33366844,88.000000,62 
OBJECT_ADD 29313231,33368629,88.000000,62 
OBJECT_ADD 29298161,33352534,45.000000,63 
OBJECT_ADD 29319148,33350389,34.000000,63 
OBJECT_ADD 29330431,33350686,111.000000,63 
OBJECT_ADD 29331073,33332342,88.000000,62 
OBJECT_ADD 29341971,33339269,88.000000,62 
OBJECT_ADD 29346575,33347323,88.000000,62 
OBJECT_ADD 29346663,33318314,88.000000,62 
OBJECT_ADD 29344076,33314771,34.000000,63 
OBJECT_ADD 29327182,33352203,45.000000,63 
OBJECT_ADD 29334693,33351352,34.000000,63 
OBJECT_ADD 29338403,33361478,111.000000,63 
OBJECT_ADD 29327684,33343174,88.000000,62 
OBJECT_ADD 29345414,33329901,88.000000,62 
OBJECT_ADD 29332691,33342129,88.000000,62 
OBJECT_ADD 29349177,33306721,75.000000,62 
OBJECT_ADD 29354575,33298103,75.000000,62 
OBJECT_ADD 29358260,33300831,75.000000,62 
OBJECT_ADD 29352595,33294361,75.000000,62 
OBJECT_ADD 29307232,33297241,88.000000,62 
OBJECT_ADD 29328934,33293497,88.000000,62 
OBJECT_ADD 29310410,33333492,88.000000,62 
OBJECT_ADD 29302754,33336495,88.000000,62 
OBJECT_ADD 29291738,33335614,88.000000,62 
OBJECT_ADD 29303061,33313395,88.000000,62 
OBJECT_ADD 29295378,33329427,88.000000,62 
OBJECT_ADD 29302614,33304371,88.000000,62 
OBJECT_ADD 29286625,33298101,88.000000,62 
OBJECT_ADD 29292559,33296285,88.000000,62 
OBJECT_ADD 29311494,33324300,88.000000,62 
OBJECT_ADD 29315618,33319555,88.000000,62 
OBJECT_ADD 29340105,33309292,88.000000,62 
OBJECT_ADD 29329904,33295768,34.000000,63 
OBJECT_ADD 29317993,33306614,88.000000,62 
OBJECT_ADD 29341337,33319625,88.000000,62 
OBJECT_ADD 29306814,33311004,88.000000,62 
OBJECT_ADD 29322861,33317899,88.000000,62 
OBJECT_ADD 29340900,33308294,45.000000,63 
OBJECT_ADD 29345069,33293660,88.000000,62 
OBJECT_ADD 29359732,33312372,88.000000,62 
OBJECT_ADD 29357160,33326711,88.000000,62 
OBJECT_ADD 29359614,33317419,88.000000,62 
OBJECT_ADD 29260066,33332325,66.000000,62 
OBJECT_ADD 29277277,33331304,66.000000,62 
OBJECT_ADD 29273170,33332434,66.000000,62 
OBJECT_ADD 29270909,33325749,66.000000,62 
OBJECT_ADD 29260061,33340105,66.000000,62 
OBJECT_ADD 29265960,33352011,66.000000,62 
OBJECT_ADD 29273808,33321500,66.000000,62 
OBJECT_ADD 29268377,33332856,66.000000,62 
OBJECT_ADD 29254722,33315872,66.000000,62 
OBJECT_ADD 29255682,33308106,66.000000,62 
OBJECT_ADD 29265794,33336074,66.000000,62 
OBJECT_ADD 29276971,33352915,66.000000,62 
OBJECT_ADD 29276039,33363108,66.000000,62 
OBJECT_ADD 29300146,33315931,23.000000,63 
OBJECT_ADD 29285778,33307406,12.000000,63 
OBJECT_ADD 29319372,33343865,89.000000,63 
OBJECT_ADD 29281700,33361015,66.000000,62 
OBJECT_ADD 29279448,33349380,66.000000,62 
OBJECT_ADD 29281681,33345997,66.000000,62 
OBJECT_ADD 29274375,33348722,66.000000,62 
OBJECT_ADD 29283786,33343133,66.000000,62 
OBJECT_ADD 29302502,33335462,66.000000,62 
OBJECT_ADD 29285549,33338145,66.000000,62 
OBJECT_ADD 29270931,33329677,66.000000,62 
OBJECT_ADD 29295509,33353635,66.000000,62 
OBJECT_ADD 29295691,33331429,66.000000,62 
OBJECT_ADD 29296854,33329228,66.000000,62 
OBJECT_ADD 29286426,33341527,66.000000,62 
OBJECT_ADD 29290365,33338599,66.000000,62 
OBJECT_ADD 29305562,33320697,23.000000,63 
OBJECT_ADD 29305926,33328908,12.000000,63 
OBJECT_ADD 29299310,33352880,89.000000,63 
OBJECT_ADD 29265943,33325337,66.000000,62 
OBJECT_ADD 29270734,33321561,66.000000,62 
OBJECT_ADD 29277027,33321032,66.000000,62 
OBJECT_ADD 29256086,33338778,66.000000,62 
OBJECT_ADD 29255258,33332984,66.000000,62 
OBJECT_ADD 29259725,33335816,66.000000,62 
OBJECT_ADD 29253752,33312294,66.000000,62 
OBJECT_ADD 29273269,33299491,66.000000,62 
OBJECT_ADD 29276624,33312807,66.000000,62 
OBJECT_ADD 29295954,33299966,66.000000,62 
OBJECT_ADD 29306229,33312677,66.000000,62 
OBJECT_ADD 29304514,33305043,66.000000,62 
OBJECT_ADD 29287599,33299521,66.000000,62 
OBJECT_ADD 29270534,33322256,23.000000,63 
OBJECT_ADD 29278671,33346990,12.000000,63 
OBJECT_ADD 29300234,33306790,89.000000,63 
OBJECT_ADD 29256830,33360616,66.000000,62 
OBJECT_ADD 29260248,33363245,66.000000,62 
OBJECT_ADD 29261741,33357553,66.000000,62 
OBJECT_ADD 29273620,33364485,66.000000,62 
OBJECT_ADD 29252831,33329636,66.000000,62 
OBJECT_ADD 29234914,33333516,66.000000,62 
OBJECT_ADD 29239271,33334374,66.000000,62 
OBJECT_ADD 29243467,33333671,66.000000,62 
OBJECT_ADD 29249367,33341120,66.000000,62 
OBJECT_ADD 29247072,33337747,66.000000,62 
OBJECT_ADD 29252833,33338858,66.000000,62 
OBJECT_ADD 29277748,33370813,66.000000,62 
OBJECT_ADD 29250731,33336278,66.000000,62 
OBJECT_ADD 29262484,33357082,23.000000,63 
OBJECT_ADD 29252659,33352815,12.000000,63 
OBJECT_ADD 29266866,33335362,89.000000,63 
OBJECT_ADD 29311360,33300659,66.000000,62 
OBJECT_ADD 29316874,33297525,66.000000,62 
OBJECT_ADD 29307230,33296570,66.000000,62 
OBJECT_ADD 29283016,33301372,66.000000,62 
OBJECT_ADD 29291038,33295638,66.000000,62 
OBJECT_ADD 29265192,33321500,66.000000,62 
OBJECT_ADD 29265900,33340855,66.000000,62 
OBJECT_ADD 29266222,33345339,66.000000,62 
OBJECT_ADD 29267721,33360407,66.000000,62 
OBJECT_ADD 29286812,33355611,66.000000,62 
OBJECT_ADD 29269618,33316865,66.000000,62 
OBJECT_ADD 29267211,33318496,66.000000,62 
OBJECT_ADD 29265459,33357205,66.000000,62 
OBJECT_ADD 29287657,33353474,66.000000,62 
OBJECT_ADD 29267743,33329196,66.000000,62 
OBJECT_ADD 29293409,33333667,66.000000,62 
OBJECT_ADD 29274876,33355868,66.000000,62 
OBJECT_ADD 29266995,33308379,66.000000,62 
OBJECT_ADD 29262546,33303652,66.000000,62 
OBJECT_ADD 29239125,33351839,66.000000,62 
OBJECT_ADD 29242609,33354478,66.000000,62 
OBJECT_ADD 29250502,33359318,66.000000,62 
OBJECT_ADD 29233205,33324631,66.000000,62 
OBJECT_ADD 29236461,33325933,66.000000,62 
OBJECT_ADD 29240108,33327284,66.000000,62 
OBJECT_ADD 29255263,33335659,66.000000,62 
OBJECT_ADD 29262950,33314236,66.000000,62 
OBJECT_ADD 29262765,33308932,66.000000,62 
OBJECT_ADD 29267111,33312754,66.000000,62 
OBJECT_ADD 29252885,33349864,66.000000,62 
OBJECT_ADD 29265912,33353917,23.000000,63 
OBJECT_ADD 29249017,33328349,12.000000,63 
OBJECT_ADD 29237129,33319781,89.000000,63 
OBJECT_ADD 29290997,33364126,0.000000,62 
OBJECT_ADD 29273673,33387507,0.000000,62 
OBJECT_ADD 29290251,33373664,0.000000,62 
OBJECT_ADD 29276892,33376665,0.000000,62 
OBJECT_ADD 29295619,33364868,0.000000,62 
OBJECT_ADD 29286637,33370149,0.000000,62 
OBJECT_ADD 29302753,33379782,0.000000,62 
OBJECT_ADD 29284567,33373651,0.000000,62 
OBJECT_ADD 29280869,33378980,0.000000,62 
OBJECT_ADD 29309226,33369542,0.000000,62 
OBJECT_ADD 29300881,33364798,0.000000,62 
OBJECT_ADD 29276661,33382392,0.000000,62 
OBJECT_ADD 29297187,33369424,0.000000,62 
OBJECT_ADD 29377183,33286155,75.000000,62 
OBJECT_ADD 29403267,33282294,75.000000,62 
OBJECT_ADD 29407301,33282270,75.000000,62 
OBJECT_ADD 29391144,33283030,75.000000,62 
OBJECT_ADD 29382932,33250996,75.000000,62 
OBJECT_ADD 29374148,33266025,75.000000,62 
OBJECT_ADD 29380073,33240296,75.000000,62 
OBJECT_ADD 29377520,33270077,75.000000,62 
OBJECT_ADD 29392490,33279455,75.000000,62 
OBJECT_ADD 29395518,33269689,75.000000,62 
OBJECT_ADD 29407397,33220109,32.000000,63 
OBJECT_ADD 29394934,33274395,75.000000,62 
OBJECT_ADD 29437793,33212878,75.000000,62 
OBJECT_ADD 29434573,33211490,75.000000,62 
OBJECT_ADD 29443418,33205834,75.000000,62 
OBJECT_ADD 29434368,33205286,75.000000,62 
OBJECT_ADD 29399637,33260771,75.000000,62 
OBJECT_ADD 29400927,33212188,75.000000,62 
OBJECT_ADD 29408522,33277582,75.000000,62 
OBJECT_ADD 29407513,33248898,75.000000,62 
OBJECT_ADD 29398649,33272144,75.000000,62 
OBJECT_ADD 29401072,33266160,75.000000,62 
OBJECT_ADD 29403326,33260551,75.000000,62 
OBJECT_ADD 29432704,33209213,75.000000,62 
OBJECT_ADD 29425958,33212327,75.000000,62 
OBJECT_ADD 29422317,33214111,75.000000,62 
OBJECT_ADD 29422379,33203995,75.000000,62 
OBJECT_ADD 29368813,33263405,75.000000,62 
OBJECT_ADD 29407786,33261856,75.000000,62 
OBJECT_ADD 29383143,33220076,75.000000,62 
OBJECT_ADD 29382765,33202139,32.000000,63 
OBJECT_ADD 29393492,33271414,21.000000,63 
OBJECT_ADD 29365580,33243819,75.000000,62 
OBJECT_ADD 29368842,33263460,75.000000,62 
OBJECT_ADD 29385526,33246982,32.000000,63 
OBJECT_ADD 29371457,33280303,21.000000,63 
OBJECT_ADD 29378176,33263839,98.000000,63 
OBJECT_ADD 29368111,33204400,75.000000,62 
OBJECT_ADD 29377265,33209837,75.000000,62 
OBJECT_ADD 29381553,33212294,75.000000,62 
OBJECT_ADD 29364906,33179194,21.000000,63 
OBJECT_ADD 29373983,33280593,75.000000,62 
OBJECT_ADD 29373058,33274399,75.000000,62 
OBJECT_ADD 29366766,33212745,75.000000,62 
OBJECT_ADD 29404902,33257413,75.000000,62 
OBJECT_ADD 29368712,33218596,75.000000,62 
OBJECT_ADD 29400729,33255289,75.000000,62 
OBJECT_ADD 29370042,33278175,75.000000,62 
OBJECT_ADD 29397593,33253784,75.000000,62 
OBJECT_ADD 29396157,33257401,75.000000,62 
OBJECT_ADD 29374090,33221705,75.000000,62 
OBJECT_ADD 29366933,33239533,75.000000,62 
OBJECT_ADD 29367951,33248021,75.000000,62 
OBJECT_ADD 29364525,33248125,75.000000,62 
OBJECT_ADD 29385166,33232687,75.000000,62 
OBJECT_ADD 29377179,33278586,75.000000,62 
OBJECT_ADD 29396640,33256334,32.000000,63 
OBJECT_ADD 29472379,33248389,0.000000,62 
OBJECT_ADD 29475023,33244270,0.000000,62 
OBJECT_ADD 29479274,33245158,0.000000,62 
OBJECT_ADD 29483507,33242555,0.000000,62 
OBJECT_ADD 29488777,33241170,0.000000,62 
OBJECT_ADD 29479279,33224607,0.000000,62 
OBJECT_ADD 29478452,33221350,0.000000,62 
OBJECT_ADD 29474046,33222910,0.000000,62 
OBJECT_ADD 29475807,33218962,0.000000,62 
OBJECT_ADD 29479184,33217382,0.000000,62 
OBJECT_ADD 29484201,33213610,0.000000,62 
OBJECT_ADD 29489982,33247606,0.000000,62 
OBJECT_ADD 29473392,33228539,0.000000,62 
OBJECT_ADD 29453688,33255433,0.000000,62 
OBJECT_ADD 29466665,33242014,0.000000,62 
OBJECT_ADD 29461174,33256054,0.000000,62 
OBJECT_ADD 29448812,33226263,0.000000,62 
OBJECT_ADD 29452301,33226728,0.000000,62 
OBJECT_ADD 29454749,33228261,0.000000,62 
OBJECT_ADD 29467017,33221711,0.000000,62 
OBJECT_ADD 29465092,33252322,0.000000,62 
OBJECT_ADD 29466594,33248603,0.000000,62 
OBJECT_ADD 29469595,33249978,0.000000,62 
OBJECT_ADD 29456616,33247444,0.000000,62 
OBJECT_ADD 29458139,33246228,0.000000,62 
OBJECT_ADD 29477442,33199158,0.000000,62 
OBJECT_ADD 29457350,33257127,0.000000,62 
OBJECT_ADD 29439824,33216453,0.000000,62 
OBJECT_ADD 29448774,33261073,0.000000,62 
OBJECT_ADD 29447141,33264112,0.000000,62 
OBJECT_ADD 29442775,33260878,0.000000,62 
OBJECT_ADD 29449112,33252879,0.000000,62 
OBJECT_ADD 29423436,33235487,0.000000,62 
OBJECT_ADD 29434769,33249977,0.000000,62 
OBJECT_ADD 29439312,33243103,0.000000,62 
OBJECT_ADD 29444334,33238790,0.000000,62 
OBJECT_ADD 29439731,33235504,0.000000,62 
OBJECT_ADD 29440822,33239461,0.000000,62 
OBJECT_ADD 29367607,33234513,0.000000,62 
OBJECT_ADD 29436545,33285383,0.000000,62 
OBJECT_ADD 29439478,33286218,0.000000,62 
OBJECT_ADD 29444316,33287504,0.000000,62 
OBJECT_ADD 29434086,33286992,0.000000,62 
OBJECT_ADD 29433032,33289806,0.000000,62 
OBJECT_ADD 29437831,33263885,98.000000,63 
OBJECT_ADD 29427962,33208613,75.000000,62 
OBJECT_ADD 29425085,33213533,75.000000,62 
OBJECT_ADD 29422160,33214170,75.000000,62 
OBJECT_ADD 29422260,33207909,75.000000,62 
OBJECT_ADD 29405381,33213965,75.000000,62 
OBJECT_ADD 29403863,33247991,75.000000,62 
OBJECT_ADD 29412331,33248695,75.000000,62 
OBJECT_ADD 29488917,33287959,-23.000000,62 
OBJECT_ADD 29485770,33291271,-23.000000,62 
OBJECT_ADD 29370367,33297127,75.000000,62 
OBJECT_ADD 29376182,33311848,75.000000,62 
OBJECT_ADD 29372471,33293933,75.000000,62 
OBJECT_ADD 29362216,33345626,88.000000,62 
OBJECT_ADD 29364391,33325928,111.000000,63 
OBJECT_ADD 29366941,33351697,88.000000,62 
OBJECT_ADD 29394692,33294938,75.000000,62 
OBJECT_ADD 29386097,33297634,75.000000,62 
OBJECT_ADD 29381031,33299356,75.000000,62 
OBJECT_ADD 29375012,33303585,75.000000,62 
OBJECT_ADD 29369310,33307650,75.000000,62 
OBJECT_ADD 29364937,33303253,75.000000,62 
OBJECT_ADD 29429047,33312903,0.000000,62 
OBJECT_ADD 29398979,33332358,0.000000,62 
OBJECT_ADD 29398257,33324194,0.000000,62 
OBJECT_ADD 29401430,33318631,0.000000,62 
OBJECT_ADD 29405437,33320442,0.000000,62 
OBJECT_ADD 29401499,33325811,0.000000,62 
OBJECT_ADD 29401991,33332225,0.000000,62 
OBJECT_ADD 29407442,33331564,0.000000,62 
OBJECT_ADD 29431217,33306299,0.000000,62 
OBJECT_ADD 29395347,33302224,0.000000,62 
OBJECT_ADD 29398872,33303668,0.000000,62 
OBJECT_ADD 29432681,33293170,0.000000,62 
OBJECT_ADD 29391173,33302980,0.000000,62 
OBJECT_ADD 29404550,33340099,0.000000,62 
OBJECT_ADD 29427576,33309017,0.000000,62 
OBJECT_ADD 29398494,33308217,0.000000,62 
OBJECT_ADD 29396988,33314542,0.000000,62 
OBJECT_ADD 29387162,33307056,0.000000,62 
OBJECT_ADD 29384791,33311034,0.000000,62 
OBJECT_ADD 29392058,33307787,0.000000,62 
OBJECT_ADD 29388688,33312869,0.000000,62 
OBJECT_ADD 29389346,33339430,0.000000,62 
OBJECT_ADD 29394228,33341108,0.000000,62 
OBJECT_ADD 29397212,33344097,0.000000,62 
OBJECT_ADD 29398076,33339404,0.000000,62 
OBJECT_ADD 29392493,33356509,0.000000,62 
OBJECT_ADD 29388426,33360412,0.000000,62 
OBJECT_ADD 29392244,33360206,0.000000,62 
OBJECT_ADD 29395998,33357886,0.000000,62 
OBJECT_ADD 29405651,33349410,0.000000,62 
OBJECT_ADD 29384489,33338641,0.000000,62 
OBJECT_ADD 29391024,33332645,0.000000,62 
OBJECT_ADD 29396024,33328135,0.000000,62 
OBJECT_ADD 29380933,33335940,0.000000,62 
OBJECT_ADD 29388099,33318442,88.000000,62 
OBJECT_ADD 29383854,33316633,88.000000,62 
OBJECT_ADD 29363626,33292295,88.000000,62 
OBJECT_ADD 29362082,33296947,88.000000,62 
OBJECT_ADD 29369957,33327012,88.000000,62 
OBJECT_ADD 29375230,33334132,88.000000,62 
OBJECT_ADD 29375092,33329306,88.000000,62 
OBJECT_ADD 29364325,33313260,88.000000,62 
OBJECT_ADD 29489685,33294749,-23.000000,62 
OBJECT_ADD 29485996,33298129,-23.000000,62 
OBJECT_ADD 29488715,33300389,-23.000000,62 
OBJECT_ADD 29484215,33301971,-23.000000,62 
OBJECT_ADD 29481483,33299390,-23.000000,62 
OBJECT_ADD 29484171,33399394,-23.000000,62 
OBJECT_ADD 29484071,33407642,-23.000000,62 
OBJECT_ADD 29489277,33410720,-23.000000,62 
OBJECT_ADD 29488798,33401401,0.000000,62 
OBJECT_ADD 29481779,33397425,0.000000,62 
OBJECT_ADD 29488115,33411989,0.000000,62 
OBJECT_ADD 29483152,33416112,0.000000,62 
OBJECT_ADD 29489516,33419299,0.000000,62 
OBJECT_ADD 29481175,33382661,0.000000,62 
OBJECT_ADD 29488140,33356754,0.000000,62 
OBJECT_ADD 29488907,33371686,0.000000,62 
OBJECT_ADD 29480235,33377858,0.000000,62 
OBJECT_ADD 29487673,33378855,0.000000,62 
OBJECT_ADD 29485125,33381159,0.000000,62 
OBJECT_ADD 29478406,33470855,0.000000,62 
OBJECT_ADD 29487437,33439609,0.000000,62 
OBJECT_ADD 29487022,33454880,0.000000,62 
OBJECT_ADD 29490107,33453125,0.000000,62 
OBJECT_ADD 29478745,33456545,0.000000,62 
OBJECT_ADD 29446788,33466839,0.000000,62 
OBJECT_ADD 29451378,33466461,0.000000,62 
OBJECT_ADD 29447114,33471016,0.000000,62 
OBJECT_ADD 29451769,33461479,0.000000,62 
OBJECT_ADD 29452972,33453712,0.000000,62 
OBJECT_ADD 29449767,33454925,0.000000,62 
OBJECT_ADD 29456013,33459900,0.000000,62 
OBJECT_ADD 29459554,33454362,0.000000,62 
OBJECT_ADD 29442124,33469175,0.000000,62 
OBJECT_ADD 29459393,33459006,0.000000,62 
OBJECT_ADD 29461972,33456573,0.000000,62 
OBJECT_ADD 29443886,33473467,0.000000,62 
OBJECT_ADD 29454008,33456910,0.000000,62 
OBJECT_ADD 29485765,33431450,-23.000000,62 
OBJECT_ADD 29488584,33429451,-23.000000,62 
OBJECT_ADD 29478349,33449106,0.000000,63 
OBJECT_ADD 29488315,33433436,0.000000,62 
OBJECT_ADD 29484051,33429927,0.000000,62 
OBJECT_ADD 29489814,33458681,-66.000000,63 
OBJECT_ADD 29468234,33465929,0.000000,62 
OBJECT_ADD 29485493,33468569,0.000000,62 
OBJECT_ADD 29490139,33425319,0.000000,62 
OBJECT_ADD 29506836,33265016,-23.000000,62 
OBJECT_ADD 29506874,33268265,-23.000000,62 
OBJECT_ADD 29503593,33272346,-23.000000,62 
OBJECT_ADD 29499117,33273110,-23.000000,62 
OBJECT_ADD 29503135,33267037,-23.000000,62 
OBJECT_ADD 29499063,33269347,-23.000000,62 
OBJECT_ADD 29509091,33321555,-66.000000,63 
OBJECT_ADD 29505893,33310013,-77.000000,63 
OBJECT_ADD 29507617,33312672,0.000000,63 
OBJECT_ADD 29503069,33396475,-23.000000,62 
OBJECT_ADD 29501205,33399644,-23.000000,62 
OBJECT_ADD 29503966,33404204,-23.000000,62 
OBJECT_ADD 29500230,33405356,-23.000000,62 
OBJECT_ADD 29498730,33403126,-23.000000,62 
OBJECT_ADD 29498260,33399070,-23.000000,62 
OBJECT_ADD 29498056,33395632,-23.000000,62 
OBJECT_ADD 29495254,33391950,0.000000,62 
OBJECT_ADD 29494731,33395067,0.000000,62 
OBJECT_ADD 29496944,33418464,0.000000,62 
OBJECT_ADD 29519832,33408848,0.000000,62 
OBJECT_ADD 29523288,33416132,0.000000,62 
OBJECT_ADD 29551597,33417301,0.000000,62 
OBJECT_ADD 29533845,33387890,0.000000,62 
OBJECT_ADD 29534832,33392150,0.000000,62 
OBJECT_ADD 29531278,33395477,0.000000,62 
OBJECT_ADD 29527155,33394834,0.000000,62 
OBJECT_ADD 29522691,33407890,0.000000,62 
OBJECT_ADD 29523513,33411015,0.000000,62 
OBJECT_ADD 29525814,33408377,0.000000,62 
OBJECT_ADD 29518499,33413550,0.000000,62 
OBJECT_ADD 29558830,33385281,0.000000,62 
OBJECT_ADD 29562482,33419305,0.000000,62 
OBJECT_ADD 29538736,33416762,0.000000,62 
OBJECT_ADD 29533312,33416696,0.000000,62 
OBJECT_ADD 29528485,33414401,0.000000,62 
OBJECT_ADD 29546863,33399142,0.000000,62 
OBJECT_ADD 29548714,33394782,0.000000,62 
OBJECT_ADD 29549252,33391307,0.000000,62 
OBJECT_ADD 29551329,33387332,0.000000,62 
OBJECT_ADD 29576310,33394648,0.000000,62 
OBJECT_ADD 29514454,33393187,0.000000,62 
OBJECT_ADD 29494165,33388106,0.000000,62 
OBJECT_ADD 29497640,33386754,0.000000,62 
OBJECT_ADD 29500632,33385469,0.000000,62 
OBJECT_ADD 29494780,33383229,0.000000,62 
OBJECT_ADD 29494108,33377625,0.000000,62 
OBJECT_ADD 29520492,33369045,0.000000,62 
OBJECT_ADD 29491542,33373880,0.000000,62 
OBJECT_ADD 29494335,33371950,0.000000,62 
OBJECT_ADD 29524745,33386036,0.000000,62 
OBJECT_ADD 29495885,33436732,0.000000,62 
OBJECT_ADD 29497349,33438141,0.000000,62 
OBJECT_ADD 29510983,33429141,0.000000,62 
OBJECT_ADD 29503875,33426378,0.000000,62 
OBJECT_ADD 29526080,33425774,0.000000,62 
OBJECT_ADD 29523530,33457682,-23.000000,62 
OBJECT_ADD 29515195,33465274,-77.000000,63 
OBJECT_ADD 29494817,33445890,0.000000,62 
OBJECT_ADD 29513806,33440938,0.000000,62 
OBJECT_ADD 29491752,33444212,0.000000,62 
OBJECT_ADD 29502853,33463225,0.000000,62 
OBJECT_ADD 29533646,33446051,0.000000,62 
OBJECT_ADD 29519944,33442892,-23.000000,62 
OBJECT_ADD 29501467,33458544,-23.000000,62 
OBJECT_ADD 29509414,33452444,-23.000000,62 
OBJECT_ADD 29531884,33463166,-23.000000,62 
OBJECT_ADD 29526750,33457516,-23.000000,62 
OBJECT_ADD 29528228,33461746,-23.000000,62 
OBJECT_ADD 29529580,33457280,-23.000000,62 
OBJECT_ADD 29522815,33460745,-23.000000,62 
OBJECT_ADD 29524577,33453655,-23.000000,62 
OBJECT_ADD 29497563,33437343,-23.000000,62 
OBJECT_ADD 29537181,33429148,-23.000000,62 
OBJECT_ADD 29540335,33437007,-23.000000,62 
OBJECT_ADD 29537421,33435524,-23.000000,62 
OBJECT_ADD 29515696,33458053,-66.000000,63 
OBJECT_ADD 29520619,33429003,-77.000000,63 
OBJECT_ADD 29542339,33455749,0.000000,63 
OBJECT_ADD 29601957,33280423,36.000000,62 
OBJECT_ADD 29582003,33214205,149.000000,62 
OBJECT_ADD 29546708,33229341,149.000000,62 
OBJECT_ADD 29562302,33231755,149.000000,62 
OBJECT_ADD 29577252,33228148,149.000000,62 
OBJECT_ADD 29599037,33219681,149.000000,62 
OBJECT_ADD 29570155,33217519,149.000000,62 
OBJECT_ADD 29583601,33229192,149.000000,62 
OBJECT_ADD 29581124,33231418,149.000000,62 
OBJECT_ADD 29568003,33265144,149.000000,62 
OBJECT_ADD 29570820,33250045,149.000000,62 
OBJECT_ADD 29559624,33234372,149.000000,62 
OBJECT_ADD 29553038,33234009,149.000000,62 
OBJECT_ADD 29577610,33243708,149.000000,62 
OBJECT_ADD 29614641,33214085,126.000000,62 
OBJECT_ADD 29593672,33223162,126.000000,62 
OBJECT_ADD 29589820,33223819,126.000000,62 
OBJECT_ADD 29578295,33235182,126.000000,62 
OBJECT_ADD 29575275,33237713,126.000000,62 
OBJECT_ADD 29573358,33240749,126.000000,62 
OBJECT_ADD 29569868,33235449,126.000000,62 
OBJECT_ADD 29560015,33241626,126.000000,62 
OBJECT_ADD 29556738,33234731,126.000000,62 
OBJECT_ADD 29545821,33223690,126.000000,62 
OBJECT_ADD 29551152,33227020,126.000000,62 
OBJECT_ADD 29576014,33239809,83.000000,63 
OBJECT_ADD 29599479,33265258,149.000000,63 
OBJECT_ADD 29584174,33258342,149.000000,62 
OBJECT_ADD 29581984,33252242,149.000000,62 
OBJECT_ADD 29573622,33244283,149.000000,62 
OBJECT_ADD 29602768,33218308,149.000000,62 
OBJECT_ADD 29596738,33222672,149.000000,62 
OBJECT_ADD 29597128,33245820,149.000000,62 
OBJECT_ADD 29598048,33250507,149.000000,62 
OBJECT_ADD 29603132,33229533,149.000000,62 
OBJECT_ADD 29610004,33223328,149.000000,62 
OBJECT_ADD 29605022,33217203,149.000000,62 
OBJECT_ADD 29603256,33221589,149.000000,62 
OBJECT_ADD 29605544,33224882,149.000000,62 
OBJECT_ADD 29603204,33248481,149.000000,62 
OBJECT_ADD 29621133,33239922,149.000000,62 
OBJECT_ADD 29574388,33247152,36.000000,62 
OBJECT_ADD 29590085,33258143,36.000000,62 
OBJECT_ADD 29578308,33270991,36.000000,62 
OBJECT_ADD 29575986,33269479,36.000000,62 
OBJECT_ADD 29589486,33277455,36.000000,62 
OBJECT_ADD 29608435,33218386,36.000000,62 
OBJECT_ADD 29621606,33210490,36.000000,62 
OBJECT_ADD 29592713,33277811,36.000000,62 
OBJECT_ADD 29590892,33275200,36.000000,62 
OBJECT_ADD 29584980,33281831,36.000000,62 
OBJECT_ADD 29617281,33297205,36.000000,62 
OBJECT_ADD 29611196,33306052,36.000000,62 
OBJECT_ADD 29618747,33257977,149.000000,62 
OBJECT_ADD 29622378,33255506,149.000000,62 
OBJECT_ADD 29622759,33258727,149.000000,62 
OBJECT_ADD 29623120,33271206,149.000000,62 
OBJECT_ADD 29620687,33261795,149.000000,62 
OBJECT_ADD 29607437,33244702,149.000000,62 
OBJECT_ADD 29646519,33217249,149.000000,62 
OBJECT_ADD 29642369,33247665,149.000000,62 
OBJECT_ADD 29631159,33231971,149.000000,62 
OBJECT_ADD 29652318,33278457,36.000000,62 
OBJECT_ADD 29657802,33280132,36.000000,62 
OBJECT_ADD 29650018,33281864,36.000000,62 
OBJECT_ADD 29645231,33284450,36.000000,62 
OBJECT_ADD 29620659,33287181,36.000000,62 
OBJECT_ADD 29617950,33290498,36.000000,62 
OBJECT_ADD 29647140,33345887,36.000000,62 
OBJECT_ADD 29682295,33320029,36.000000,62 
OBJECT_ADD 29663444,33276557,36.000000,62 
OBJECT_ADD 29663667,33295799,36.000000,62 
OBJECT_ADD 29628702,33285658,-7.000000,63 
OBJECT_ADD 29636735,33245679,-18.000000,63 
OBJECT_ADD 29661368,33281067,36.000000,62 
OBJECT_ADD 29665219,33285301,36.000000,62 
OBJECT_ADD 29651848,33271429,-7.000000,63 
OBJECT_ADD 29663406,33245725,-18.000000,63 
OBJECT_ADD 29680816,33264491,59.000000,63 
OBJECT_ADD 29620410,33278383,36.000000,62 
OBJECT_ADD 29660562,33272441,36.000000,62 
OBJECT_ADD 29665213,33279031,36.000000,62 
OBJECT_ADD 29669723,33278336,36.000000,62 
OBJECT_ADD 29657061,33274401,36.000000,62 
OBJECT_ADD 29657479,33246828,36.000000,62 
OBJECT_ADD 29633817,33272587,36.000000,62 
OBJECT_ADD 29643533,33259431,36.000000,62 
OBJECT_ADD 29636030,33269215,36.000000,62 
OBJECT_ADD 29649576,33270179,59.000000,63 
OBJECT_ADD 29677635,33244329,36.000000,62 
OBJECT_ADD 29679151,33270783,36.000000,62 
OBJECT_ADD 29651803,33217978,36.000000,62 
OBJECT_ADD 29638555,33248696,36.000000,62 
OBJECT_ADD 29656889,33220634,36.000000,62 
OBJECT_ADD 29662590,33228946,36.000000,62 
OBJECT_ADD 29612476,33245184,36.000000,62 
OBJECT_ADD 29610071,33251442,59.000000,63 
OBJECT_ADD 29616731,33242260,36.000000,62 
OBJECT_ADD 29628705,33221952,126.000000,62 
OBJECT_ADD 29625482,33233025,126.000000,62 
OBJECT_ADD 29627073,33242249,149.000000,62 
OBJECT_ADD 29658794,33221436,149.000000,62 
OBJECT_ADD 29619772,33264943,149.000000,62 
OBJECT_ADD 29633100,33235161,-18.000000,63 
OBJECT_ADD 29627687,33256220,59.000000,63 
OBJECT_ADD 29659834,33297121,36.000000,62 
OBJECT_ADD 29614554,33276813,-7.000000,63 
OBJECT_ADD 29648861,33353224,36.000000,62 
OBJECT_ADD 29649378,33349208,36.000000,62 
OBJECT_ADD 29612776,33354678,36.000000,62 
OBJECT_ADD 29627790,33322763,-7.000000,63 
OBJECT_ADD 29634127,33326618,-18.000000,63 
OBJECT_ADD 29671452,33328031,36.000000,62 
OBJECT_ADD 29672836,33329083,36.000000,62 
OBJECT_ADD 29663847,33309986,36.000000,62 
OBJECT_ADD 29683082,33313751,36.000000,62 
OBJECT_ADD 29682948,33322057,36.000000,62 
OBJECT_ADD 29636624,33326099,59.000000,63 
OBJECT_ADD 29669569,33295020,36.000000,62 
OBJECT_ADD 29673642,33293044,36.000000,62 
OBJECT_ADD 29677115,33313633,36.000000,62 
OBJECT_ADD 29678214,33308648,36.000000,62 
OBJECT_ADD 29679174,33303557,36.000000,62 
OBJECT_ADD 29625872,33314746,36.000000,62 
OBJECT_ADD 29620964,33322070,36.000000,62 
OBJECT_ADD 29658641,33321668,36.000000,62 
OBJECT_ADD 29636972,33336488,36.000000,62 
OBJECT_ADD 29633677,33330229,36.000000,62 
OBJECT_ADD 29618410,33301393,36.000000,62 
OBJECT_ADD 29669140,33231314,36.000000,62 
OBJECT_ADD 29686617,33257639,36.000000,62 
OBJECT_ADD 29620607,33294746,36.000000,62 
OBJECT_ADD 29578290,33272785,-7.000000,63 
OBJECT_ADD 29640065,33321599,-18.000000,63 
OBJECT_ADD 29491107,33250006,-23.000000,62 
OBJECT_ADD 29490855,33245123,-23.000000,62 
OBJECT_ADD 29492686,33240814,-23.000000,62 
OBJECT_ADD 29488356,33240650,-23.000000,62 
OBJECT_ADD 29483782,33243581,-23.000000,62 
OBJECT_ADD 29478444,33243336,-23.000000,62 
OBJECT_ADD 29476654,33246846,-23.000000,62 
OBJECT_ADD 29469522,33249048,-23.000000,62 
OBJECT_ADD 29502332,33279139,-66.000000,63 
OBJECT_ADD 29496133,33242788,-77.000000,63 
OBJECT_ADD 29490905,33256877,0.000000,62 
OBJECT_ADD 29481020,33305422,0.000000,62 
OBJECT_ADD 29487793,33299829,0.000000,62 
OBJECT_ADD 29483967,33296183,0.000000,62 
OBJECT_ADD 29507828,33269884,0.000000,62 
OBJECT_ADD 29508288,33264627,0.000000,62 
OBJECT_ADD 29504889,33266503,0.000000,62 
OBJECT_ADD 29501488,33273454,0.000000,62 
OBJECT_ADD 29500535,33267942,0.000000,62 
OBJECT_ADD 29490748,33260547,0.000000,62 
OBJECT_ADD 29515784,33183553,0.000000,62 
OBJECT_ADD 29517783,33180430,0.000000,62 
OBJECT_ADD 29524866,33174289,0.000000,62 
OBJECT_ADD 29525727,33159054,0.000000,62 
OBJECT_ADD 29529073,33156023,0.000000,62 
OBJECT_ADD 29553085,33158703,0.000000,62 
OBJECT_ADD 29556517,33155523,0.000000,62 
OBJECT_ADD 29552101,33154711,0.000000,62 
OBJECT_ADD 29554839,33151374,0.000000,62 
OBJECT_ADD 29548157,33145614,0.000000,62 
OBJECT_ADD 29552565,33149269,0.000000,62 
OBJECT_ADD 29538327,33155744,0.000000,62 
OBJECT_ADD 29541736,33140722,0.000000,62 
OBJECT_ADD 29540403,33195914,-23.000000,62 
OBJECT_ADD 29546117,33196226,-23.000000,62 
OBJECT_ADD 29543647,33193536,-23.000000,62 
OBJECT_ADD 29546015,33190813,-23.000000,62 
OBJECT_ADD 29550425,33191026,-23.000000,62 
OBJECT_ADD 29554855,33190813,-23.000000,62 
OBJECT_ADD 29558904,33190804,-23.000000,62 
OBJECT_ADD 29561751,33190391,-23.000000,62 
OBJECT_ADD 29564970,33188108,-23.000000,62 
OBJECT_ADD 29567243,33186456,-23.000000,62 
OBJECT_ADD 29570823,33182322,-23.000000,62 
OBJECT_ADD 29572442,33178418,-23.000000,62 
OBJECT_ADD 29574886,33178297,-23.000000,62 
OBJECT_ADD 29589225,33169992,-66.000000,63 
OBJECT_ADD 29542737,33187482,-77.000000,63 
OBJECT_ADD 29543362,33190695,0.000000,63 
OBJECT_ADD 29540086,33199955,0.000000,62 
OBJECT_ADD 29541064,33203589,0.000000,62 
OBJECT_ADD 29575273,33195939,0.000000,62 
OBJECT_ADD 29574098,33198770,0.000000,62 
OBJECT_ADD 29571665,33197094,0.000000,62 
OBJECT_ADD 29568679,33195010,0.000000,62 
OBJECT_ADD 29565406,33193982,0.000000,62 
OBJECT_ADD 29562022,33193138,0.000000,62 
OBJECT_ADD 29554219,33201953,0.000000,62 
OBJECT_ADD 29551865,33202564,0.000000,62 
OBJECT_ADD 29552456,33200167,0.000000,62 
OBJECT_ADD 29549350,33197369,0.000000,62 
OBJECT_ADD 29546816,33217584,0.000000,62 
OBJECT_ADD 29513214,33211353,0.000000,62 
OBJECT_ADD 29516826,33209412,0.000000,62 
OBJECT_ADD 29519768,33206367,0.000000,62 
OBJECT_ADD 29520597,33201305,0.000000,62 
OBJECT_ADD 29524487,33205728,0.000000,62 
OBJECT_ADD 29516441,33217404,0.000000,62 
OBJECT_ADD 29522643,33219060,0.000000,62 
OBJECT_ADD 29524504,33221259,0.000000,62 
OBJECT_ADD 29527595,33221605,0.000000,62 
OBJECT_ADD 29530000,33203258,0.000000,62 
OBJECT_ADD 29533645,33202257,0.000000,62 
OBJECT_ADD 29536804,33200375,0.000000,62 
OBJECT_ADD 29529829,33228170,0.000000,62 
OBJECT_ADD 29549196,33238807,0.000000,62 
OBJECT_ADD 29546207,33244590,0.000000,62 
OBJECT_ADD 29548858,33232125,0.000000,62 
OBJECT_ADD 29551542,33218657,0.000000,62 
OBJECT_ADD 29505004,33194278,0.000000,62 
OBJECT_ADD 29507764,33197478,0.000000,62 
OBJECT_ADD 29507570,33193494,0.000000,62 
OBJECT_ADD 29539584,33175072,0.000000,62 
OBJECT_ADD 29545064,33220989,0.000000,62 
OBJECT_ADD 29542542,33230723,0.000000,62 
OBJECT_ADD 29535212,33230958,0.000000,62 
OBJECT_ADD 29532538,33229685,0.000000,62 
OBJECT_ADD 29552079,33255035,0.000000,62 
OBJECT_ADD 29519096,33281502,-23.000000,62 
OBJECT_ADD 29518557,33277659,-23.000000,62 
OBJECT_ADD 29522399,33277991,-23.000000,62 
OBJECT_ADD 29525742,33276446,-23.000000,62 
OBJECT_ADD 29550318,33262131,-23.000000,62 
OBJECT_ADD 29547654,33262931,-23.000000,62 
OBJECT_ADD 29546950,33266297,-23.000000,62 
OBJECT_ADD 29546603,33269041,-23.000000,62 
OBJECT_ADD 29536075,33265085,-23.000000,62 
OBJECT_ADD 29534920,33262024,-23.000000,62 
OBJECT_ADD 29531746,33264085,-23.000000,62 
OBJECT_ADD 29528418,33264372,-23.000000,62 
OBJECT_ADD 29534505,33257926,-23.000000,62 
OBJECT_ADD 29510840,33272763,-66.000000,63 
OBJECT_ADD 29564481,33261118,-77.000000,63 
OBJECT_ADD 29551794,33267347,0.000000,63 
OBJECT_ADD 29594284,33196412,0.000000,62 
OBJECT_ADD 29596192,33193847,0.000000,62 
OBJECT_ADD 29577846,33176564,0.000000,62 
OBJECT_ADD 29577212,33180656,0.000000,62 
OBJECT_ADD 29579238,33184093,0.000000,62 
OBJECT_ADD 29610901,33164065,0.000000,62 
OBJECT_ADD 29607364,33167632,0.000000,62 
OBJECT_ADD 29585088,33172619,0.000000,62 
OBJECT_ADD 29582347,33173479,0.000000,62 
OBJECT_ADD 29613384,33206823,0.000000,62 
OBJECT_ADD 29611667,33210009,0.000000,62 
OBJECT_ADD 29604314,33203145,0.000000,62 
OBJECT_ADD 29591819,33160174,0.000000,62 
OBJECT_ADD 29489701,33265150,-23.000000,62 
OBJECT_ADD 29487568,33268498,-23.000000,62 
OBJECT_ADD 29495521,33258873,-23.000000,62 
OBJECT_ADD 29514151,33246103,-23.000000,62 
OBJECT_ADD 29508174,33249168,-23.000000,62 
OBJECT_ADD 29501810,33255188,0.000000,63 
OBJECT_ADD 29517091,33238312,0.000000,62 
OBJECT_ADD 29523701,33234544,0.000000,62 
OBJECT_ADD 29499932,33232870,0.000000,62 
OBJECT_ADD 29621973,33123539,0.000000,62 
OBJECT_ADD 29622044,33129000,0.000000,62 
OBJECT_ADD 29618007,33132727,0.000000,62 
OBJECT_ADD 29619923,33137236,0.000000,62 
OBJECT_ADD 29615823,33139440,0.000000,62 
OBJECT_ADD 29619272,33141144,0.000000,62 
OBJECT_ADD 29616828,33145769,0.000000,62 
OBJECT_ADD 29617056,33154544,0.000000,62 
OBJECT_ADD 29617325,33158743,0.000000,62 
OBJECT_ADD 29613025,33157997,0.000000,62 
OBJECT_ADD 29591441,33157626,0.000000,62 
OBJECT_ADD 29599690,33164835,0.000000,62 
OBJECT_ADD 29601567,33178346,0.000000,62 
OBJECT_ADD 29593670,33120845,0.000000,62 
OBJECT_ADD 29597341,33120094,0.000000,62 
OBJECT_ADD 29601328,33118531,0.000000,62 
OBJECT_ADD 29604498,33114619,0.000000,62 
OBJECT_ADD 29608756,33114073,0.000000,62 
OBJECT_ADD 29612948,33110684,0.000000,62 
OBJECT_ADD 29617237,33108493,0.000000,62 
OBJECT_ADD 29620874,33106330,0.000000,62 
OBJECT_ADD 29624045,33108444,0.000000,62 
OBJECT_ADD 29622453,33115478,0.000000,62 
OBJECT_ADD 29604727,33142562,0.000000,62 
OBJECT_ADD 29607303,33149401,0.000000,62 
OBJECT_ADD 29588562,33121404,0.000000,62 
OBJECT_ADD 29633704,33142772,0.000000,62 
OBJECT_ADD 29630404,33148254,0.000000,62 
OBJECT_ADD 29629096,33152112,0.000000,62 
OBJECT_ADD 29623805,33154955,0.000000,62 
OBJECT_ADD 29620759,33159027,0.000000,62 
OBJECT_ADD 29584150,33120012,0.000000,62 
OBJECT_ADD 29586443,33126661,0.000000,62 
OBJECT_ADD 29583452,33129477,0.000000,62 
OBJECT_ADD 29587110,33130961,0.000000,62 
OBJECT_ADD 29589730,33128250,0.000000,62 
OBJECT_ADD 29578942,33140704,0.000000,62 
OBJECT_ADD 29575295,33151068,0.000000,62 
OBJECT_ADD 29635920,33139287,0.000000,62 
OBJECT_ADD 29658433,33165562,0.000000,62 
OBJECT_ADD 29653215,33165500,0.000000,62 
OBJECT_ADD 29651062,33163290,0.000000,62 
OBJECT_ADD 29496425,33386223,0.000000,62 
OBJECT_ADD 29497076,33384738,0.000000,62 
OBJECT_ADD 29494794,33371001,0.000000,62 
OBJECT_ADD 29563723,33335601,0.000000,62 
OBJECT_ADD 29557610,33336544,0.000000,62 
OBJECT_ADD 29560716,33332622,0.000000,62 
OBJECT_ADD 29558155,33329294,0.000000,62 
OBJECT_ADD 29555182,33310711,0.000000,62 
OBJECT_ADD 29535714,33299093,0.000000,62 
OBJECT_ADD 29540254,33290883,0.000000,62 
OBJECT_ADD 29542029,33294224,0.000000,62 
OBJECT_ADD 29543306,33297248,0.000000,62 
OBJECT_ADD 29552666,33300500,0.000000,62 
OBJECT_ADD 29664649,33201410,0.000000,62 
OBJECT_ADD 29659378,33203288,0.000000,62 
OBJECT_ADD 29653914,33205233,0.000000,62 
OBJECT_ADD 29649006,33207381,0.000000,62 
OBJECT_ADD 29642960,33210651,0.000000,62 
OBJECT_ADD 29651061,33200162,0.000000,62 
OBJECT_ADD 29650400,33197812,0.000000,62 
OBJECT_ADD 29638152,33187083,0.000000,62 
OBJECT_ADD 29633754,33189996,0.000000,62 
OBJECT_ADD 29634734,33193325,0.000000,62 
OBJECT_ADD 29637446,33191178,0.000000,62 
OBJECT_ADD 29637279,33196312,0.000000,62 
OBJECT_ADD 29667673,33201354,0.000000,62 
OBJECT_ADD 29634479,33187455,0.000000,62 
OBJECT_ADD 29667443,33163892,0.000000,62 
OBJECT_ADD 29671614,33163429,0.000000,62 
OBJECT_ADD 29660961,33166952,0.000000,62 
OBJECT_ADD 29662469,33172351,0.000000,62 
OBJECT_ADD 29663655,33175237,0.000000,62 
OBJECT_ADD 29698347,33192551,0.000000,62 
OBJECT_ADD 29693247,33192254,0.000000,62 
OBJECT_ADD 29690998,33189785,0.000000,62 
OBJECT_ADD 29684519,33190563,0.000000,62 
OBJECT_ADD 29676290,33191934,0.000000,62 
OBJECT_ADD 29670381,33196536,0.000000,62 
OBJECT_ADD 29654022,33184669,0.000000,62 
OBJECT_ADD 29596925,33211256,0.000000,62 
OBJECT_ADD 29638597,33155205,0.000000,62 
OBJECT_ADD 29633565,33158910,0.000000,62 
OBJECT_ADD 29637077,33159790,0.000000,62 
OBJECT_ADD 29644245,33161480,0.000000,62 
OBJECT_ADD 29645760,33158186,0.000000,62 
OBJECT_ADD 29648312,33159616,0.000000,62 
OBJECT_ADD 29647342,33154063,0.000000,62 
OBJECT_ADD 29649465,33150653,0.000000,62 
OBJECT_ADD 29606856,33209614,0.000000,62 
OBJECT_ADD 29322893,33160005,-66.000000,63 
OBJECT_ADD 29271909,33159574,-23.000000,62 
OBJECT_ADD 29274058,33155188,-23.000000,62 
OBJECT_ADD 29322630,33158839,-23.000000,62 
OBJECT_ADD 29357229,33142626,-23.000000,62 
OBJECT_ADD 29334532,33156124,-23.000000,62 
OBJECT_ADD 29330673,33156643,-23.000000,62 
OBJECT_ADD 29326067,33158099,-23.000000,62 
OBJECT_ADD 29295665,33157984,-77.000000,63 
OBJECT_ADD 29339488,33145906,0.000000,63 
OBJECT_ADD 29350415,33146309,-23.000000,62 
OBJECT_ADD 29347731,33147373,-23.000000,62 
OBJECT_ADD 29355464,33156100,-23.000000,62 
OBJECT_ADD 29353737,33152483,-23.000000,62 
OBJECT_ADD 29351475,33156552,-23.000000,62 
OBJECT_ADD 29353940,33160012,-23.000000,62 
OBJECT_ADD 29322409,33146998,-23.000000,62 
OBJECT_ADD 29321913,33152354,-23.000000,62 
OBJECT_ADD 29320526,33155216,-23.000000,62 
OBJECT_ADD 29285778,33148767,-77.000000,63 
OBJECT_ADD 29333614,33144928,-23.000000,62 
OBJECT_ADD 29304631,33145569,-23.000000,62 
OBJECT_ADD 29307273,33199285,-23.000000,62 
OBJECT_ADD 29303482,33198436,-23.000000,62 
OBJECT_ADD 29279161,33163017,-23.000000,62 
OBJECT_ADD 29285037,33148153,-23.000000,62 
OBJECT_ADD 29261410,33206086,-77.000000,63 
OBJECT_ADD 29282374,33244723,-23.000000,62 
OBJECT_ADD 29282035,33239903,-23.000000,62 
OBJECT_ADD 29277888,33175757,-23.000000,62 
OBJECT_ADD 29287792,33204968,-23.000000,62 
OBJECT_ADD 29273360,33210860,-23.000000,62 
OBJECT_ADD 29297002,33208432,-23.000000,62 
OBJECT_ADD 29299167,33219816,-23.000000,62 
OBJECT_ADD 29279252,33180138,-23.000000,62 
OBJECT_ADD 29278316,33169959,-23.000000,62 
OBJECT_ADD 29275452,33178238,-23.000000,62 
OBJECT_ADD 29284616,33204179,-23.000000,62 
OBJECT_ADD 29269026,33148213,-66.000000,63 
OBJECT_ADD 29272913,33177586,-77.000000,63 
OBJECT_ADD 29265737,33185976,0.000000,63 
OBJECT_ADD 29357587,33195534,-23.000000,62 
OBJECT_ADD 29334644,33186361,-23.000000,62 
OBJECT_ADD 29351318,33214851,-23.000000,62 
OBJECT_ADD 29335201,33193234,-23.000000,62 
OBJECT_ADD 29343272,33199452,-23.000000,62 
OBJECT_ADD 29341320,33195704,-23.000000,62 
OBJECT_ADD 29337212,33189915,-23.000000,62 
OBJECT_ADD 29346603,33188668,-23.000000,62 
OBJECT_ADD 29302358,33170800,-66.000000,63 
OBJECT_ADD 29302062,33185417,-77.000000,63 
OBJECT_ADD 29299737,33229312,0.000000,63 
OBJECT_ADD 29304001,33148832,-23.000000,62 
OBJECT_ADD 29341558,33152893,-23.000000,62 
OBJECT_ADD 29344035,33149670,-23.000000,62 
OBJECT_ADD 29311382,33183745,-23.000000,62 
OBJECT_ADD 29322562,33176913,-23.000000,62 
OBJECT_ADD 29309423,33181699,-23.000000,62 
OBJECT_ADD 29311590,33180464,-23.000000,62 
OBJECT_ADD 29325452,33171989,-23.000000,62 
OBJECT_ADD 29350491,33214993,-66.000000,63 
OBJECT_ADD 29354190,33201143,-77.000000,63 
OBJECT_ADD 29340414,33224583,0.000000,63 
OBJECT_ADD 29341837,33166785,-23.000000,62 
OBJECT_ADD 29338072,33164832,-23.000000,62 
OBJECT_ADD 29335707,33161947,-23.000000,62 
OBJECT_ADD 29284236,33231216,-23.000000,62 
OBJECT_ADD 29288453,33223614,-23.000000,62 
OBJECT_ADD 29278691,33224083,-23.000000,62 
OBJECT_ADD 29279032,33220716,-23.000000,62 
OBJECT_ADD 29284543,33219331,-23.000000,62 
OBJECT_ADD 29337669,33193851,-23.000000,62 
OBJECT_ADD 29281483,33215854,-23.000000,62 
OBJECT_ADD 29288442,33208608,-23.000000,62 
OBJECT_ADD 29290621,33212407,-23.000000,62 
OBJECT_ADD 29295212,33240123,-66.000000,63 
OBJECT_ADD 29261397,33161179,-77.000000,63 
OBJECT_ADD 29275230,33153836,0.000000,63 
OBJECT_ADD 29276751,33162914,-23.000000,62 
OBJECT_ADD 29292814,33215820,-23.000000,62 
OBJECT_ADD 29319060,33227069,-23.000000,62 
OBJECT_ADD 29322686,33230000,-23.000000,62 
OBJECT_ADD 29303548,33206548,-23.000000,62 
OBJECT_ADD 29301969,33210159,-23.000000,62 
OBJECT_ADD 29305102,33212993,-23.000000,62 
OBJECT_ADD 29272164,33179142,0.000000,63 
OBJECT_ADD 29347186,33175465,-23.000000,62 
OBJECT_ADD 29315703,33234104,-23.000000,62 
OBJECT_ADD 29352535,33207916,-23.000000,62 
OBJECT_ADD 29352140,33210021,-66.000000,63 
OBJECT_ADD 29339863,33174900,-23.000000,62 
OBJECT_ADD 29334387,33173341,-23.000000,62 
OBJECT_ADD 29304104,33126778,-66.000000,63 
OBJECT_ADD 29357691,33162495,-23.000000,62 
OBJECT_ADD 29350165,33162011,-23.000000,62 
OBJECT_ADD 29347185,33171847,-23.000000,62 
OBJECT_ADD 29349268,33190886,-23.000000,62 
OBJECT_ADD 29351582,33175177,-23.000000,62 
OBJECT_ADD 29349461,33178610,-23.000000,62 
OBJECT_ADD 29353923,33223609,-23.000000,62 
OBJECT_ADD 29342768,33159620,0.000000,63 
OBJECT_ADD 29362457,33151131,-23.000000,62 
OBJECT_ADD 29362326,33144050,-23.000000,62 
OBJECT_ADD 29364974,33153060,-23.000000,62 
OBJECT_ADD 29367349,33158874,-23.000000,62 
OBJECT_ADD 29370168,33190567,-23.000000,62 
OBJECT_ADD 29363301,33162961,-23.000000,62 
OBJECT_ADD 29364388,33167211,-23.000000,62 
OBJECT_ADD 29362247,33171410,-23.000000,62 
OBJECT_ADD 29367766,33203583,-23.000000,62 
OBJECT_ADD 29373085,33183647,-23.000000,62 
OBJECT_ADD 29369175,33204983,-23.000000,62 
OBJECT_ADD 29306443,33105739,0.000000,62 
OBJECT_ADD 29300087,33137787,0.000000,62 
OBJECT_ADD 29311084,33134720,0.000000,62 
OBJECT_ADD 29309509,33131043,0.000000,62 
OBJECT_ADD 29308659,33127303,0.000000,62 
OBJECT_ADD 29306258,33111935,0.000000,62 
OBJECT_ADD 29309311,33111074,0.000000,62 
OBJECT_ADD 29314068,33114564,0.000000,62 
OBJECT_ADD 29318350,33115075,0.000000,62 
OBJECT_ADD 29326854,33118643,0.000000,62 
OBJECT_ADD 29323358,33121588,0.000000,62 
OBJECT_ADD 29326234,33124127,0.000000,62 
OBJECT_ADD 29330162,33130892,0.000000,62 
OBJECT_ADD 29347989,33238186,0.000000,62 
OBJECT_ADD 29349945,33240919,0.000000,62 
OBJECT_ADD 29339108,33237298,0.000000,62 
OBJECT_ADD 29340787,33241103,0.000000,62 
OBJECT_ADD 29334258,33248220,0.000000,62 
OBJECT_ADD 29331192,33248617,0.000000,62 
OBJECT_ADD 29334331,33253123,0.000000,62 
OBJECT_ADD 29329304,33252398,0.000000,62 
OBJECT_ADD 29309028,33258634,0.000000,62 
OBJECT_ADD 29301931,33243071,0.000000,62 
OBJECT_ADD 29301217,33246738,0.000000,62 
OBJECT_ADD 29318475,33241723,0.000000,62 
OBJECT_ADD 29339611,33247929,0.000000,62 
OBJECT_ADD 29323272,33242914,0.000000,62 
OBJECT_ADD 29335945,33231126,0.000000,62 
OBJECT_ADD 29294684,33222376,0.000000,62 
OBJECT_ADD 29296834,33225280,0.000000,62 
OBJECT_ADD 29300380,33229175,0.000000,62 
OBJECT_ADD 29332011,33234873,0.000000,62 
OBJECT_ADD 29289064,33227616,0.000000,62 
OBJECT_ADD 29372456,33225483,0.000000,62 
OBJECT_ADD 29370910,33218902,0.000000,62 
OBJECT_ADD 29374533,33221732,0.000000,62 
OBJECT_ADD 29367236,33215753,0.000000,62 
OBJECT_ADD 29366270,33211129,0.000000,62 
OBJECT_ADD 29365085,33219064,0.000000,62 
