# tangmere bognor trees

OBJECT_ADD 24751700,28254343,-23.000000,62 
OBJECT_ADD 24748966,28255839,-23.000000,62 
OBJECT_ADD 24748508,28288095,-23.000000,62 
OBJECT_ADD 24744736,28291133,-23.000000,62 
OBJECT_ADD 24708224,28274673,-23.000000,62 
OBJECT_ADD 24708379,28301174,-23.000000,62 
OBJECT_ADD 24763421,28252684,-66.000000,63 
OBJECT_ADD 24701083,28279724,-77.000000,63 
 
OBJECT_ADD 24728762,28283753,-23.000000,62 
OBJECT_ADD 24756825,28267644,-23.000000,62 
OBJECT_ADD 24709840,28271214,-23.000000,62 
OBJECT_ADD 24729401,28295323,-23.000000,62 
OBJECT_ADD 24711769,28302558,-23.000000,62 
OBJECT_ADD 24736235,28302169,-23.000000,62 
OBJECT_ADD 24739867,28310235,-23.000000,62 
OBJECT_ADD 24739938,28289311,-23.000000,62 
OBJECT_ADD 24712437,28252253,-23.000000,62 
OBJECT_ADD 24714586,28247867,-23.000000,62 
OBJECT_ADD 24713524,28263917,-23.000000,62 
OBJECT_ADD 24711374,28267483,-23.000000,62 
OBJECT_ADD 24732262,28291616,-23.000000,62 
OBJECT_ADD 24700709,28291209,-66.000000,63 
OBJECT_ADD 24702482,28285347,-77.000000,63 
OBJECT_ADD 24703709,28281119,0.000000,63 

OBJECT_ADD 24786360,28271962,-23.000000,62 
OBJECT_ADD 24780115,28274269,-23.000000,62 
OBJECT_ADD 24784473,28273753,-23.000000,62 
OBJECT_ADD 24788560,28287512,-23.000000,62 
OBJECT_ADD 24798524,28295534,-23.000000,62 
OBJECT_ADD 24800758,28301265,-23.000000,62 
OBJECT_ADD 24804746,28299022,-23.000000,62 
OBJECT_ADD 24806929,28295524,-23.000000,62 
OBJECT_ADD 24801218,28298244,-23.000000,62 
OBJECT_ADD 24786662,28284107,-23.000000,62 
OBJECT_ADD 24782363,28289994,-23.000000,62 
OBJECT_ADD 24781663,28285217,-23.000000,62 
OBJECT_ADD 24786336,28281029,-23.000000,62 
OBJECT_ADD 24798463,28260058,-66.000000,63 
OBJECT_ADD 24801089,28260613,-77.000000,63 
OBJECT_ADD 24800853,28263323,0.000000,63 

OBJECT_ADD 24813494,28283883,-23.000000,62 
OBJECT_ADD 24817165,28281607,-23.000000,62 
OBJECT_ADD 24816077,28276954,-23.000000,62 
OBJECT_ADD 24813730,28272374,-23.000000,62 
OBJECT_ADD 24812930,28267265,-23.000000,62 
OBJECT_ADD 24810057,28264856,-23.000000,62 
OBJECT_ADD 24808395,28262357,-23.000000,62 
OBJECT_ADD 24812121,28251312,-23.000000,62 
OBJECT_ADD 24808305,28254082,-23.000000,62 
OBJECT_ADD 24806599,28258138,-23.000000,62 
OBJECT_ADD 24802262,28242338,-23.000000,62 
OBJECT_ADD 24800867,28245582,-23.000000,62 
OBJECT_ADD 24802656,28255328,-23.000000,62 
OBJECT_ADD 24742665,28260567,-66.000000,63 
OBJECT_ADD 24744926,28270404,-77.000000,63 
OBJECT_ADD 24753084,28288224,0.000000,63 
 
OBJECT_ADD 24757675,28302129,-23.000000,62 
OBJECT_ADD 24770956,28289332,-23.000000,62 
OBJECT_ADD 24768358,28289062,-23.000000,62 
OBJECT_ADD 24764497,28286149,-23.000000,62 
OBJECT_ADD 24763747,28270366,-23.000000,62 
OBJECT_ADD 24768870,28267197,-23.000000,62 
OBJECT_ADD 24755711,28272364,-23.000000,62 
OBJECT_ADD 24760207,28266630,-23.000000,62 
OBJECT_ADD 24797757,28235305,-23.000000,62 
OBJECT_ADD 24804472,28237026,-23.000000,62 
OBJECT_ADD 24810353,28251748,-23.000000,62 
OBJECT_ADD 24801129,28246483,-23.000000,62 
OBJECT_ADD 24810564,28284113,-23.000000,62 
OBJECT_ADD 24782999,28298326,-66.000000,63 
OBJECT_ADD 24791480,28292401,-77.000000,63 
OBJECT_ADD 24769624,28306577,0.000000,63 

OBJECT_ADD 24770246,28262679,-23.000000,62 
OBJECT_ADD 24774118,28262404,-23.000000,62 
OBJECT_ADD 24773185,28259629,-23.000000,62 
OBJECT_ADD 24763158,28251518,-23.000000,62 
OBJECT_ADD 24724254,28321533,-23.000000,62 
OBJECT_ADD 24724186,28319123,-23.000000,62 
OBJECT_ADD 24721884,28315910,-23.000000,62 
OBJECT_ADD 24720731,28312950,-23.000000,62 
OBJECT_ADD 24725071,28312010,-23.000000,62 
OBJECT_ADD 24776704,28275993,-23.000000,62 
OBJECT_ADD 24734939,28314174,-23.000000,62 
OBJECT_ADD 24745617,28315236,-23.000000,62 
OBJECT_ADD 24739047,28311838,-23.000000,62 
OBJECT_ADD 24742424,28323259,-66.000000,63 
OBJECT_ADD 24716886,28283875,-77.000000,63 
OBJECT_ADD 24734882,28300867,0.000000,63 

OBJECT_ADD 24710323,28257900,-23.000000,62 
OBJECT_ADD 24749189,28316565,-23.000000,62 
OBJECT_ADD 24752657,28317092,-23.000000,62 
OBJECT_ADD 24768077,28318936,-23.000000,62 
OBJECT_ADD 24756547,28317391,-23.000000,62 
OBJECT_ADD 24754248,28299850,-23.000000,62 
OBJECT_ADD 24751239,28298764,-23.000000,62 
OBJECT_ADD 24714498,28279547,0.000000,63 

OBJECT_ADD 24777682,28280773,-23.000000,62 
OBJECT_ADD 24821664,28312679,-23.000000,62 
OBJECT_ADD 24764372,28318541,-23.000000,62 
OBJECT_ADD 24769207,28317250,-23.000000,62 
OBJECT_ADD 24815684,28319213,-23.000000,62 
OBJECT_ADD 24803287,28297930,-23.000000,62 
OBJECT_ADD 24822252,28293033,-23.000000,62 
OBJECT_ADD 24820826,28289080,-23.000000,62 
OBJECT_ADD 24821965,28303655,-23.000000,62 
OBJECT_ADD 24818655,28305360,-23.000000,62 
OBJECT_ADD 24822811,28315086,-23.000000,62 
OBJECT_ADD 24821138,28320961,-23.000000,62 
OBJECT_ADD 24818280,28320101,-23.000000,62 
OBJECT_ADD 24780422,28306183,-66.000000,63 
OBJECT_ADD 24798903,28308395,-77.000000,63 
OBJECT_ADD 24809380,28310606,0.000000,63 

OBJECT_ADD 24814622,28151495,-203.000000,62 
OBJECT_ADD 24812242,28133721,-203.000000,62 
OBJECT_ADD 24812867,28137535,-203.000000,62 
OBJECT_ADD 24807765,28138681,-203.000000,62 
OBJECT_ADD 24820604,28149304,-203.000000,62 
OBJECT_ADD 24832959,28143431,-203.000000,62 
OBJECT_ADD 24801724,28136041,-203.000000,62 
OBJECT_ADD 24813771,28140208,-203.000000,62 
OBJECT_ADD 24823091,28143129,-203.000000,62 
OBJECT_ADD 24819915,28143088,-203.000000,62 
OBJECT_ADD 24821283,28144624,-203.000000,62 
OBJECT_ADD 24834266,28132924,-203.000000,62 
OBJECT_ADD 24827207,28128650,-203.000000,62 
OBJECT_ADD 24795629,28110685,-246.000000,63 
OBJECT_ADD 24787247,28123138,-257.000000,63 

OBJECT_ADD 24832529,28131007,-203.000000,62 
OBJECT_ADD 24829862,28129437,-203.000000,62 
OBJECT_ADD 24825280,28128383,-203.000000,62 
OBJECT_ADD 24829433,28135356,-203.000000,62 
OBJECT_ADD 24824872,28125872,-203.000000,62 
OBJECT_ADD 24816558,28107568,-203.000000,62 
OBJECT_ADD 24818948,28123334,-203.000000,62 
OBJECT_ADD 24810819,28135753,-203.000000,62 
OBJECT_ADD 24835188,28113967,-203.000000,62 
OBJECT_ADD 24809417,28113661,-203.000000,62 
OBJECT_ADD 24810913,28112528,-203.000000,62 
OBJECT_ADD 24822390,28124093,-203.000000,62 
OBJECT_ADD 24820280,28120468,-203.000000,62 
OBJECT_ADD 24819428,28135916,-246.000000,63 
OBJECT_ADD 24820667,28136201,-257.000000,63 
OBJECT_ADD 24832354,28111418,-180.000000,63 

OBJECT_ADD 24807393,28144026,-203.000000,62 
OBJECT_ADD 24803535,28139304,-203.000000,62 
OBJECT_ADD 24802046,28133293,-203.000000,62 
OBJECT_ADD 24821003,28153645,-203.000000,62 
OBJECT_ADD 24815228,28154576,-203.000000,62 
OBJECT_ADD 24817982,28150059,-203.000000,62 
OBJECT_ADD 24812403,28149975,-203.000000,62 
OBJECT_ADD 24779862,28137167,-203.000000,62 
OBJECT_ADD 24793295,28133220,-203.000000,62 
OBJECT_ADD 24792466,28167958,-203.000000,62 
OBJECT_ADD 24843804,28136789,-203.000000,62 
OBJECT_ADD 24845996,28134076,-203.000000,62 
OBJECT_ADD 24842747,28129122,-203.000000,62 
OBJECT_ADD 24804446,28139451,-246.000000,63 
OBJECT_ADD 24828824,28130925,-257.000000,63 
OBJECT_ADD 24837878,28118017,-180.000000,63 


OBJECT_ADD 24838334,28148637,-203.000000,62 
OBJECT_ADD 24838672,28145500,-203.000000,62 
OBJECT_ADD 24841214,28148159,-203.000000,62 
OBJECT_ADD 24807275,28168252,-203.000000,62 
OBJECT_ADD 24808661,28165314,-203.000000,62 
OBJECT_ADD 24814171,28174165,-203.000000,62 
OBJECT_ADD 24814684,28171292,-203.000000,62 
OBJECT_ADD 24813775,28167771,-203.000000,62 
OBJECT_ADD 24822985,28160387,-203.000000,62 
OBJECT_ADD 24818970,28161122,-203.000000,62 
OBJECT_ADD 24818258,28156443,-203.000000,62 
OBJECT_ADD 24840079,28158475,-203.000000,62 
OBJECT_ADD 24818389,28159005,-203.000000,62 
OBJECT_ADD 24839199,28146919,-246.000000,63 
OBJECT_ADD 24835098,28156827,-257.000000,63 
OBJECT_ADD 24817404,28142929,-180.000000,63 

OBJECT_ADD 24840244,28119880,-203.000000,62 
OBJECT_ADD 24845219,28120122,-203.000000,62 
OBJECT_ADD 24844506,28110515,-203.000000,62 
OBJECT_ADD 24776990,28179002,-203.000000,62 
OBJECT_ADD 24778159,28173692,-203.000000,62 
OBJECT_ADD 24771977,28173629,-203.000000,62 
OBJECT_ADD 24773661,28169110,-203.000000,62 
OBJECT_ADD 24784378,28167304,-203.000000,62 
OBJECT_ADD 24783782,28164382,-203.000000,62 
OBJECT_ADD 24779404,28157121,-203.000000,62 
OBJECT_ADD 24777502,28152824,-203.000000,62 
OBJECT_ADD 24790768,28155843,-203.000000,62 
OBJECT_ADD 24787015,28153464,-203.000000,62 
OBJECT_ADD 24809485,28157226,-246.000000,63 
OBJECT_ADD 24770943,28161094,-257.000000,63 
OBJECT_ADD 24775288,28146787,-180.000000,63 

OBJECT_ADD 24803733,28144796,-203.000000,62 
OBJECT_ADD 24825163,28142894,-203.000000,62 
OBJECT_ADD 24827565,28142164,-203.000000,62 
OBJECT_ADD 24840615,28141401,-203.000000,62 
OBJECT_ADD 24837302,28122632,-203.000000,62 
OBJECT_ADD 24798859,28140501,-203.000000,62 
OBJECT_ADD 24800513,28142880,-203.000000,62 
OBJECT_ADD 24838188,28143098,-203.000000,62 
OBJECT_ADD 24833321,28122075,-203.000000,62 
OBJECT_ADD 24811219,28142159,-203.000000,62 
OBJECT_ADD 24815283,28116414,-203.000000,62 
OBJECT_ADD 24837281,28134889,-203.000000,62 
 
OBJECT_ADD 24790420,28143269,-203.000000,62 
OBJECT_ADD 24785941,28146614,-203.000000,62 
OBJECT_ADD 24832572,28168090,-203.000000,62 
OBJECT_ADD 24834808,28165840,-203.000000,62 
OBJECT_ADD 24837878,28161301,-203.000000,62 
OBJECT_ADD 24806693,28176288,-203.000000,62 
OBJECT_ADD 24805561,28172890,-203.000000,62 
OBJECT_ADD 24807211,28169841,-203.000000,62 
OBJECT_ADD 24817777,28153948,-203.000000,62 
OBJECT_ADD 24796348,28147211,-203.000000,62 
OBJECT_ADD 24791047,28147490,-203.000000,62 
OBJECT_ADD 24794750,28143205,-203.000000,62 
OBJECT_ADD 24832375,28156405,-203.000000,62 
OBJECT_ADD 24836062,28142791,-246.000000,63 
OBJECT_ADD 24808654,28160128,-257.000000,63 
OBJECT_ADD 24805221,28174292,-180.000000,63 

OBJECT_ADD 24854411,28131010,-23.000000,62 
OBJECT_ADD 24858283,28130735,-23.000000,62 
OBJECT_ADD 24857688,28127070,-23.000000,62 
OBJECT_ADD 24819796,28136405,-23.000000,62 
OBJECT_ADD 24862978,28130677,-23.000000,62 
OBJECT_ADD 24864269,28135266,-23.000000,62 
OBJECT_ADD 24851374,28101077,-23.000000,62 
OBJECT_ADD 24849303,28101156,-23.000000,62 
OBJECT_ADD 24850651,28129836,-23.000000,62 
OBJECT_ADD 24860905,28107189,-23.000000,62 
OBJECT_ADD 24851356,28125208,-23.000000,62 
OBJECT_ADD 24840196,28125104,-23.000000,62 
OBJECT_ADD 24848976,28123062,-23.000000,62 
OBJECT_ADD 24853680,28135898,-66.000000,63 
OBJECT_ADD 24858866,28136406,-77.000000,63 
OBJECT_ADD 24849280,28137032,0.000000,63 

OBJECT_ADD 24822139,28086014,-180.000000,63 

OBJECT_ADD 24671532,28221061,-23.000000,62 
OBJECT_ADD 24667200,28217031,-23.000000,62 
OBJECT_ADD 24699313,28229008,-23.000000,62 
OBJECT_ADD 24691144,28195668,-23.000000,62 
OBJECT_ADD 24700724,28225490,-23.000000,62 
OBJECT_ADD 24692931,28214335,-23.000000,62 
OBJECT_ADD 24692576,28209214,-23.000000,62 
OBJECT_ADD 24696220,28196468,-23.000000,62 
OBJECT_ADD 24677967,28195206,-23.000000,62 
OBJECT_ADD 24679413,28189906,-23.000000,62 
OBJECT_ADD 24680922,28188262,-23.000000,62 
OBJECT_ADD 24698872,28195493,-23.000000,62 
OBJECT_ADD 24697481,28191458,-23.000000,62 
OBJECT_ADD 24715649,28226708,-66.000000,63 
OBJECT_ADD 24707950,28225783,-77.000000,63 
OBJECT_ADD 24656010,28240756,0.000000,63 

OBJECT_ADD 24653623,28224532,-23.000000,62 
OBJECT_ADD 24708437,28201307,-23.000000,62 
OBJECT_ADD 24701043,28208013,-23.000000,62 
OBJECT_ADD 24667502,28223257,-23.000000,62 
OBJECT_ADD 24681618,28229593,-23.000000,62 
OBJECT_ADD 24667838,28194037,-23.000000,62 
OBJECT_ADD 24668430,28197313,-23.000000,62 
OBJECT_ADD 24701230,28205028,-23.000000,62 
OBJECT_ADD 24691764,28212040,-23.000000,62 
OBJECT_ADD 24716315,28192718,-23.000000,62 
OBJECT_ADD 24717022,28189399,-23.000000,62 
OBJECT_ADD 24687778,28198256,-23.000000,62 
OBJECT_ADD 24688885,28201613,-23.000000,62 
OBJECT_ADD 24690711,28235964,-66.000000,63 
OBJECT_ADD 24671625,28234894,-77.000000,63 
OBJECT_ADD 24695969,28183225,0.000000,63 

OBJECT_ADD 24680833,28265152,-23.000000,62 
OBJECT_ADD 24685847,28237952,-23.000000,62 
OBJECT_ADD 24698176,28261183,-23.000000,62 
OBJECT_ADD 24694200,28258421,-23.000000,62 
OBJECT_ADD 24705967,28248207,-23.000000,62 
OBJECT_ADD 24702808,28244698,-23.000000,62 
OBJECT_ADD 24691989,28255958,-23.000000,62 
OBJECT_ADD 24688303,28252978,-23.000000,62 
OBJECT_ADD 24688454,28255551,-23.000000,62 
OBJECT_ADD 24687895,28250032,-23.000000,62 
OBJECT_ADD 24683633,28247258,-23.000000,62 
OBJECT_ADD 24680692,28244653,-23.000000,62 
OBJECT_ADD 24678082,28244413,-23.000000,62 
OBJECT_ADD 24661745,28205969,-66.000000,63 
OBJECT_ADD 24658344,28219818,-77.000000,63 
OBJECT_ADD 24643077,28212724,0.000000,63 

OBJECT_ADD 24638511,28183838,-23.000000,62 
OBJECT_ADD 24664176,28184233,-23.000000,62 
OBJECT_ADD 24657971,28182582,-23.000000,62 
OBJECT_ADD 24653980,28184308,-23.000000,62 
OBJECT_ADD 24649152,28186437,-23.000000,62 
OBJECT_ADD 24661919,28205407,-23.000000,62 
OBJECT_ADD 24674123,28215762,-23.000000,62 
OBJECT_ADD 24670132,28203456,-23.000000,62 
OBJECT_ADD 24643447,28199333,-23.000000,62 
OBJECT_ADD 24648056,28220971,-23.000000,62 
OBJECT_ADD 24644584,28214580,-23.000000,62 
OBJECT_ADD 24642719,28193561,-23.000000,62 
OBJECT_ADD 24644431,28188187,-23.000000,62 
OBJECT_ADD 24658162,28173719,-66.000000,63 
OBJECT_ADD 24616195,28181979,-77.000000,63 
OBJECT_ADD 24625350,28180675,0.000000,63 

OBJECT_ADD 24797838,28187083,0.000000,62 
OBJECT_ADD 24787248,28221404,0.000000,62 
OBJECT_ADD 24810609,28189192,0.000000,62 
OBJECT_ADD 24810736,28191215,0.000000,62 
OBJECT_ADD 24810148,28194272,0.000000,62 
OBJECT_ADD 24774407,28195894,0.000000,62 
OBJECT_ADD 24799185,28196667,0.000000,62 
OBJECT_ADD 24798331,28217981,0.000000,62 
OBJECT_ADD 24812249,28209747,0.000000,62 
OBJECT_ADD 24820109,28201041,0.000000,62 
OBJECT_ADD 24818732,28196616,0.000000,62 
OBJECT_ADD 24797771,28185978,0.000000,62 
OBJECT_ADD 24787653,28191741,0.000000,62 
OBJECT_ADD 24854462,28251874,-23.000000,62 
OBJECT_ADD 24842752,28268888,-23.000000,62 
OBJECT_ADD 24844120,28264319,-23.000000,62 
OBJECT_ADD 24850285,28255470,-23.000000,62 
OBJECT_ADD 24856355,28246919,-23.000000,62 

OBJECT_ADD 24846689,28258649,-23.000000,62 

OBJECT_ADD 24857827,28237704,-23.000000,62 
OBJECT_ADD 24857187,28242086,-23.000000,62 
OBJECT_ADD 24860613,28233541,-23.000000,62 
OBJECT_ADD 24865974,28234520,-23.000000,62 
OBJECT_ADD 24869372,28235442,-23.000000,62 
OBJECT_ADD 24855961,28221586,-23.000000,62 
OBJECT_ADD 24859621,28222034,-23.000000,62 
OBJECT_ADD 24860456,28226212,-23.000000,62 
OBJECT_ADD 24853861,28233974,-23.000000,62 
OBJECT_ADD 24854876,28230708,-23.000000,62 
OBJECT_ADD 24852438,28229360,-23.000000,62 
OBJECT_ADD 24838498,28228583,-66.000000,63 

OBJECT_ADD 24874010,28217250,-23.000000,62 
OBJECT_ADD 24836867,28258794,-23.000000,62 
OBJECT_ADD 24878214,28218417,-23.000000,62 
OBJECT_ADD 24839842,28262458,-23.000000,62 
OBJECT_ADD 24858868,28212000,-23.000000,62 
OBJECT_ADD 24858062,28208382,-23.000000,62 
OBJECT_ADD 24855923,28233506,-23.000000,62 
OBJECT_ADD 24872345,28220302,-23.000000,62 
OBJECT_ADD 24874593,28223859,-23.000000,62 
OBJECT_ADD 24872047,28228462,-77.000000,63 
OBJECT_ADD 24868771,28230337,0.000000,63 

OBJECT_ADD 24839962,28274774,-23.000000,62 
OBJECT_ADD 24848686,28265634,-23.000000,62 
OBJECT_ADD 24874849,28277010,-23.000000,62 
OBJECT_ADD 24859476,28219355,-23.000000,62 
OBJECT_ADD 24865557,28227285,-66.000000,63 
OBJECT_ADD 24884651,28227130,-77.000000,63 
OBJECT_ADD 24885987,28229532,0.000000,63 

OBJECT_ADD 24899212,28248952,-23.000000,62 
OBJECT_ADD 24903705,28252323,-23.000000,62 
OBJECT_ADD 24904555,28287514,-23.000000,62 
OBJECT_ADD 24903239,28284806,-23.000000,62 
OBJECT_ADD 24906245,28253594,-23.000000,62 
OBJECT_ADD 24864011,28358079,-23.000000,62 
OBJECT_ADD 24874527,28355758,-23.000000,62 
OBJECT_ADD 24880622,28381114,-66.000000,63 
OBJECT_ADD 24889004,28368661,-77.000000,63 
OBJECT_ADD 24854062,28405735,0.000000,63 

OBJECT_ADD 24859693,28384232,-23.000000,62 
OBJECT_ADD 24857304,28368466,-23.000000,62 
OBJECT_ADD 24865433,28356046,-23.000000,62 
OBJECT_ADD 24841063,28377833,-23.000000,62 
OBJECT_ADD 24866834,28378138,-23.000000,62 
OBJECT_ADD 24865338,28379271,-23.000000,62 
OBJECT_ADD 24855907,28371207,-23.000000,62 
OBJECT_ADD 24874189,28387306,-66.000000,63 
OBJECT_ADD 24867203,28389380,-77.000000,63 
OBJECT_ADD 24843898,28380381,0.000000,63 

OBJECT_ADD 24872717,28352496,-23.000000,62 
OBJECT_ADD 24874191,28358517,-23.000000,62 
OBJECT_ADD 24897142,28355695,-23.000000,62 
OBJECT_ADD 24882956,28358579,-23.000000,62 
OBJECT_ADD 24900161,28372827,-23.000000,62 
OBJECT_ADD 24882761,28385266,-23.000000,62 
OBJECT_ADD 24892048,28387513,-23.000000,62 
OBJECT_ADD 24895506,28366107,-23.000000,62 
OBJECT_ADD 24871806,28352347,-66.000000,63 
OBJECT_ADD 24885750,28380495,0.000000,63 

OBJECT_ADD 24901611,28425511,-23.000000,62 
OBJECT_ADD 24877119,28426799,-23.000000,62 
OBJECT_ADD 24885473,28421731,-23.000000,62 
OBJECT_ADD 24900474,28434191,-23.000000,62 
OBJECT_ADD 24906670,28438822,-23.000000,62 
OBJECT_ADD 24911559,28440024,-23.000000,62 
OBJECT_ADD 24888896,28433161,-23.000000,62 
OBJECT_ADD 24870854,28410327,-23.000000,62 
OBJECT_ADD 24915259,28426275,-23.000000,62 
OBJECT_ADD 24892494,28398763,-23.000000,62 
OBJECT_ADD 24872525,28394696,-23.000000,62 
OBJECT_ADD 24851971,28412324,-23.000000,62 
OBJECT_ADD 24842892,28409501,0.000000,63 

OBJECT_ADD 24831615,28417044,-23.000000,62 
OBJECT_ADD 24866219,28428490,-23.000000,62 
OBJECT_ADD 24893489,28391787,-23.000000,62 
OBJECT_ADD 24911409,28366898,-23.000000,62 
OBJECT_ADD 24911868,28341796,-23.000000,62 
OBJECT_ADD 24915232,28343806,-23.000000,62 
OBJECT_ADD 24895061,28363878,-23.000000,62 
OBJECT_ADD 24896229,28358909,-23.000000,62 
OBJECT_ADD 24899244,28373651,-23.000000,62 
OBJECT_ADD 24919146,28365418,-23.000000,62 
OBJECT_ADD 24914533,28369123,-23.000000,62 
OBJECT_ADD 24910738,28363453,-23.000000,62 
OBJECT_ADD 24910722,28360938,-23.000000,62 
OBJECT_ADD 24906236,28346081,-66.000000,63 
OBJECT_ADD 24905227,28348665,-77.000000,63 
OBJECT_ADD 24904263,28350807,0.000000,63 

OBJECT_ADD 24872690,28348959,-23.000000,62 
OBJECT_ADD 24946765,28435361,-23.000000,62 
OBJECT_ADD 24957310,28437217,-23.000000,62 
OBJECT_ADD 24835635,28350398,-23.000000,62 
OBJECT_ADD 24921797,28346864,-23.000000,62 
OBJECT_ADD 24882978,28340491,-23.000000,62 
OBJECT_ADD 24875738,28348919,-23.000000,62 
OBJECT_ADD 24933000,28353266,-23.000000,62 
OBJECT_ADD 24906936,28385020,-23.000000,62 
OBJECT_ADD 24922969,28374112,-23.000000,62 
OBJECT_ADD 24876345,28401495,-23.000000,62 
OBJECT_ADD 24938266,28415925,-23.000000,62 

OBJECT_ADD 24945966,28359023,-23.000000,62 
OBJECT_ADD 24890407,28345156,-23.000000,62 
OBJECT_ADD 24886028,28343065,-23.000000,62 
OBJECT_ADD 24940277,28412981,-23.000000,62 
OBJECT_ADD 24959245,28382755,-23.000000,62 
OBJECT_ADD 24951537,28364473,-23.000000,62 
OBJECT_ADD 24872598,28402681,-23.000000,62 
OBJECT_ADD 24878105,28404456,-23.000000,62 
OBJECT_ADD 24900175,28408760,-23.000000,62 
OBJECT_ADD 24879904,28344589,-23.000000,62 
OBJECT_ADD 24886059,28338505,-23.000000,62 
OBJECT_ADD 24882630,28349880,-23.000000,62 
OBJECT_ADD 24897197,28403080,-23.000000,62 
OBJECT_ADD 24913468,28433208,-66.000000,63 
OBJECT_ADD 24885462,28402895,-77.000000,63 

OBJECT_ADD 24915894,28114309,-23.000000,62 
OBJECT_ADD 24930336,28122793,-23.000000,62 
OBJECT_ADD 24931292,28117044,-23.000000,62 
OBJECT_ADD 24926437,28086359,-23.000000,62 
OBJECT_ADD 24929943,28091841,-23.000000,62 
OBJECT_ADD 24936738,28088968,-23.000000,62 
OBJECT_ADD 24937335,28093344,-23.000000,62 
OBJECT_ADD 24923305,28108339,-23.000000,62 
OBJECT_ADD 24922671,28110802,-23.000000,62 
OBJECT_ADD 24942897,28094942,-23.000000,62 
OBJECT_ADD 24949364,28104054,-23.000000,62 
OBJECT_ADD 24919973,28105102,-23.000000,62 
OBJECT_ADD 24946286,28098467,-23.000000,62 
OBJECT_ADD 24929608,28122363,-66.000000,63 
OBJECT_ADD 24960652,28130074,-77.000000,63 
OBJECT_ADD 24938696,28118833,0.000000,63 

OBJECT_ADD 24959378,28118233,0.000000,62 
OBJECT_ADD 24958910,28108452,0.000000,62 
OBJECT_ADD 24910313,28102523,0.000000,62 
OBJECT_ADD 24912073,28095038,0.000000,62 
OBJECT_ADD 24912952,28091843,0.000000,62 
OBJECT_ADD 24911915,28099785,0.000000,62 
OBJECT_ADD 24913071,28107584,0.000000,62 
OBJECT_ADD 24918638,28084699,0.000000,62 
OBJECT_ADD 24917535,28109470,0.000000,62 
OBJECT_ADD 24951740,28101390,0.000000,62 
OBJECT_ADD 24954778,28104981,0.000000,62 
OBJECT_ADD 24952630,28098195,0.000000,62 
OBJECT_ADD 24962540,28096441,0.000000,62 
OBJECT_ADD 24888848,28120932,0.000000,62 
OBJECT_ADD 24910068,28128014,0.000000,62 
OBJECT_ADD 24897652,28111815,0.000000,62 
OBJECT_ADD 24954241,28129727,0.000000,62 
OBJECT_ADD 24936593,28130616,0.000000,62 
OBJECT_ADD 24931129,28136881,0.000000,62 
OBJECT_ADD 24895815,28116460,0.000000,62 
OBJECT_ADD 24891294,28124874,0.000000,62 
OBJECT_ADD 24909880,28123751,0.000000,62 
OBJECT_ADD 24899713,28116601,0.000000,62 
OBJECT_ADD 24902881,28121986,0.000000,62 
OBJECT_ADD 24893220,28128746,0.000000,62 
OBJECT_ADD 24922543,28085875,0.000000,62 
OBJECT_ADD 24965266,28103273,0.000000,62 
OBJECT_ADD 24989388,28112470,0.000000,62 
OBJECT_ADD 24993146,28114231,0.000000,62 
OBJECT_ADD 24945453,28124226,0.000000,62 
OBJECT_ADD 24985424,28086419,0.000000,62 
OBJECT_ADD 24967456,28084694,0.000000,62 
OBJECT_ADD 24966100,28081187,0.000000,62 
OBJECT_ADD 24963760,28092642,0.000000,62 
OBJECT_ADD 24979122,28101746,0.000000,62 
OBJECT_ADD 24985261,28107504,0.000000,62 
OBJECT_ADD 24959801,28120694,0.000000,62 
OBJECT_ADD 24964011,28113466,0.000000,62 
OBJECT_ADD 25012723,28076973,0.000000,62 
OBJECT_ADD 25014525,28080735,0.000000,62 
OBJECT_ADD 25006242,28088211,0.000000,62 
OBJECT_ADD 24998747,28090197,0.000000,62 
OBJECT_ADD 24977828,28094690,0.000000,62 
OBJECT_ADD 24920972,28131907,0.000000,62 
OBJECT_ADD 24974301,28134330,0.000000,62 
OBJECT_ADD 24985713,28069399,0.000000,62 
OBJECT_ADD 24990033,28069696,0.000000,62 
OBJECT_ADD 24988647,28074836,0.000000,62 
OBJECT_ADD 24992082,28078106,0.000000,62 
OBJECT_ADD 24927411,28064239,0.000000,62 
OBJECT_ADD 24931832,28059706,0.000000,62 
OBJECT_ADD 25019018,28082383,0.000000,62 
OBJECT_ADD 24851715,28158012,0.000000,62 
OBJECT_ADD 24848120,28156234,0.000000,62 
OBJECT_ADD 24867571,28151919,0.000000,62 
OBJECT_ADD 24873376,28152815,0.000000,62 
OBJECT_ADD 24874778,28155573,0.000000,62 
OBJECT_ADD 24871762,28142136,0.000000,62 
OBJECT_ADD 24873874,28139910,0.000000,62 
OBJECT_ADD 24864719,28146714,0.000000,62 
OBJECT_ADD 24869071,28150043,0.000000,62 
OBJECT_ADD 24872832,28145295,0.000000,62 
OBJECT_ADD 24874433,28143544,0.000000,62 
OBJECT_ADD 24861492,28148689,0.000000,62 
OBJECT_ADD 24857312,28159411,0.000000,62 
OBJECT_ADD 24838733,28169144,-23.000000,62 
OBJECT_ADD 24864670,28162847,-23.000000,62 
OBJECT_ADD 24884804,28177984,-23.000000,62 
OBJECT_ADD 24860036,28161655,-23.000000,62 
OBJECT_ADD 24867709,28164543,-23.000000,62 
OBJECT_ADD 24871960,28166821,-23.000000,62 
OBJECT_ADD 24878952,28135418,-23.000000,62 
OBJECT_ADD 24882236,28139529,-23.000000,62 
OBJECT_ADD 24889191,28150301,-23.000000,62 
OBJECT_ADD 24890630,28154165,-23.000000,62 
OBJECT_ADD 24892562,28159742,-23.000000,62 
OBJECT_ADD 24851023,28166652,-23.000000,62 
OBJECT_ADD 24853680,28167900,-23.000000,62 
OBJECT_ADD 24865726,28171681,-66.000000,63 
OBJECT_ADD 24860275,28143116,-77.000000,63 
OBJECT_ADD 24853684,28163228,0.000000,63 

OBJECT_ADD 24887102,28133001,0.000000,62 
OBJECT_ADD 24889324,28137141,0.000000,62 
OBJECT_ADD 24894680,28145649,0.000000,62 
OBJECT_ADD 24902951,28153288,0.000000,62 
OBJECT_ADD 24902323,28151071,0.000000,62 
OBJECT_ADD 24899249,28143837,0.000000,62 
OBJECT_ADD 24894651,28140684,0.000000,62 
OBJECT_ADD 24864706,28175539,0.000000,62 
OBJECT_ADD 24835691,28175699,0.000000,62 
OBJECT_ADD 24852295,28176591,0.000000,62 
OBJECT_ADD 24846104,28171554,0.000000,62 
OBJECT_ADD 24842310,28169111,0.000000,62 
OBJECT_ADD 24870996,28148303,0.000000,62 
OBJECT_ADD 24974508,28268028,-23.000000,62 
OBJECT_ADD 24946485,28258673,-23.000000,62 
OBJECT_ADD 24980721,28257285,-23.000000,62 
OBJECT_ADD 24976956,28262226,-23.000000,62 
OBJECT_ADD 24938783,28272361,-23.000000,62 
OBJECT_ADD 24941989,28274733,-23.000000,62 
OBJECT_ADD 24946245,28277522,-23.000000,62 
OBJECT_ADD 24937299,28265279,-23.000000,62 
OBJECT_ADD 24937631,28261527,-23.000000,62 
OBJECT_ADD 24966019,28279374,-23.000000,62 
OBJECT_ADD 24968262,28277963,-23.000000,62 
OBJECT_ADD 24962943,28276981,-23.000000,62 
OBJECT_ADD 24966158,28272084,-23.000000,62 
OBJECT_ADD 24968735,28248177,-66.000000,63 
OBJECT_ADD 24982283,28275595,-77.000000,63 
OBJECT_ADD 24958264,28241983,0.000000,63 

OBJECT_ADD 24924650,28284871,0.000000,62 
OBJECT_ADD 24935847,28289083,0.000000,62 
OBJECT_ADD 24936429,28279134,0.000000,62 
OBJECT_ADD 24939716,28284922,0.000000,62 
OBJECT_ADD 24933472,28280505,0.000000,62 
OBJECT_ADD 24931242,28284428,0.000000,62 
OBJECT_ADD 24962386,28286968,0.000000,62 
OBJECT_ADD 24940386,28277527,0.000000,62 
OBJECT_ADD 24956603,28288399,0.000000,62 
OBJECT_ADD 24957878,28285693,0.000000,62 
OBJECT_ADD 24944780,28280397,0.000000,62 
OBJECT_ADD 24936040,28274323,0.000000,62 
OBJECT_ADD 24940106,28281398,0.000000,62 
OBJECT_ADD 24972740,28255038,0.000000,62 
OBJECT_ADD 24974715,28257860,0.000000,62 
OBJECT_ADD 24986265,28239488,0.000000,62 
OBJECT_ADD 24997556,28233379,0.000000,62 
OBJECT_ADD 24991242,28238876,0.000000,62 
OBJECT_ADD 24982987,28243481,0.000000,62 
OBJECT_ADD 24986196,28247110,0.000000,62 
OBJECT_ADD 24983427,28252145,0.000000,62 
OBJECT_ADD 24989179,28253120,0.000000,62 
OBJECT_ADD 24992542,28244239,0.000000,62 
OBJECT_ADD 24997045,28243042,0.000000,62 
OBJECT_ADD 24982148,28241084,0.000000,62 
OBJECT_ADD 24943698,28247322,0.000000,62 
OBJECT_ADD 24980844,28287666,0.000000,62 
OBJECT_ADD 24983945,28284203,0.000000,62 
OBJECT_ADD 24973000,28294584,0.000000,62 
OBJECT_ADD 24983662,28298883,0.000000,62 
OBJECT_ADD 24984743,28297563,0.000000,62 
OBJECT_ADD 24976806,28294772,0.000000,62 
OBJECT_ADD 24961984,28293281,0.000000,62 
OBJECT_ADD 24964847,28293465,0.000000,62 
OBJECT_ADD 24961406,28285131,0.000000,62 
OBJECT_ADD 24954924,28281222,0.000000,62 
OBJECT_ADD 24952001,28278777,0.000000,62 
OBJECT_ADD 24950153,28271044,0.000000,62 
OBJECT_ADD 24928673,28299943,0.000000,62 
OBJECT_ADD 24934799,28308034,0.000000,62 
OBJECT_ADD 24941486,28308302,0.000000,62 
OBJECT_ADD 24943653,28306696,0.000000,62 
OBJECT_ADD 24970513,28298075,0.000000,62 
OBJECT_ADD 24974997,28298520,0.000000,62 
OBJECT_ADD 24964976,28300441,0.000000,62 
OBJECT_ADD 24961376,28302888,0.000000,62 
OBJECT_ADD 24963620,28305808,0.000000,62 
OBJECT_ADD 24963816,28309726,0.000000,62 
OBJECT_ADD 24974931,28306301,0.000000,62 
OBJECT_ADD 24976904,28308257,0.000000,62 
OBJECT_ADD 24979336,28300701,0.000000,62 
OBJECT_ADD 24958608,28254149,0.000000,62 
OBJECT_ADD 24907873,28302194,0.000000,62 
OBJECT_ADD 24924322,28308980,0.000000,62 
OBJECT_ADD 24917587,28302534,0.000000,62 
OBJECT_ADD 24919761,28298549,0.000000,62 
OBJECT_ADD 24930283,28307081,0.000000,62 
OBJECT_ADD 24932039,28304460,0.000000,62 
OBJECT_ADD 24929526,28299568,0.000000,62 
OBJECT_ADD 24905751,28295646,0.000000,62 
OBJECT_ADD 24908143,28290591,0.000000,62 
OBJECT_ADD 24920659,28288271,0.000000,62 
OBJECT_ADD 24912063,28284879,0.000000,62 
OBJECT_ADD 24919251,28285468,0.000000,62 
OBJECT_ADD 24977459,28274956,0.000000,62 
OBJECT_ADD 24915737,28277078,0.000000,62 
OBJECT_ADD 24924523,28276351,0.000000,62 
OBJECT_ADD 24948070,28288252,0.000000,62 
OBJECT_ADD 24953247,28293228,0.000000,62 
OBJECT_ADD 24944761,28297417,0.000000,62 
OBJECT_ADD 24938497,28299602,0.000000,62 
OBJECT_ADD 24916033,28307578,0.000000,62 
OBJECT_ADD 24916867,28316254,0.000000,62 
OBJECT_ADD 24931580,28316378,0.000000,62 
OBJECT_ADD 24918648,28318580,0.000000,62 
OBJECT_ADD 24923544,28301312,0.000000,62 
OBJECT_ADD 24904526,28277593,0.000000,62 
OBJECT_ADD 24952279,28261004,0.000000,62 
OBJECT_ADD 25133601,28140400,-113.000000,62 
OBJECT_ADD 25156772,28096965,-113.000000,62 
OBJECT_ADD 25179899,28082326,-113.000000,62 
OBJECT_ADD 25171762,28092245,-113.000000,62 
OBJECT_ADD 25173597,28098334,-113.000000,62 
OBJECT_ADD 25187756,28154804,-113.000000,62 
OBJECT_ADD 25204926,28164849,-113.000000,62 
OBJECT_ADD 25156366,28176179,-113.000000,62 
OBJECT_ADD 25122203,28156968,-113.000000,62 
OBJECT_ADD 25130686,28166987,-113.000000,62 
OBJECT_ADD 25190934,28172751,-113.000000,62 
OBJECT_ADD 25190123,28179104,-113.000000,62 
OBJECT_ADD 25129734,28127230,-156.000000,63 
OBJECT_ADD 25118453,28166719,-167.000000,63 
OBJECT_ADD 25151921,28170157,-90.000000,63 

OBJECT_ADD 25150655,28107308,-113.000000,62 
OBJECT_ADD 25180670,28157776,-113.000000,62 
OBJECT_ADD 25177323,28166089,-113.000000,62 
OBJECT_ADD 25172937,28170365,-113.000000,62 
OBJECT_ADD 25172364,28108647,-113.000000,62 
OBJECT_ADD 25112878,28123683,-113.000000,62 
OBJECT_ADD 25128222,28116372,-113.000000,62 
OBJECT_ADD 25169578,28120974,-113.000000,62 
OBJECT_ADD 25160076,28131193,-113.000000,62 
OBJECT_ADD 25154155,28133474,-113.000000,62 
OBJECT_ADD 25144134,28137928,-113.000000,62 
OBJECT_ADD 25148325,28136780,-113.000000,62 
OBJECT_ADD 25124467,28119646,-113.000000,62 
OBJECT_ADD 25173841,28103734,-156.000000,63 
OBJECT_ADD 25104774,28131621,-167.000000,63 
OBJECT_ADD 25187152,28134922,-90.000000,63 

OBJECT_ADD 25132282,28146210,-113.000000,62 
OBJECT_ADD 25142942,28052721,-113.000000,62 
OBJECT_ADD 25121297,28125125,-113.000000,62 
OBJECT_ADD 25138924,28083542,-113.000000,62 
OBJECT_ADD 25127489,28140427,-113.000000,62 
OBJECT_ADD 25128637,28146417,-113.000000,62 
OBJECT_ADD 25131563,28149883,-113.000000,62 
OBJECT_ADD 25108622,28122024,-113.000000,62 
OBJECT_ADD 25140964,28081118,-113.000000,62 
OBJECT_ADD 25104599,28123634,-113.000000,62 
OBJECT_ADD 25140317,28099841,-113.000000,62 
OBJECT_ADD 25096931,28115578,-113.000000,62 
OBJECT_ADD 25116221,28128079,-113.000000,62 
OBJECT_ADD 25137200,28125379,-156.000000,63 
OBJECT_ADD 25128215,28116564,-167.000000,63 
OBJECT_ADD 25116003,28117159,-90.000000,63 

OBJECT_ADD 25153626,28112296,-113.000000,62 
OBJECT_ADD 25135418,28091207,-113.000000,62 
OBJECT_ADD 25149644,28111996,-113.000000,62 
OBJECT_ADD 25148761,28117574,-113.000000,62 
OBJECT_ADD 25143651,28108737,-113.000000,62 
OBJECT_ADD 25137273,28110354,-113.000000,62 
OBJECT_ADD 25132033,28112410,-113.000000,62 
OBJECT_ADD 25127478,28100316,-113.000000,62 
OBJECT_ADD 25120602,28116422,-113.000000,62 
OBJECT_ADD 25133282,28087367,-113.000000,62 
OBJECT_ADD 25124573,28101258,-113.000000,62 
OBJECT_ADD 25109480,28097580,-113.000000,62 
OBJECT_ADD 25139916,28103229,-156.000000,63 
OBJECT_ADD 25132394,28112938,-167.000000,63 
OBJECT_ADD 25105663,28108411,-90.000000,63 

OBJECT_ADD 25164752,28132429,-113.000000,62 
OBJECT_ADD 25164920,28135613,-113.000000,62 
OBJECT_ADD 25162817,28155448,-113.000000,62 
OBJECT_ADD 25160133,28163078,-113.000000,62 
OBJECT_ADD 25153495,28104221,-113.000000,62 
OBJECT_ADD 25162180,28150601,-113.000000,62 
OBJECT_ADD 25146373,28105646,-113.000000,62 
OBJECT_ADD 25165653,28144946,-113.000000,62 
OBJECT_ADD 25168581,28145925,-113.000000,62 
OBJECT_ADD 25117270,28132725,-113.000000,62 
OBJECT_ADD 25164891,28154405,-113.000000,62 
OBJECT_ADD 25165110,28128485,-113.000000,62 
OBJECT_ADD 25143066,28105760,-113.000000,62 
OBJECT_ADD 25101963,28106102,-156.000000,63 
OBJECT_ADD 25123601,28121720,-167.000000,63 
OBJECT_ADD 25151330,28133638,-90.000000,63 

OBJECT_ADD 25187846,28104408,0.000000,62 
OBJECT_ADD 25164320,28063836,0.000000,62 
OBJECT_ADD 25131460,28177784,-113.000000,62 
OBJECT_ADD 25161468,28024015,0.000000,62 
OBJECT_ADD 25155579,28052187,0.000000,62 
OBJECT_ADD 25176881,28077178,0.000000,62 
OBJECT_ADD 25147325,28072515,0.000000,62 
OBJECT_ADD 25141362,28081509,0.000000,62 
OBJECT_ADD 25161169,28035529,0.000000,62 
OBJECT_ADD 25150656,28055356,0.000000,62 
OBJECT_ADD 25162087,28029404,0.000000,62 
OBJECT_ADD 25161013,28020851,0.000000,62 
OBJECT_ADD 25158308,28044548,0.000000,62 
OBJECT_ADD 25143777,28050394,0.000000,62 
OBJECT_ADD 25259775,28280091,0.000000,62 
OBJECT_ADD 25255242,28270750,0.000000,62 
OBJECT_ADD 25250574,28261764,0.000000,62 
OBJECT_ADD 25245715,28266956,0.000000,62 
OBJECT_ADD 25217579,28293304,0.000000,62 
OBJECT_ADD 25206322,28283868,0.000000,62 
OBJECT_ADD 25225483,28274823,0.000000,62 
OBJECT_ADD 25227855,28273965,0.000000,62 
OBJECT_ADD 25223992,28247170,0.000000,62 
OBJECT_ADD 25222223,28250962,0.000000,62 
OBJECT_ADD 25229886,28253366,0.000000,62 
OBJECT_ADD 25249605,28256615,0.000000,62 
OBJECT_ADD 25223571,28261675,0.000000,62 
OBJECT_ADD 25194186,28299401,-23.000000,62 
OBJECT_ADD 25191531,28302138,-23.000000,62 
OBJECT_ADD 25188525,28308299,-23.000000,62 
OBJECT_ADD 25220165,28287049,-23.000000,62 
OBJECT_ADD 25223390,28290190,-23.000000,62 
OBJECT_ADD 25242946,28252763,-23.000000,62 
OBJECT_ADD 25235175,28248484,-23.000000,62 
OBJECT_ADD 25229710,28262122,-23.000000,62 
OBJECT_ADD 25235316,28264038,-23.000000,62 
OBJECT_ADD 25234230,28253936,-23.000000,62 
OBJECT_ADD 25246461,28261581,-23.000000,62 
OBJECT_ADD 25262907,28271323,-23.000000,62 
OBJECT_ADD 25260789,28275734,-23.000000,62 
OBJECT_ADD 25229093,28264595,-66.000000,63 
OBJECT_ADD 25196045,28254748,0.000000,63 


OBJECT_ADD 25210693,28257801,0.000000,62 
OBJECT_ADD 25213357,28251839,0.000000,62 
OBJECT_ADD 25231837,28256611,0.000000,62 
OBJECT_ADD 25216462,28298332,0.000000,62 
OBJECT_ADD 25218616,28299964,0.000000,62 
OBJECT_ADD 25188861,28278891,0.000000,62 
OBJECT_ADD 25186892,28283353,0.000000,62 
OBJECT_ADD 25201876,28294266,0.000000,62 
OBJECT_ADD 25201722,28299519,0.000000,62 
OBJECT_ADD 25207525,28302872,0.000000,62 
OBJECT_ADD 25210514,28307007,0.000000,62 
OBJECT_ADD 25213294,28297883,0.000000,62 
OBJECT_ADD 25204129,28273924,0.000000,62 
OBJECT_ADD 25173378,28295794,0.000000,62 
OBJECT_ADD 25176836,28294027,0.000000,62 
OBJECT_ADD 25174767,28290760,0.000000,62 
OBJECT_ADD 25179489,28288547,0.000000,62 
OBJECT_ADD 25170748,28260695,0.000000,62 
OBJECT_ADD 25164429,28274372,0.000000,62 
OBJECT_ADD 25187608,28285622,0.000000,62 
OBJECT_ADD 25179047,28309212,0.000000,62 
OBJECT_ADD 25167345,28306779,0.000000,62 
OBJECT_ADD 25172787,28300645,0.000000,62 
OBJECT_ADD 25159802,28304103,0.000000,62 
OBJECT_ADD 25171419,28304905,0.000000,62 
OBJECT_ADD 25181007,28286160,0.000000,62 
OBJECT_ADD 25141637,28270364,-113.000000,62 
OBJECT_ADD 25120201,28260921,-113.000000,62 
OBJECT_ADD 25136766,28271987,-113.000000,62 
OBJECT_ADD 25145890,28267643,-113.000000,62 
OBJECT_ADD 25157418,28228057,-113.000000,62 
OBJECT_ADD 25158046,28225319,-113.000000,62 
OBJECT_ADD 25136567,28256670,-156.000000,63 
OBJECT_ADD 25183565,28303396,-167.000000,63 

OBJECT_ADD 25143638,28242516,-113.000000,62 
OBJECT_ADD 25226017,28252134,-113.000000,62 
OBJECT_ADD 25218729,28249640,-113.000000,62 
OBJECT_ADD 25190054,28236792,-113.000000,62 
OBJECT_ADD 25189394,28229010,-113.000000,62 
OBJECT_ADD 25122248,28251862,-113.000000,62 
OBJECT_ADD 25196010,28238863,-113.000000,62 
OBJECT_ADD 25209265,28297759,-113.000000,62 
OBJECT_ADD 25159991,28261814,-113.000000,62 
OBJECT_ADD 25206737,28294547,-113.000000,62 
OBJECT_ADD 25149082,28266364,-113.000000,62 
OBJECT_ADD 25155361,28263469,-113.000000,62 
OBJECT_ADD 25138105,28214894,-113.000000,62 
OBJECT_ADD 25130989,28229366,-156.000000,63 
OBJECT_ADD 25111124,28260630,-167.000000,63 
OBJECT_ADD 25189927,28293302,-90.000000,63 

OBJECT_ADD 25139406,28259712,-113.000000,62 
OBJECT_ADD 25141091,28231172,-113.000000,62 
OBJECT_ADD 25199643,28241312,-113.000000,62 
OBJECT_ADD 25126432,28247271,-113.000000,62 
OBJECT_ADD 25144252,28250431,-113.000000,62 
OBJECT_ADD 25141214,28264307,-113.000000,62 
OBJECT_ADD 25120905,28257239,-113.000000,62 
OBJECT_ADD 25206573,28221328,-113.000000,62 
OBJECT_ADD 25194512,28224842,-113.000000,62 
OBJECT_ADD 25171179,28251064,-113.000000,62 
OBJECT_ADD 25133620,28277255,-113.000000,62 
OBJECT_ADD 25113445,28254142,-113.000000,62 
OBJECT_ADD 25121757,28268866,-113.000000,62 
OBJECT_ADD 25155962,28254496,-156.000000,63 
OBJECT_ADD 25171168,28292049,-167.000000,63 
OBJECT_ADD 25113701,28236438,-90.000000,63 

OBJECT_ADD 25132535,28272786,-113.000000,62 
OBJECT_ADD 25116328,28264817,-113.000000,62 
OBJECT_ADD 25126774,28271083,-113.000000,62 
OBJECT_ADD 25119883,28264721,-113.000000,62 
OBJECT_ADD 25148079,28244676,-113.000000,62 
OBJECT_ADD 25147301,28239297,-113.000000,62 
OBJECT_ADD 25138762,28241382,-113.000000,62 
OBJECT_ADD 25137398,28223394,-113.000000,62 
OBJECT_ADD 25135215,28222610,-113.000000,62 
OBJECT_ADD 25112630,28235028,-113.000000,62 
OBJECT_ADD 25123872,28229800,-113.000000,62 
OBJECT_ADD 25127352,28230923,-113.000000,62 
OBJECT_ADD 25143542,28239227,-113.000000,62 
OBJECT_ADD 25140644,28280808,-156.000000,63 
OBJECT_ADD 25139832,28282355,-167.000000,63 
OBJECT_ADD 25125969,28281916,-90.000000,63 

OBJECT_ADD 25165223,28260169,-113.000000,62 
OBJECT_ADD 25163569,28281651,-113.000000,62 
OBJECT_ADD 25167426,28278411,-113.000000,62 
OBJECT_ADD 25146029,28235958,-113.000000,62 
OBJECT_ADD 25128975,28278074,-113.000000,62 
OBJECT_ADD 25132012,28281254,-113.000000,62 
OBJECT_ADD 25161132,28297060,-113.000000,62 
OBJECT_ADD 25162930,28276300,-113.000000,62 
OBJECT_ADD 25116839,28260435,-113.000000,62 
OBJECT_ADD 25162028,28286400,-113.000000,62 
OBJECT_ADD 25166218,28266159,-113.000000,62 
OBJECT_ADD 25151872,28235375,-113.000000,62 
OBJECT_ADD 25124724,28226827,-156.000000,63 
OBJECT_ADD 25119897,28236058,-167.000000,63 
OBJECT_ADD 25150851,28279388,-90.000000,63 

OBJECT_ADD 25138627,28307757,-113.000000,62 
OBJECT_ADD 25120021,28291069,-113.000000,62 
OBJECT_ADD 25164092,28290304,-113.000000,62 
OBJECT_ADD 25162725,28291637,-113.000000,62 
OBJECT_ADD 25143450,28293628,-113.000000,62 
OBJECT_ADD 25145760,28293657,-113.000000,62 
OBJECT_ADD 25132610,28286780,-113.000000,62 
OBJECT_ADD 25157792,28292851,-90.000000,63 

OBJECT_ADD 25168464,28285938,-113.000000,62 
OBJECT_ADD 25367956,28234575,0.000000,62 
OBJECT_ADD 25364502,28229939,0.000000,62 
OBJECT_ADD 25354694,28228796,0.000000,62 
OBJECT_ADD 25372265,28230052,0.000000,62 
OBJECT_ADD 25394445,28196670,0.000000,62 
OBJECT_ADD 25411422,28180216,0.000000,62 
OBJECT_ADD 25408052,28182161,0.000000,62 
OBJECT_ADD 25408428,28172447,0.000000,62 
OBJECT_ADD 25405148,28169763,0.000000,62 
OBJECT_ADD 25400385,28173677,0.000000,62 
OBJECT_ADD 25404672,28175778,0.000000,62 
OBJECT_ADD 25400835,28177783,0.000000,62 
OBJECT_ADD 25349994,28245411,0.000000,62 
OBJECT_ADD 25395246,28206415,-23.000000,62 
OBJECT_ADD 25400776,28217142,-23.000000,62 
OBJECT_ADD 25424297,28196125,-23.000000,62 
OBJECT_ADD 25427576,28198592,-23.000000,62 
OBJECT_ADD 25415157,28209557,-23.000000,62 
OBJECT_ADD 25392319,28212550,-23.000000,62 
OBJECT_ADD 25397818,28221317,-23.000000,62 
OBJECT_ADD 25409055,28234568,-23.000000,62 
OBJECT_ADD 25396057,28227132,-23.000000,62 
OBJECT_ADD 25411726,28229077,-23.000000,62 
OBJECT_ADD 25420900,28212936,-23.000000,62 
OBJECT_ADD 25387636,28217002,-23.000000,62 
OBJECT_ADD 25402433,28203474,-23.000000,62 
OBJECT_ADD 25393489,28199014,-66.000000,63 
OBJECT_ADD 25391936,28212841,-77.000000,63 
OBJECT_ADD 25383248,28222224,0.000000,63 

OBJECT_ADD 25381348,28224406,0.000000,62 
OBJECT_ADD 25384682,28209437,0.000000,62 
OBJECT_ADD 25404942,28205049,0.000000,62 
OBJECT_ADD 25404275,28196419,0.000000,62 
OBJECT_ADD 25397992,28201924,0.000000,62 
OBJECT_ADD 25401281,28198503,0.000000,62 
OBJECT_ADD 25409224,28187103,0.000000,62 
OBJECT_ADD 25391139,28203545,0.000000,62 
OBJECT_ADD 25387255,28206912,0.000000,62 
OBJECT_ADD 25396844,28177561,0.000000,62 
OBJECT_ADD 25392189,28182051,0.000000,62 
OBJECT_ADD 25391950,28179192,0.000000,62 
OBJECT_ADD 25388548,28178762,0.000000,62 
OBJECT_ADD 25391538,28186595,0.000000,62 
OBJECT_ADD 25389446,28184547,0.000000,62 
OBJECT_ADD 25389333,28182191,0.000000,62 
OBJECT_ADD 25373605,28198378,0.000000,62 
OBJECT_ADD 25377607,28201139,0.000000,62 
OBJECT_ADD 25381022,28205640,0.000000,62 
OBJECT_ADD 25397663,28191053,0.000000,62 
OBJECT_ADD 25405236,28238805,0.000000,62 
OBJECT_ADD 25401018,28241917,0.000000,62 
OBJECT_ADD 25399130,28246338,0.000000,62 
OBJECT_ADD 25395562,28249072,0.000000,62 
OBJECT_ADD 25372154,28219307,0.000000,62 
OBJECT_ADD 25377322,28236503,0.000000,62 
OBJECT_ADD 25377579,28232579,0.000000,62 
OBJECT_ADD 25336371,28231897,0.000000,62 
OBJECT_ADD 25341286,28219701,0.000000,62 
OBJECT_ADD 25334483,28222361,0.000000,62 
OBJECT_ADD 25333368,28226257,0.000000,62 
OBJECT_ADD 25336218,28228221,0.000000,62 
OBJECT_ADD 25365478,28216391,0.000000,62 
OBJECT_ADD 25345375,28222258,0.000000,62 
OBJECT_ADD 25348947,28273538,0.000000,62 
OBJECT_ADD 25334360,28272518,0.000000,62 
OBJECT_ADD 25334736,28268005,0.000000,62 
OBJECT_ADD 25332707,28264401,0.000000,62 
OBJECT_ADD 25334419,28258579,0.000000,62 
OBJECT_ADD 25370461,28229710,0.000000,62 
OBJECT_ADD 25365494,28228961,0.000000,62 
OBJECT_ADD 25361895,28235305,0.000000,62 
OBJECT_ADD 25348118,28252741,0.000000,62 
OBJECT_ADD 25343096,28249394,0.000000,62 
OBJECT_ADD 25339812,28247022,0.000000,62 
OBJECT_ADD 25333978,28248770,0.000000,62 
OBJECT_ADD 25429894,28193075,0.000000,62 
OBJECT_ADD 25419408,28194312,0.000000,62 
OBJECT_ADD 25414409,28190083,0.000000,62 
OBJECT_ADD 25409075,28190527,0.000000,62 
OBJECT_ADD 25403457,28190707,0.000000,62 
OBJECT_ADD 25409631,28201329,0.000000,62 
OBJECT_ADD 24728612,28502577,67.000000,62 
OBJECT_ADD 24719257,28530600,67.000000,62 
OBJECT_ADD 24717869,28496364,67.000000,62 
OBJECT_ADD 24722811,28500128,67.000000,62 
OBJECT_ADD 24732946,28538301,67.000000,62 
OBJECT_ADD 24735317,28535095,67.000000,62 
OBJECT_ADD 24738107,28530839,67.000000,62 
OBJECT_ADD 24725864,28539786,67.000000,62 
OBJECT_ADD 24722112,28539453,67.000000,62 
OBJECT_ADD 24739959,28511065,67.000000,62 
OBJECT_ADD 24738548,28508823,67.000000,62 
OBJECT_ADD 24737566,28514141,67.000000,62 
OBJECT_ADD 24732668,28510926,67.000000,62 
OBJECT_ADD 24708762,28508349,24.000000,63 
OBJECT_ADD 24736180,28494802,13.000000,63 
OBJECT_ADD 24702568,28518821,90.000000,63 

OBJECT_ADD 24686101,28519352,90.000000,62 
OBJECT_ADD 24749668,28541238,90.000000,62 
OBJECT_ADD 24739719,28540655,90.000000,62 
OBJECT_ADD 24745507,28537368,90.000000,62 
OBJECT_ADD 24741089,28543612,90.000000,62 
OBJECT_ADD 24745012,28545843,90.000000,62 
OBJECT_ADD 24747553,28514698,90.000000,62 
OBJECT_ADD 24738112,28536699,90.000000,62 
OBJECT_ADD 24748984,28520482,90.000000,62 
OBJECT_ADD 24746277,28519207,90.000000,62 
OBJECT_ADD 24740982,28532304,90.000000,62 
OBJECT_ADD 24734908,28541044,90.000000,62 
OBJECT_ADD 24741983,28536978,90.000000,62 
OBJECT_ADD 24715623,28504345,90.000000,62 
OBJECT_ADD 24718445,28502370,90.000000,62 
OBJECT_ADD 24700073,28490820,90.000000,62 
OBJECT_ADD 24693964,28479529,90.000000,62 
OBJECT_ADD 24699461,28485843,90.000000,62 
OBJECT_ADD 24704066,28494097,90.000000,62 
OBJECT_ADD 24707695,28490888,90.000000,62 
OBJECT_ADD 24712729,28493657,90.000000,62 
OBJECT_ADD 24713705,28487905,90.000000,62 
OBJECT_ADD 24704824,28484543,90.000000,62 
OBJECT_ADD 24703612,28480139,90.000000,62 
OBJECT_ADD 24701669,28494936,90.000000,62 
OBJECT_ADD 24707907,28533387,90.000000,62 
OBJECT_ADD 24748251,28496241,90.000000,62 
OBJECT_ADD 24744788,28493139,90.000000,62 
OBJECT_ADD 24755169,28504084,90.000000,62 
OBJECT_ADD 24759468,28493423,90.000000,62 
OBJECT_ADD 24758148,28492342,90.000000,62 
OBJECT_ADD 24755357,28500279,90.000000,62 
OBJECT_ADD 24753865,28515100,90.000000,62 
OBJECT_ADD 24754050,28512237,90.000000,62 
OBJECT_ADD 24745716,28515678,90.000000,62 
OBJECT_ADD 24741806,28522160,90.000000,62 
OBJECT_ADD 24739361,28525083,90.000000,62 
OBJECT_ADD 24731629,28526931,90.000000,62 
OBJECT_ADD 24760528,28548411,90.000000,62 
OBJECT_ADD 24768619,28542285,90.000000,62 
OBJECT_ADD 24768886,28535599,90.000000,62 
OBJECT_ADD 24767281,28533431,90.000000,62 
OBJECT_ADD 24758660,28506571,90.000000,62 
OBJECT_ADD 24759104,28502088,90.000000,62 
OBJECT_ADD 24761026,28512109,90.000000,62 
OBJECT_ADD 24763473,28515708,90.000000,62 
OBJECT_ADD 24766392,28513464,90.000000,62 
OBJECT_ADD 24770311,28513268,90.000000,62 
OBJECT_ADD 24766886,28502153,90.000000,62 
OBJECT_ADD 24768842,28500181,90.000000,62 
OBJECT_ADD 24761286,28497748,90.000000,62 
OBJECT_ADD 24714734,28518476,90.000000,62 
OBJECT_ADD 24801977,28535382,90.000000,62 
OBJECT_ADD 24788503,28549858,90.000000,62 
OBJECT_ADD 24793813,28536008,90.000000,62 
OBJECT_ADD 24790064,28546171,90.000000,62 
OBJECT_ADD 24767665,28546801,90.000000,62 
OBJECT_ADD 24765045,28545045,90.000000,62 
OBJECT_ADD 24782636,28546828,90.000000,62 
OBJECT_ADD 24670352,28504918,90.000000,62 
OBJECT_ADD 24685154,28493280,90.000000,62 
OBJECT_ADD 24760860,28541132,90.000000,62 
OBJECT_ADD 24715460,28453088,90.000000,62 
OBJECT_ADD 24684413,28470124,90.000000,62 
OBJECT_ADD 24735541,28499625,90.000000,62 
OBJECT_ADD 24749982,28473642,90.000000,62 
OBJECT_ADD 24753537,28470121,90.000000,62 
OBJECT_ADD 24748837,28529014,90.000000,62 
OBJECT_ADD 24753813,28523837,90.000000,62 
OBJECT_ADD 24757390,28532888,90.000000,62 
OBJECT_ADD 24748264,28467622,90.000000,62 
OBJECT_ADD 24736034,28467426,90.000000,62 
OBJECT_ADD 24740645,28487275,90.000000,62 
OBJECT_ADD 24746081,28502345,90.000000,62 
OBJECT_ADD 24721590,28524806,90.000000,62 
OBJECT_ADD 24782879,28552110,90.000000,62 
OBJECT_ADD 24776962,28545505,90.000000,62 
OBJECT_ADD 24692831,28495119,90.000000,62 
OBJECT_ADD 24755780,28440829,0.000000,62 
OBJECT_ADD 24656664,28448055,0.000000,62 
OBJECT_ADD 24665767,28445350,0.000000,62 
OBJECT_ADD 24672450,28448948,0.000000,62 
OBJECT_ADD 24668421,28452230,0.000000,62 
OBJECT_ADD 24666941,28456736,0.000000,62 
OBJECT_ADD 24665711,28462847,0.000000,62 
OBJECT_ADD 24708134,28444768,0.000000,62 
OBJECT_ADD 24701093,28449575,0.000000,62 
OBJECT_ADD 24705856,28450925,0.000000,62 
OBJECT_ADD 24711204,28456954,0.000000,62 
OBJECT_ADD 24684751,28463099,0.000000,62 
OBJECT_ADD 24713944,28477643,0.000000,62 
OBJECT_ADD 24699366,28476253,0.000000,62 
OBJECT_ADD 24692178,28467915,0.000000,62 
OBJECT_ADD 24703541,28488763,0.000000,62 
OBJECT_ADD 24687267,28501562,0.000000,62 
OBJECT_ADD 24678212,28501119,0.000000,62 
OBJECT_ADD 24649347,28428814,0.000000,62 
OBJECT_ADD 24646968,28450309,0.000000,62 
OBJECT_ADD 24650987,28447656,0.000000,62 
OBJECT_ADD 24644364,28433828,0.000000,62 
OBJECT_ADD 24651456,28433126,0.000000,62 
OBJECT_ADD 24658373,28436972,0.000000,62 
OBJECT_ADD 24648714,28441643,0.000000,62 
OBJECT_ADD 25024797,28482790,-23.000000,62 
OBJECT_ADD 25018500,28476539,-23.000000,62 
OBJECT_ADD 25028794,28484689,-23.000000,62 
OBJECT_ADD 25022998,28477670,-23.000000,62 

OBJECT_ADD 25055565,28499377,-23.000000,62 
OBJECT_ADD 25030689,28491043,-23.000000,62 
OBJECT_ADD 25027254,28501405,-66.000000,63 
OBJECT_ADD 25050508,28493377,-23.000000,62 
OBJECT_ADD 25044599,28500967,-23.000000,62 
OBJECT_ADD 25026915,28508907,-23.000000,62 
OBJECT_ADD 25030157,28511004,-23.000000,62 
OBJECT_ADD 25029949,28509600,-23.000000,62 

OBJECT_ADD 25058300,28510220,-66.000000,63 
OBJECT_ADD 25110651,28519539,-23.000000,62 
OBJECT_ADD 25042614,28537424,0.000000,63 
OBJECT_ADD 25037455,28530534,-23.000000,62 

OBJECT_ADD 25035884,28488948,-23.000000,62 
OBJECT_ADD 25033227,28483696,-23.000000,62 
OBJECT_ADD 25035799,28511514,-77.000000,63 
OBJECT_ADD 25090982,28418135,90.000000,62 
OBJECT_ADD 25058845,28444964,90.000000,62 
OBJECT_ADD 25116320,28490751,90.000000,62 
OBJECT_ADD 25103829,28536696,90.000000,62 
OBJECT_ADD 25106199,28532546,90.000000,62 
OBJECT_ADD 25095372,28440924,67.000000,62 
OBJECT_ADD 25117737,28514224,67.000000,62 
OBJECT_ADD 25120738,28509437,67.000000,62 
OBJECT_ADD 25060119,28443002,90.000000,63 

OBJECT_ADD 25071396,28473657,90.000000,62 
OBJECT_ADD 25121476,28502099,90.000000,62 
OBJECT_ADD 25069691,28446136,90.000000,62 
OBJECT_ADD 25122251,28485607,90.000000,62 
OBJECT_ADD 25109998,28525411,90.000000,62 
OBJECT_ADD 25089991,28543164,90.000000,62 
OBJECT_ADD 25076419,28478717,90.000000,62 
OBJECT_ADD 25073023,28434319,90.000000,62 

OBJECT_ADD 25095378,28513201,-23.000000,62 
OBJECT_ADD 25110771,28507420,-23.000000,62 
OBJECT_ADD 25048097,28446510,-23.000000,62 
OBJECT_ADD 25098333,28504064,-23.000000,62 
OBJECT_ADD 25088532,28546111,-23.000000,62 
OBJECT_ADD 25093145,28559530,90.000000,62 
OBJECT_ADD 25099489,28562332,90.000000,62 
OBJECT_ADD 25106561,28564646,90.000000,62 
OBJECT_ADD 25116501,28563069,90.000000,62 
OBJECT_ADD 25071299,28533630,90.000000,62 
OBJECT_ADD 25093094,28526677,90.000000,62 
OBJECT_ADD 25123848,28555214,90.000000,62 
OBJECT_ADD 25111293,28550691,90.000000,62 
OBJECT_ADD 25056977,28460811,67.000000,62 
OBJECT_ADD 25055061,28466462,67.000000,62 
OBJECT_ADD 25054460,28452105,67.000000,62 
OBJECT_ADD 25060519,28448086,67.000000,62 
OBJECT_ADD 25048108,28451993,67.000000,62 
OBJECT_ADD 25029174,28465452,67.000000,62 
OBJECT_ADD 25054047,28447257,67.000000,62 
OBJECT_ADD 25061158,28454182,67.000000,62 
OBJECT_ADD 25073668,28460924,24.000000,63 
OBJECT_ADD 25048907,28458121,90.000000,62 
OBJECT_ADD 25045433,28443948,-23.000000,62 
OBJECT_ADD 25100436,28444523,67.000000,62 
OBJECT_ADD 25103711,28446587,67.000000,62 
OBJECT_ADD 25074854,28444013,90.000000,62 
OBJECT_ADD 25091364,28464339,90.000000,62 
OBJECT_ADD 25091469,28467033,90.000000,62 
OBJECT_ADD 25081061,28438158,90.000000,62 
OBJECT_ADD 25087019,28458612,90.000000,62 
OBJECT_ADD 25064142,28449970,90.000000,62 
OBJECT_ADD 25061943,28477440,90.000000,62 
OBJECT_ADD 25066064,28476683,90.000000,62 
OBJECT_ADD 25089479,28440958,90.000000,62 
OBJECT_ADD 25120160,28467492,90.000000,62 
OBJECT_ADD 25113149,28472038,90.000000,62 
OBJECT_ADD 25101002,28463590,90.000000,62 
OBJECT_ADD 25120964,28474351,90.000000,62 
OBJECT_ADD 25116423,28463212,90.000000,62 
OBJECT_ADD 25094420,28448774,90.000000,62 
OBJECT_ADD 25066612,28497698,-23.000000,62 
OBJECT_ADD 25059205,28515026,-23.000000,62 
OBJECT_ADD 25068073,28499956,-23.000000,62 
OBJECT_ADD 25064638,28492239,-23.000000,62 
OBJECT_ADD 25055228,28498795,-66.000000,63 
OBJECT_ADD 25100227,28452363,-77.000000,63 

OBJECT_ADD 25042295,28491725,-23.000000,62 
OBJECT_ADD 25048823,28511898,-23.000000,62 
OBJECT_ADD 25059495,28475725,-23.000000,62 
OBJECT_ADD 25061603,28488826,-23.000000,62 
OBJECT_ADD 25059900,28481971,-23.000000,62 
OBJECT_ADD 25061114,28524807,-77.000000,63 
OBJECT_ADD 25089910,28443677,0.000000,63 

OBJECT_ADD 25063261,28496761,-23.000000,62 
OBJECT_ADD 25038555,28518208,-23.000000,62 
OBJECT_ADD 25046316,28490567,-23.000000,62 
OBJECT_ADD 25047766,28532026,-23.000000,62 
OBJECT_ADD 25055367,28512472,-23.000000,62 
OBJECT_ADD 25053461,28459730,-23.000000,62 
OBJECT_ADD 25073040,28504627,-23.000000,62 
OBJECT_ADD 25052386,28524811,-23.000000,62 
OBJECT_ADD 25063553,28512687,-23.000000,62 
OBJECT_ADD 25028063,28469233,-66.000000,63 
OBJECT_ADD 25108223,28476968,-77.000000,63 

 
OBJECT_ADD 25069559,28503228,-23.000000,62 
OBJECT_ADD 25054470,28527366,-23.000000,62 
OBJECT_ADD 25066362,28508206,-23.000000,62 
OBJECT_ADD 25062401,28515832,-23.000000,62 
OBJECT_ADD 25042353,28487636,-23.000000,62 
OBJECT_ADD 25037652,28487857,-23.000000,62 
OBJECT_ADD 25041807,28496975,-23.000000,62 
OBJECT_ADD 25036809,28508635,-23.000000,62 
OBJECT_ADD 25078930,28493171,-66.000000,63 
OBJECT_ADD 25075209,28497388,-77.000000,63 
OBJECT_ADD 25083253,28492035,0.000000,63 

OBJECT_ADD 25054827,28471352,-23.000000,62 
OBJECT_ADD 25078170,28473197,-23.000000,62 
OBJECT_ADD 25071720,28479188,-23.000000,62 
OBJECT_ADD 25071952,28506877,-23.000000,62 
OBJECT_ADD 25051050,28509920,-23.000000,62 
OBJECT_ADD 25094739,28474582,-23.000000,62 
OBJECT_ADD 25074336,28473757,-23.000000,62 
OBJECT_ADD 25050364,28536179,-23.000000,62 
OBJECT_ADD 25078316,28480539,-23.000000,62 
OBJECT_ADD 25064527,28474270,-23.000000,62 
OBJECT_ADD 25075662,28487249,0.000000,63 

OBJECT_ADD 25104859,28498963,-23.000000,62 
OBJECT_ADD 25088142,28514238,-23.000000,62 
OBJECT_ADD 25091723,28482017,-23.000000,62 
OBJECT_ADD 25095170,28483401,-23.000000,62 
OBJECT_ADD 25091113,28488232,-23.000000,62 
OBJECT_ADD 25095835,28488107,-23.000000,62 
OBJECT_ADD 25098091,28500268,-23.000000,62 
OBJECT_ADD 25091908,28478548,0.000000,63 

OBJECT_ADD 25119388,28477640,-23.000000,62 
OBJECT_ADD 24724976,28381461,-24.000000,62 
OBJECT_ADD 24711562,28399179,-24.000000,62 
OBJECT_ADD 24726127,28379507,-24.000000,62 
OBJECT_ADD 24731910,28389575,-24.000000,62 
OBJECT_ADD 24735830,28390890,-24.000000,62 
OBJECT_ADD 24739683,28392856,-24.000000,62 
OBJECT_ADD 24747044,28396419,-24.000000,62 
OBJECT_ADD 24744897,28395512,-24.000000,62 
OBJECT_ADD 24722962,28383572,-24.000000,62 
OBJECT_ADD 24751500,28401564,-24.000000,62 
OBJECT_ADD 24753692,28405822,-24.000000,62 
OBJECT_ADD 24726319,28376997,-24.000000,62 
OBJECT_ADD 24757114,28409461,-24.000000,62 
OBJECT_ADD 24755620,28414418,-67.000000,63 
OBJECT_ADD 24739863,28361753,-78.000000,63 
OBJECT_ADD 24741228,28362270,-1.000000,63 
 

OBJECT_ADD 24716489,28388495,-24.000000,62 
OBJECT_ADD 24767187,28357698,-24.000000,62 
OBJECT_ADD 24760272,28398956,-24.000000,62 
OBJECT_ADD 24754575,28386188,-24.000000,62 
OBJECT_ADD 24752572,28388992,-24.000000,62 
OBJECT_ADD 24751208,28391098,-24.000000,62 
OBJECT_ADD 24756103,28385007,-24.000000,62 
OBJECT_ADD 24757275,28396992,-24.000000,62 
OBJECT_ADD 24754100,28393605,-24.000000,62 
OBJECT_ADD 24751167,28345074,-24.000000,62 
OBJECT_ADD 24757800,28383007,-24.000000,62 
OBJECT_ADD 24730022,28391412,-67.000000,63 
OBJECT_ADD 24731900,28392789,-78.000000,63 
OBJECT_ADD 24729325,28405225,-1.000000,63 

OBJECT_ADD 24726741,28369306,-24.000000,62 
OBJECT_ADD 24726359,28375084,-24.000000,62 
OBJECT_ADD 24730079,28363553,-24.000000,62 
OBJECT_ADD 24735271,28364686,-24.000000,62 
OBJECT_ADD 24725846,28372110,-24.000000,62 
OBJECT_ADD 24728624,28365116,-24.000000,62 
OBJECT_ADD 24738986,28366601,-24.000000,62 
OBJECT_ADD 24725902,28352627,-24.000000,62 
OBJECT_ADD 24728759,28352347,-24.000000,62 
OBJECT_ADD 24728997,28354740,-24.000000,62 
OBJECT_ADD 24724129,28364922,-24.000000,62 
OBJECT_ADD 24723618,28361264,-24.000000,62 
OBJECT_ADD 24721637,28360100,-24.000000,62 
OBJECT_ADD 24707221,28360010,-67.000000,63 
OBJECT_ADD 24756199,28376130,-78.000000,63 
OBJECT_ADD 24755828,28369454,-1.000000,63 

OBJECT_ADD 24744214,28347319,-24.000000,62 
OBJECT_ADD 24705572,28389482,-24.000000,62 
OBJECT_ADD 24747684,28348244,-24.000000,62 
OBJECT_ADD 24707317,28392023,-24.000000,62 
OBJECT_ADD 24728711,28344011,-24.000000,62 
OBJECT_ADD 24725595,28345638,-24.000000,62 
OBJECT_ADD 24725227,28363649,-24.000000,62 
OBJECT_ADD 24742808,28350624,-24.000000,62 
OBJECT_ADD 24744312,28354728,-24.000000,62 
OBJECT_ADD 24741202,28362202,-67.000000,63 
OBJECT_ADD 24739754,28361500,-78.000000,63 
OBJECT_ADD 24737610,28361588,-1.000000,63 

OBJECT_ADD 24709033,28404804,-24.000000,62 
OBJECT_ADD 24743583,28416947,-24.000000,62 
OBJECT_ADD 24736659,28410983,-24.000000,62 
OBJECT_ADD 24736645,28414540,-24.000000,62 
OBJECT_ADD 24733519,28409436,-24.000000,62 
OBJECT_ADD 24719962,28397402,-24.000000,62 
OBJECT_ADD 24762282,28403774,-24.000000,62 
OBJECT_ADD 24733767,28389025,-24.000000,62 
OBJECT_ADD 24740664,28403932,-24.000000,62 
OBJECT_ADD 24742849,28406095,-24.000000,62 
OBJECT_ADD 24723052,28363138,-24.000000,62 
OBJECT_ADD 24728652,28348840,-24.000000,62 
OBJECT_ADD 24735359,28356778,-67.000000,63 
OBJECT_ADD 24754859,28359426,-78.000000,63 
OBJECT_ADD 24757297,28360661,-1.000000,63 

OBJECT_ADD 24814659,28342595,-24.000000,62 
OBJECT_ADD 24802503,28343723,-24.000000,62 
OBJECT_ADD 24772573,28415660,-24.000000,62 
OBJECT_ADD 24765681,28404250,-24.000000,62 
OBJECT_ADD 24798986,28343922,-24.000000,62 
OBJECT_ADD 24784332,28419448,-24.000000,62 
OBJECT_ADD 24814412,28347640,-24.000000,62 
OBJECT_ADD 24754638,28344486,0.000000,62 
OBJECT_ADD 24754659,28332596,0.000000,62 
OBJECT_ADD 24751018,28334771,0.000000,62 
OBJECT_ADD 24749560,28332778,0.000000,62 
OBJECT_ADD 24748109,28331159,0.000000,62 
OBJECT_ADD 24749735,28340368,0.000000,62 
OBJECT_ADD 24746923,28337631,0.000000,62 
OBJECT_ADD 24745168,28334353,0.000000,62 
OBJECT_ADD 24728411,28337184,0.000000,62 
OBJECT_ADD 24725278,28334503,0.000000,62 
OBJECT_ADD 24723543,28332069,0.000000,62 
OBJECT_ADD 24732203,28338531,0.000000,62 
OBJECT_ADD 24752357,28329378,0.000000,62 
OBJECT_ADD 24775916,28352819,0.000000,62 
OBJECT_ADD 24773944,28346997,0.000000,62 
OBJECT_ADD 24780116,28360538,0.000000,62 
OBJECT_ADD 24783359,28354897,0.000000,62 
OBJECT_ADD 24790346,28363447,0.000000,62 
OBJECT_ADD 24787605,28360319,0.000000,62 
OBJECT_ADD 24774488,28347366,0.000000,62 
OBJECT_ADD 24773709,28365374,0.000000,62 
OBJECT_ADD 24777364,28356964,0.000000,62 
OBJECT_ADD 24783052,28366709,0.000000,62 
OBJECT_ADD 24782455,28359749,0.000000,62 
OBJECT_ADD 24779570,28364000,0.000000,62 
OBJECT_ADD 24791618,28342391,0.000000,62 
OBJECT_ADD 24712143,28368558,0.000000,62 
OBJECT_ADD 24703408,28370947,0.000000,62 
OBJECT_ADD 24682023,28372916,0.000000,62 
OBJECT_ADD 24728994,28340852,0.000000,62 
OBJECT_ADD 24693237,28349808,0.000000,62 
OBJECT_ADD 24702226,28352889,0.000000,62 
OBJECT_ADD 24675669,28370781,0.000000,62 
OBJECT_ADD 24673402,28364337,0.000000,62 
OBJECT_ADD 24670958,28359674,0.000000,62 
OBJECT_ADD 24681007,28348606,0.000000,62 
OBJECT_ADD 24686330,28341565,0.000000,62 
OBJECT_ADD 24682883,28342809,0.000000,62 
OBJECT_ADD 24766494,28354118,0.000000,62 
OBJECT_ADD 24758748,28346659,0.000000,62 
OBJECT_ADD 24768709,28352735,0.000000,62 
OBJECT_ADD 24770086,28342722,0.000000,62 
OBJECT_ADD 24770453,28334329,0.000000,62 
OBJECT_ADD 24766177,28332507,0.000000,62 
OBJECT_ADD 24764569,28331950,0.000000,62 
OBJECT_ADD 24761321,28333801,0.000000,62 
OBJECT_ADD 24757779,28333435,0.000000,62 
OBJECT_ADD 24699667,28336021,0.000000,62 
OBJECT_ADD 24698176,28332831,0.000000,62 
OBJECT_ADD 24720633,28340377,0.000000,62 
OBJECT_ADD 24708085,28332635,0.000000,62 
OBJECT_ADD 24722073,28330671,0.000000,62 
OBJECT_ADD 24748306,28332879,0.000000,62 
OBJECT_ADD 24685212,28347920,0.000000,62 
OBJECT_ADD 24698567,28395366,0.000000,62 
OBJECT_ADD 24695849,28383458,0.000000,62 
OBJECT_ADD 24664337,28382247,0.000000,62 
OBJECT_ADD 24667740,28382530,0.000000,62 
OBJECT_ADD 24717471,28376337,0.000000,62 
OBJECT_ADD 24808556,28347239,0.000000,62 
OBJECT_ADD 24774185,28348307,0.000000,62 
OBJECT_ADD 24810779,28344208,0.000000,62 
OBJECT_ADD 24800206,28358451,0.000000,62 
OBJECT_ADD 24799546,28353056,0.000000,62 
OBJECT_ADD 24797597,28348606,0.000000,62 
OBJECT_ADD 24792746,28339398,0.000000,62 
OBJECT_ADD 24792784,28336210,0.000000,62 
OBJECT_ADD 24791261,28329803,0.000000,62 
OBJECT_ADD 24786879,28327261,0.000000,62 
OBJECT_ADD 24795186,28328829,0.000000,62 
OBJECT_ADD 24787794,28330444,0.000000,62 
OBJECT_ADD 24784911,28335144,0.000000,62 
OBJECT_ADD 25386930,28344551,-23.000000,62 
OBJECT_ADD 25344733,28349381,-23.000000,62 
OBJECT_ADD 25363456,28367195,-23.000000,62 
OBJECT_ADD 25372316,28368482,-23.000000,62 
OBJECT_ADD 25405379,28376057,-23.000000,62 
OBJECT_ADD 25401816,28372727,-23.000000,62 
OBJECT_ADD 25349346,28404456,-23.000000,62 
OBJECT_ADD 25377041,28364392,-23.000000,62 
OBJECT_ADD 25347251,28358895,-23.000000,62 
OBJECT_ADD 25397019,28380337,-23.000000,62 
OBJECT_ADD 25395209,28360028,-23.000000,62 
OBJECT_ADD 25381188,28355084,-23.000000,62 
OBJECT_ADD 25380419,28358523,-23.000000,62 
OBJECT_ADD 25353868,28401918,-66.000000,63 
OBJECT_ADD 25402543,28329267,-77.000000,63 
OBJECT_ADD 25362434,28328975,0.000000,63 

OBJECT_ADD 25349459,28376967,-23.000000,62 
OBJECT_ADD 25371467,28381194,-23.000000,62 
OBJECT_ADD 25392198,28342643,-23.000000,62 
OBJECT_ADD 25396698,28351689,-23.000000,62 
OBJECT_ADD 25389605,28361052,-23.000000,62 
OBJECT_ADD 25340360,28378897,-23.000000,62 
OBJECT_ADD 25347954,28382892,-23.000000,62 
OBJECT_ADD 25381906,28410371,-23.000000,62 
OBJECT_ADD 25379711,28401884,-23.000000,62 
OBJECT_ADD 25378709,28395793,-23.000000,62 
OBJECT_ADD 25405675,28382544,-23.000000,62 
OBJECT_ADD 25396159,28356300,-23.000000,62 
OBJECT_ADD 25344700,28381367,-23.000000,62 
OBJECT_ADD 25343416,28366765,-66.000000,63 
OBJECT_ADD 25361043,28343510,-77.000000,63 
OBJECT_ADD 25362109,28341955,0.000000,63 

OBJECT_ADD 25392527,28410810,0.000000,62 
OBJECT_ADD 25398249,28411801,0.000000,62 
OBJECT_ADD 25336161,28362242,0.000000,62 
OBJECT_ADD 25395501,28389313,0.000000,62 
OBJECT_ADD 25400189,28347679,0.000000,62 
OBJECT_ADD 25387763,28337192,0.000000,62 
OBJECT_ADD 25392509,28332678,0.000000,62 
OBJECT_ADD 25388969,28336221,0.000000,62 
OBJECT_ADD 25383223,28339529,0.000000,62 
OBJECT_ADD 25378688,28334274,0.000000,62 
OBJECT_ADD 25374762,28330690,0.000000,62 
OBJECT_ADD 25372542,28328364,0.000000,62 
OBJECT_ADD 25397022,28344342,0.000000,62 
OBJECT_ADD 25393731,28408360,0.000000,62 
OBJECT_ADD 25355511,28430272,0.000000,62 
OBJECT_ADD 25405366,28369972,0.000000,62 
OBJECT_ADD 25403749,28386958,0.000000,62 
OBJECT_ADD 25414917,28405917,0.000000,62 
OBJECT_ADD 25411316,28408462,0.000000,62 
OBJECT_ADD 25407951,28411085,0.000000,62 
OBJECT_ADD 25405242,28414501,0.000000,62 
OBJECT_ADD 25391537,28413434,0.000000,62 
OBJECT_ADD 25400594,28404796,0.000000,62 
OBJECT_ADD 25399864,28396795,0.000000,62 
OBJECT_ADD 25393009,28402102,0.000000,62 
OBJECT_ADD 25340370,28370397,0.000000,62 
OBJECT_ADD 25390164,28345245,0.000000,62 
OBJECT_ADD 25386372,28349035,0.000000,62 
OBJECT_ADD 25377013,28354846,0.000000,62 
OBJECT_ADD 25374942,28357037,0.000000,62 
OBJECT_ADD 25371438,28359915,0.000000,62 
OBJECT_ADD 25364777,28359451,0.000000,62 
OBJECT_ADD 25394773,28398200,0.000000,62 
OBJECT_ADD 25403554,28437443,0.000000,62 
OBJECT_ADD 25397144,28440694,0.000000,62 
OBJECT_ADD 25392469,28443658,0.000000,62 
OBJECT_ADD 25387591,28441194,0.000000,62 
OBJECT_ADD 25382782,28443666,0.000000,62 
OBJECT_ADD 25383103,28437348,0.000000,62 
OBJECT_ADD 24519764,28491869,-180.000000,62 
OBJECT_ADD 24432519,28475750,-180.000000,62 
OBJECT_ADD 24497543,28509611,-203.000000,62 
OBJECT_ADD 24535823,28466437,-203.000000,62 
OBJECT_ADD 24532470,28458220,-203.000000,62 
OBJECT_ADD 24487000,28537559,-203.000000,62 
OBJECT_ADD 24483493,28532078,-203.000000,62 
OBJECT_ADD 24476700,28534951,-203.000000,62 
OBJECT_ADD 24476102,28530576,-203.000000,62 
OBJECT_ADD 24490131,28515581,-203.000000,62 
OBJECT_ADD 24490766,28513118,-203.000000,62 
OBJECT_ADD 24470540,28528978,-203.000000,62 
OBJECT_ADD 24493463,28518817,-203.000000,62 
OBJECT_ADD 24467151,28525453,-203.000000,62 
OBJECT_ADD 24529968,28487191,-246.000000,63 
OBJECT_ADD 24531735,28473661,-180.000000,63 

OBJECT_ADD 24535197,28479320,-180.000000,62 
OBJECT_ADD 24538275,28483152,-180.000000,62 
OBJECT_ADD 24516791,28482394,-180.000000,62 
OBJECT_ADD 24530628,28505895,-180.000000,62 
OBJECT_ADD 24500365,28516336,-180.000000,62 
OBJECT_ADD 24494798,28539220,-180.000000,62 
OBJECT_ADD 24494406,28513413,-180.000000,62 
OBJECT_ADD 24503370,28495905,-180.000000,62 
OBJECT_ADD 24451137,28587520,-180.000000,62 
OBJECT_ADD 24482307,28487039,-180.000000,62 
OBJECT_ADD 24503557,28500169,-180.000000,62 
OBJECT_ADD 24490893,28538044,-180.000000,62 
OBJECT_ADD 24451680,28580760,-180.000000,62 
OBJECT_ADD 24492464,28492012,-180.000000,62 
OBJECT_ADD 24464072,28519865,-203.000000,62 
OBJECT_ADD 24478595,28484373,-257.000000,63 
OBJECT_ADD 24507224,28487417,-180.000000,62 
OBJECT_ADD 24454527,28515468,-180.000000,62 
OBJECT_ADD 24461697,28522528,-180.000000,62 
OBJECT_ADD 24458659,28518939,-180.000000,62 
OBJECT_ADD 24462232,28525554,-180.000000,62 
OBJECT_ADD 24473052,28482778,-180.000000,62 
OBJECT_ADD 24435386,28457624,-180.000000,62 
OBJECT_ADD 24448957,28519971,-180.000000,62 
OBJECT_ADD 24479716,28468536,-180.000000,62 
OBJECT_ADD 24455378,28456754,-180.000000,62 
OBJECT_ADD 24428012,28537500,-180.000000,62 
OBJECT_ADD 24445980,28539226,-180.000000,62 
OBJECT_ADD 24447337,28542733,-180.000000,62 
OBJECT_ADD 24449676,28531277,-180.000000,62 
OBJECT_ADD 24434315,28522174,-180.000000,62 
OBJECT_ADD 24455257,28449977,-180.000000,62 
OBJECT_ADD 24476358,28477011,-180.000000,62 
OBJECT_ADD 24493086,28456477,-180.000000,62 
OBJECT_ADD 24513101,28454271,-180.000000,62 
OBJECT_ADD 24513083,28448549,-180.000000,62 
OBJECT_ADD 24502491,28445667,-180.000000,62 
OBJECT_ADD 24507657,28446276,-180.000000,62 
OBJECT_ADD 24435584,28528692,-180.000000,62 
OBJECT_ADD 24463188,28449993,-180.000000,62 
OBJECT_ADD 24499323,28458177,-180.000000,62 
OBJECT_ADD 24526293,28483379,-180.000000,62 
OBJECT_ADD 24475630,28471165,-180.000000,62 
OBJECT_ADD 24479271,28471021,-180.000000,62 
OBJECT_ADD 24464950,28476204,-180.000000,62 
OBJECT_ADD 24524588,28502987,-180.000000,62 
OBJECT_ADD 24514184,28478767,-180.000000,62 
OBJECT_ADD 24512417,28473487,-180.000000,62 
OBJECT_ADD 24522822,28497513,-180.000000,62 
OBJECT_ADD 24475520,28466007,-180.000000,62 
OBJECT_ADD 24510081,28501628,-180.000000,62 
OBJECT_ADD 24520108,28494741,-180.000000,62 
OBJECT_ADD 24647106,28169961,0.000000,62 
OBJECT_ADD 24644384,28170901,0.000000,62 
OBJECT_ADD 24644695,28166318,0.000000,62 
OBJECT_ADD 24626293,28237692,-204.000000,62 
OBJECT_ADD 24614090,28238255,-204.000000,62 
OBJECT_ADD 24613033,28243988,-204.000000,62 
OBJECT_ADD 24617353,28274752,-204.000000,62 
OBJECT_ADD 24613943,28269210,-204.000000,62 
OBJECT_ADD 24620868,28252830,-204.000000,62 
OBJECT_ADD 24621545,28250377,-204.000000,62 
OBJECT_ADD 24624144,28256124,-204.000000,62 
OBJECT_ADD 24614811,28238697,-247.000000,63 

OBJECT_ADD 24633756,28258871,-181.000000,62 
OBJECT_ADD 24631865,28266325,-181.000000,62 
OBJECT_ADD 24630932,28269504,-181.000000,62 
OBJECT_ADD 24632107,28261582,-181.000000,62 
OBJECT_ADD 24631087,28253763,-181.000000,62 
OBJECT_ADD 24625121,28276547,-181.000000,62 
OBJECT_ADD 24626657,28251798,-181.000000,62 
OBJECT_ADD 24655540,28240839,-181.000000,62 
OBJECT_ADD 24634447,28233387,-181.000000,62 
OBJECT_ADD 24646578,28249801,-181.000000,62 
OBJECT_ADD 24613544,28224156,-181.000000,62 
OBJECT_ADD 24648495,28245189,-181.000000,62 
OBJECT_ADD 24653163,28236855,-181.000000,62 
OBJECT_ADD 24634560,28237654,-181.000000,62 
OBJECT_ADD 24644601,28244980,-181.000000,62 
OBJECT_ADD 24641527,28239541,-181.000000,62 
OBJECT_ADD 24651306,28232952,-181.000000,62 
OBJECT_ADD 24621238,28275303,-181.000000,62 
OBJECT_ADD 24623612,28229306,-181.000000,62 
OBJECT_ADD 24615992,28296851,-181.000000,62 
OBJECT_ADD 24611208,28302170,-181.000000,62 
OBJECT_ADD 24652367,28176575,0.000000,62 
OBJECT_ADD 24663343,28159568,0.000000,62 
OBJECT_ADD 24661613,28167944,0.000000,62 
OBJECT_ADD 24640729,28177709,0.000000,62 
OBJECT_ADD 24599379,28176701,0.000000,62 
OBJECT_ADD 24613928,28168591,0.000000,62 
OBJECT_ADD 24622105,28162863,0.000000,62 
OBJECT_ADD 24624935,28169788,0.000000,62 
OBJECT_ADD 24629741,28167832,0.000000,62 
OBJECT_ADD 24654735,28160327,0.000000,62 
OBJECT_ADD 24607098,28271963,-204.000000,62 
OBJECT_ADD 24606579,28267578,-204.000000,62 
OBJECT_ADD 24601047,28265883,-204.000000,62 
OBJECT_ADD 24594737,28256659,-204.000000,62 
OBJECT_ADD 24597719,28262298,-204.000000,62 
OBJECT_ADD 24598430,28219650,-258.000000,63 
OBJECT_ADD 24606170,28242080,-181.000000,63 
 
OBJECT_ADD 24649689,28257224,-181.000000,62 
OBJECT_ADD 24695607,28261228,-181.000000,62 
OBJECT_ADD 24592315,28259281,-181.000000,62 
OBJECT_ADD 24589341,28255638,-181.000000,62 
OBJECT_ADD 24591371,28262461,-181.000000,62 
OBJECT_ADD 24584155,28266682,-181.000000,62 
OBJECT_ADD 24602376,28222915,-181.000000,62 
OBJECT_ADD 24607972,28230324,-181.000000,62 
OBJECT_ADD 24690905,28254058,-181.000000,62 
OBJECT_ADD 24678804,28244212,-181.000000,62 
OBJECT_ADD 24683098,28245754,-181.000000,62 
OBJECT_ADD 24598706,28236586,-181.000000,62 
OBJECT_ADD 24660187,28231160,-181.000000,62 
OBJECT_ADD 24576311,28275702,-181.000000,62 
OBJECT_ADD 24580608,28281404,-181.000000,62 
OBJECT_ADD 24686528,28254068,-181.000000,62 
OBJECT_ADD 24649417,28271343,-181.000000,62 
OBJECT_ADD 24644688,28273898,-181.000000,62 
OBJECT_ADD 24642773,28296790,-181.000000,62 
OBJECT_ADD 24667739,28223814,-181.000000,62 
OBJECT_ADD 24679320,28229214,-181.000000,62 
OBJECT_ADD 24664631,28240107,-181.000000,62 
OBJECT_ADD 24661169,28223392,-181.000000,62 
OBJECT_ADD 24650321,28223712,-181.000000,62 
OBJECT_ADD 24638457,28225738,-181.000000,62 
OBJECT_ADD 24591755,28251065,-181.000000,62 
OBJECT_ADD 24630243,28301514,-181.000000,62 
OBJECT_ADD 24625714,28301288,-181.000000,62 
OBJECT_ADD 24606304,28214643,-181.000000,62 
OBJECT_ADD 24605640,28210237,-181.000000,62 
OBJECT_ADD 24604043,28218446,-181.000000,62 
OBJECT_ADD 24667372,28195113,-23.000000,62 
OBJECT_ADD 24668090,28197561,-23.000000,62 
OBJECT_ADD 24675123,28182363,-23.000000,62 
OBJECT_ADD 24679810,28190057,-23.000000,62 
OBJECT_ADD 24701578,28203989,-23.000000,62 
OBJECT_ADD 24681082,28209518,-23.000000,62 
OBJECT_ADD 24699426,28226328,-23.000000,62 
OBJECT_ADD 24672151,28219670,-23.000000,62 
OBJECT_ADD 24665937,28218660,-23.000000,62 
OBJECT_ADD 24691353,28209445,-23.000000,62 
OBJECT_ADD 24691853,28213353,-23.000000,62 
OBJECT_ADD 24696339,28195517,-23.000000,62 
OBJECT_ADD 24678754,28193843,-23.000000,62 
OBJECT_ADD 24679642,28197847,-66.000000,63 
OBJECT_ADD 24666947,28230879,-77.000000,63 
OBJECT_ADD 24667653,28232721,0.000000,63 

OBJECT_ADD 24655275,28221176,0.000000,62 
OBJECT_ADD 24657806,28199343,0.000000,62 
OBJECT_ADD 24669778,28203116,0.000000,62 
OBJECT_ADD 24662922,28187744,0.000000,62 
OBJECT_ADD 24656827,28190638,0.000000,62 
OBJECT_ADD 24682114,28228193,0.000000,62 
OBJECT_ADD 24714153,28188469,0.000000,62 
OBJECT_ADD 24670260,28184548,0.000000,62 
OBJECT_ADD 24666778,28186479,0.000000,62 
OBJECT_ADD 24685868,28237859,0.000000,62 
OBJECT_ADD 24683510,28231257,0.000000,62 
OBJECT_ADD 24708383,28200938,0.000000,62 
OBJECT_ADD 24678773,28203051,0.000000,62 
OBJECT_ADD 24641964,28209959,0.000000,62 
OBJECT_ADD 24652993,28184089,0.000000,62 
OBJECT_ADD 24656876,28185613,0.000000,62 
OBJECT_ADD 24642124,28183609,0.000000,62 
OBJECT_ADD 24640297,28184382,0.000000,62 
OBJECT_ADD 24633567,28183208,0.000000,62 
OBJECT_ADD 24643134,28199143,0.000000,62 
OBJECT_ADD 24646381,28232263,0.000000,62 
OBJECT_ADD 24643161,28194640,0.000000,62 
OBJECT_ADD 24647079,28186407,0.000000,62 
OBJECT_ADD 24643699,28188305,0.000000,62 
OBJECT_ADD 24648408,28221955,0.000000,62 
OBJECT_ADD 24645042,28215497,0.000000,62 
OBJECT_ADD 25095887,28161503,-73.000000,63 
OBJECT_ADD 25079528,28150203,-19.000000,62 
OBJECT_ADD 25077908,28152114,-19.000000,62 
OBJECT_ADD 25079124,28161886,-19.000000,62 
OBJECT_ADD 25039051,28195075,-19.000000,62 
OBJECT_ADD 25037765,28189227,-19.000000,62 
OBJECT_ADD 25039290,28206303,-19.000000,62 
OBJECT_ADD 25040265,28198467,-19.000000,62 
OBJECT_ADD 25048662,28207730,-19.000000,62 
OBJECT_ADD 25062425,28219598,-19.000000,62 
OBJECT_ADD 25059646,28224475,-19.000000,62 
OBJECT_ADD 25058362,28218882,-19.000000,62 
OBJECT_ADD 25038607,28210915,-19.000000,62 
OBJECT_ADD 25044151,28209167,-19.000000,62 
OBJECT_ADD 25037340,28201409,-19.000000,62 
OBJECT_ADD 25043812,28192359,-19.000000,62 
OBJECT_ADD 25052603,28211823,-19.000000,62 
OBJECT_ADD 25066317,28199433,-19.000000,62 
OBJECT_ADD 25101686,28164791,-19.000000,62 
OBJECT_ADD 25077285,28160404,-19.000000,62 
OBJECT_ADD 25095899,28137197,-19.000000,62 
OBJECT_ADD 25042804,28175052,-19.000000,62 
OBJECT_ADD 25036945,28198125,-19.000000,62 
OBJECT_ADD 25070504,28193379,-19.000000,62 
OBJECT_ADD 25050785,28176609,-19.000000,62 
OBJECT_ADD 25046889,28123233,-19.000000,62 
OBJECT_ADD 25098243,28135291,-19.000000,62 
OBJECT_ADD 25098200,28130178,-19.000000,62 
OBJECT_ADD 25091888,28136141,-19.000000,62 
OBJECT_ADD 25086031,28128230,4.000000,63 
OBJECT_ADD 25045068,28187610,-19.000000,62 
OBJECT_ADD 25036330,28171753,-19.000000,62 
OBJECT_ADD 25058606,28188893,-19.000000,62 
OBJECT_ADD 25037012,28152109,-19.000000,62 
OBJECT_ADD 25061079,28143710,-19.000000,62 
OBJECT_ADD 25052610,28132284,-19.000000,62 
OBJECT_ADD 25043608,28167810,-19.000000,62 
OBJECT_ADD 25071843,28181822,-19.000000,62 
OBJECT_ADD 25068828,28189105,-19.000000,62 
OBJECT_ADD 25042408,28182239,-19.000000,62 
OBJECT_ADD 25044332,28195890,-19.000000,62 
OBJECT_ADD 25047076,28203199,-19.000000,62 
OBJECT_ADD 25050305,28209113,-19.000000,62 
OBJECT_ADD 25094507,28130750,-19.000000,62 
OBJECT_ADD 25067425,28179770,-19.000000,62 
OBJECT_ADD 25093506,28124486,4.000000,63 

OBJECT_ADD 25072586,28197236,-19.000000,62 
OBJECT_ADD 25070586,28187888,-19.000000,62 
OBJECT_ADD 25085632,28157650,-19.000000,62 
OBJECT_ADD 25095270,28141913,-19.000000,62 
OBJECT_ADD 25090176,28150841,-19.000000,62 
OBJECT_ADD 25090902,28138986,-19.000000,62 
OBJECT_ADD 25087513,28142720,-19.000000,62 
OBJECT_ADD 25084719,28146069,-19.000000,62 
OBJECT_ADD 25047620,28151310,-19.000000,62 
OBJECT_ADD 25089487,28132008,-19.000000,62 
OBJECT_ADD 25077148,28135033,-62.000000,63 
OBJECT_ADD 25066890,28174520,-73.000000,63 

OBJECT_ADD 25045553,28190951,-19.000000,62 
OBJECT_ADD 25049998,28187050,-19.000000,62 
OBJECT_ADD 25041693,28173391,-19.000000,62 
OBJECT_ADD 25045436,28177083,-19.000000,62 
OBJECT_ADD 25043032,28141908,-19.000000,62 
OBJECT_ADD 25045329,28145920,-19.000000,62 
OBJECT_ADD 25051475,28139472,-19.000000,62 
OBJECT_ADD 25060442,28178675,-19.000000,62 
OBJECT_ADD 25050649,28173786,-19.000000,62 
OBJECT_ADD 25102030,28180797,-19.000000,62 
OBJECT_ADD 25098665,28175396,-19.000000,62 
OBJECT_ADD 25104619,28169126,-19.000000,62 
OBJECT_ADD 25052278,28152999,-62.000000,63 
OBJECT_ADD 25055910,28151725,-73.000000,63 
OBJECT_ADD 25052164,28192978,4.000000,63 

OBJECT_ADD 25052754,28146179,-19.000000,62 
OBJECT_ADD 25094231,28144998,-19.000000,62 
OBJECT_ADD 25096982,28133651,-19.000000,62 
OBJECT_ADD 25064413,28188204,-19.000000,62 
OBJECT_ADD 25048599,28181108,-19.000000,62 
OBJECT_ADD 25092646,28192317,-19.000000,62 
OBJECT_ADD 25084163,28191451,-19.000000,62 
OBJECT_ADD 25097708,28173486,-19.000000,62 
OBJECT_ADD 25059391,28159818,-19.000000,62 
OBJECT_ADD 25070782,28182054,-62.000000,63 
OBJECT_ADD 25076029,28202652,-73.000000,63 
OBJECT_ADD 25066987,28173760,4.000000,63 


OBJECT_ADD 24769381,28254946,0.000000,62 
OBJECT_ADD 24761411,28283893,0.000000,62 
OBJECT_ADD 24757799,28282470,0.000000,62 
OBJECT_ADD 24755772,28275602,0.000000,62 
OBJECT_ADD 24758849,28263253,0.000000,62 
OBJECT_ADD 24736465,28251799,0.000000,62 
OBJECT_ADD 24760082,28260160,0.000000,62 
OBJECT_ADD 24769637,28244405,0.000000,62 
OBJECT_ADD 24764116,28244675,0.000000,62 
OBJECT_ADD 24762260,28243329,0.000000,62 
OBJECT_ADD 24758275,28270096,0.000000,62 
OBJECT_ADD 24770369,28184316,0.000000,62 
OBJECT_ADD 24785944,28177161,0.000000,62 
OBJECT_ADD 24801430,28177318,0.000000,62 

OBJECT_ADD 24855903,28202702,-23.000000,62 
OBJECT_ADD 24901749,28247814,-23.000000,62 
OBJECT_ADD 24880924,28202206,-23.000000,62 
OBJECT_ADD 24857022,28205560,-23.000000,62 
OBJECT_ADD 24870621,28235527,-66.000000,63 
 
OBJECT_ADD 24792057,28230953,0.000000,62 
OBJECT_ADD 24789440,28227842,0.000000,62 
OBJECT_ADD 24798162,28220782,0.000000,62 
OBJECT_ADD 24795182,28215688,0.000000,62 
OBJECT_ADD 24778221,28220650,0.000000,62 
OBJECT_ADD 24774140,28212343,0.000000,62 
OBJECT_ADD 24773844,28188666,0.000000,62 
OBJECT_ADD 24803786,28207909,0.000000,62 
OBJECT_ADD 24780539,28223601,0.000000,62 
OBJECT_ADD 24804875,28216204,0.000000,62 
OBJECT_ADD 24838195,28202290,0.000000,62 
OBJECT_ADD 24850943,28209951,0.000000,62 
OBJECT_ADD 24843791,28216593,0.000000,62 
OBJECT_ADD 24834030,28239896,0.000000,62 
OBJECT_ADD 24830945,28220961,0.000000,62 
OBJECT_ADD 24823766,28220885,0.000000,62 
OBJECT_ADD 24833901,28222100,0.000000,62 
OBJECT_ADD 24809252,28229869,0.000000,62 
OBJECT_ADD 24806339,28233672,0.000000,62 
OBJECT_ADD 24830940,28264797,0.000000,62 
OBJECT_ADD 24848246,28246489,0.000000,62 
OBJECT_ADD 24842366,28237108,0.000000,62 
OBJECT_ADD 24828376,28225915,0.000000,62 
OBJECT_ADD 24804904,28239521,0.000000,62 
OBJECT_ADD 24802477,28244770,0.000000,62 
OBJECT_ADD 24855290,28297866,-23.000000,62 
OBJECT_ADD 24860072,28295369,-23.000000,62 
OBJECT_ADD 24864961,28293001,-23.000000,62 
OBJECT_ADD 24874450,28299874,-23.000000,62 
OBJECT_ADD 24878236,28294087,-23.000000,62 
OBJECT_ADD 24894633,28289460,-23.000000,62 
OBJECT_ADD 24875447,28290777,-23.000000,62 
OBJECT_ADD 24881148,28286395,-23.000000,62 
OBJECT_ADD 24889478,28284996,-23.000000,62 
OBJECT_ADD 24886913,28280721,-23.000000,62 
OBJECT_ADD 24876806,28284915,-23.000000,62 
OBJECT_ADD 24872993,28288061,-23.000000,62 
OBJECT_ADD 24875053,28310125,-66.000000,63 
OBJECT_ADD 24872818,28307238,-77.000000,63 
OBJECT_ADD 24867519,28264399,0.000000,63 

OBJECT_ADD 24883465,28274136,0.000000,62 
OBJECT_ADD 24882349,28271313,0.000000,62 
OBJECT_ADD 24849072,28301050,0.000000,62 
OBJECT_ADD 24849528,28296483,0.000000,62 
OBJECT_ADD 24866880,28277247,0.000000,62 
OBJECT_ADD 24864935,28275300,0.000000,62 
OBJECT_ADD 24850964,28287365,0.000000,62 
OBJECT_ADD 24854391,28283917,0.000000,62 
OBJECT_ADD 24858550,28255615,0.000000,62 
OBJECT_ADD 24870905,28255469,0.000000,62 
OBJECT_ADD 24863307,28255722,0.000000,62 
OBJECT_ADD 24860956,28257862,0.000000,62 
OBJECT_ADD 24859205,28207968,0.000000,62 
OBJECT_ADD 24885287,28213898,0.000000,62 
OBJECT_ADD 24877625,28208725,0.000000,62 
OBJECT_ADD 24881321,28208455,0.000000,62 
OBJECT_ADD 24877574,28203657,0.000000,62 
OBJECT_ADD 24882294,28205106,0.000000,62 
OBJECT_ADD 24892448,28203300,0.000000,62 
OBJECT_ADD 24897837,28202447,0.000000,62 
OBJECT_ADD 24901653,28204551,0.000000,62 
OBJECT_ADD 24897952,28222069,0.000000,62 
OBJECT_ADD 24900181,28211570,0.000000,62 
OBJECT_ADD 24890230,28216628,0.000000,62 
OBJECT_ADD 24898194,28283694,0.000000,62 
OBJECT_ADD 24895230,28281144,0.000000,62 
OBJECT_ADD 24892664,28287754,0.000000,62 
OBJECT_ADD 24869988,28277938,0.000000,62 
OBJECT_ADD 24896709,28274316,0.000000,62 
OBJECT_ADD 24893366,28276597,0.000000,62 
OBJECT_ADD 24890460,28278433,0.000000,62 
OBJECT_ADD 24903648,28265575,0.000000,62 
OBJECT_ADD 24900537,28267547,0.000000,62 
OBJECT_ADD 24896571,28269710,0.000000,62 
OBJECT_ADD 24892503,28271537,0.000000,62 
OBJECT_ADD 24887470,28272649,0.000000,62 
OBJECT_ADD 24870289,28261985,0.000000,62 
OBJECT_ADD 24897831,28242211,-23.000000,62 
OBJECT_ADD 24895459,28244283,-23.000000,62 
OBJECT_ADD 24894613,28253706,-23.000000,62 
OBJECT_ADD 24891202,28252433,-23.000000,62 
OBJECT_ADD 24887937,28248516,-23.000000,62 
OBJECT_ADD 24889268,28229211,-77.000000,63 
OBJECT_ADD 24881395,28273164,0.000000,63 

OBJECT_ADD 24863325,28206845,0.000000,62 
OBJECT_ADD 24898835,28227447,0.000000,62 
OBJECT_ADD 24978865,28171823,-23.000000,62 
OBJECT_ADD 24952183,28176099,-23.000000,62 
OBJECT_ADD 24955412,28178040,-23.000000,62 
OBJECT_ADD 24958819,28179267,-23.000000,62 
OBJECT_ADD 24958680,28163282,-23.000000,62 
OBJECT_ADD 24960253,28165404,-23.000000,62 
OBJECT_ADD 24963215,28167184,-23.000000,62 
OBJECT_ADD 24967387,28168683,-23.000000,62 
OBJECT_ADD 24971352,28169713,-23.000000,62 
OBJECT_ADD 24980764,28166248,-23.000000,62 
OBJECT_ADD 24981755,28178164,-23.000000,62 
OBJECT_ADD 24982853,28172114,-23.000000,62 
OBJECT_ADD 24966393,28176901,-23.000000,62 
OBJECT_ADD 24962853,28173810,-66.000000,63 
OBJECT_ADD 24953286,28167894,-77.000000,63 

OBJECT_ADD 24920010,28152618,-23.000000,62 
OBJECT_ADD 24942621,28168387,-23.000000,62 
OBJECT_ADD 24934281,28163812,-23.000000,62 
OBJECT_ADD 24956108,28152126,-23.000000,62 
OBJECT_ADD 24946521,28154192,-23.000000,62 
OBJECT_ADD 24955391,28155746,-23.000000,62 
OBJECT_ADD 24954042,28159550,-23.000000,62 
OBJECT_ADD 24933729,28158605,-23.000000,62 
OBJECT_ADD 24925740,28165074,-23.000000,62 
OBJECT_ADD 24946383,28169781,-23.000000,62 
OBJECT_ADD 24912196,28158272,-23.000000,62 
OBJECT_ADD 24911075,28163316,-23.000000,62 
OBJECT_ADD 24909514,28167344,-23.000000,62 
OBJECT_ADD 24922575,28160482,-66.000000,63 
OBJECT_ADD 24952270,28179260,-77.000000,63 
OBJECT_ADD 24937921,28148107,0.000000,63 

OBJECT_ADD 24973008,28150183,0.000000,62 
OBJECT_ADD 24976692,28148467,0.000000,62 
OBJECT_ADD 24957728,28133036,0.000000,62 
OBJECT_ADD 24989902,28123904,0.000000,62 
OBJECT_ADD 24961489,28153301,0.000000,62 
OBJECT_ADD 24958757,28150541,0.000000,62 
OBJECT_ADD 24965101,28151544,0.000000,62 
OBJECT_ADD 24975506,28153841,0.000000,62 
OBJECT_ADD 24978048,28155694,0.000000,62 
OBJECT_ADD 24984117,28168887,0.000000,62 
OBJECT_ADD 24982193,28157680,0.000000,62 
OBJECT_ADD 24985851,28159429,0.000000,62 
OBJECT_ADD 24958040,28129865,0.000000,62 
OBJECT_ADD 24997454,28125480,-23.000000,62 
OBJECT_ADD 25001283,28162322,-23.000000,62 
OBJECT_ADD 24996642,28160528,-23.000000,62 
OBJECT_ADD 24993741,28159102,-23.000000,62 
OBJECT_ADD 25013882,28123673,-23.000000,62 
OBJECT_ADD 25010456,28126691,-23.000000,62 
OBJECT_ADD 25008284,28130580,-23.000000,62 
OBJECT_ADD 25004556,28144918,-23.000000,62 
OBJECT_ADD 24998997,28142458,-23.000000,62 
OBJECT_ADD 25009245,28156832,-23.000000,62 
OBJECT_ADD 25008370,28153131,-23.000000,62 
OBJECT_ADD 25011727,28151814,-23.000000,62 
OBJECT_ADD 25016015,28154557,-23.000000,62 
OBJECT_ADD 25019600,28169742,-66.000000,63 
OBJECT_ADD 25011432,28150094,-77.000000,63 
OBJECT_ADD 24994390,28169630,0.000000,63 

OBJECT_ADD 24998315,28172382,-77.000000,63 
OBJECT_ADD 25003982,28157374,0.000000,62 
OBJECT_ADD 25008945,28168470,0.000000,62 
OBJECT_ADD 25011526,28171654,0.000000,62 
OBJECT_ADD 24999973,28168120,0.000000,62 
OBJECT_ADD 25004870,28164366,0.000000,62 
OBJECT_ADD 24995705,28175284,0.000000,62 
OBJECT_ADD 25010670,28162931,0.000000,62 
OBJECT_ADD 25027602,28109838,0.000000,62 
OBJECT_ADD 25019959,28110427,0.000000,62 
OBJECT_ADD 25013424,28111167,0.000000,62 
OBJECT_ADD 25018720,28115665,0.000000,62 
OBJECT_ADD 25017462,28120459,0.000000,62 
OBJECT_ADD 25019393,28123592,0.000000,62 
OBJECT_ADD 25020148,28127501,0.000000,62 
OBJECT_ADD 25021740,28130328,0.000000,62 
OBJECT_ADD 25021278,28134502,0.000000,62 
OBJECT_ADD 25016633,28138028,0.000000,62 
OBJECT_ADD 25016214,28141638,0.000000,62 
OBJECT_ADD 25022488,28138116,0.000000,62 
OBJECT_ADD 25008952,28103753,0.000000,62 
OBJECT_ADD 24963064,28119398,0.000000,62 
OBJECT_ADD 24982013,28104207,0.000000,62 
OBJECT_ADD 24993874,28089689,0.000000,62 
OBJECT_ADD 25006101,28093347,0.000000,62 
OBJECT_ADD 25003227,28136960,0.000000,62 
OBJECT_ADD 25005047,28131180,0.000000,62 
OBJECT_ADD 25006706,28124072,0.000000,62 
OBJECT_ADD 25009027,28116515,0.000000,62 
OBJECT_ADD 25009886,28107364,0.000000,62 
OBJECT_ADD 25005230,28113669,0.000000,62 
OBJECT_ADD 24999998,28116976,0.000000,62 
OBJECT_ADD 25001338,28112624,0.000000,62 
OBJECT_ADD 24989164,28100910,0.000000,62 
OBJECT_ADD 24906920,28281855,-23.000000,62 
OBJECT_ADD 24947594,28191042,0.000000,63 
 
OBJECT_ADD 25023044,28202370,-23.000000,62 
OBJECT_ADD 25021623,28208166,-23.000000,62 
OBJECT_ADD 25018795,28182634,-23.000000,62 
OBJECT_ADD 25014039,28184548,-23.000000,62 
OBJECT_ADD 25002580,28181898,-23.000000,62 
OBJECT_ADD 25001969,28190454,-23.000000,62 
OBJECT_ADD 25006156,28204098,-23.000000,62 
OBJECT_ADD 25009483,28210594,-23.000000,62 
OBJECT_ADD 25004396,28209303,-23.000000,62 
OBJECT_ADD 25006178,28189638,-23.000000,62 
OBJECT_ADD 25008550,28186896,-23.000000,62 
OBJECT_ADD 25007780,28196504,-23.000000,62 
OBJECT_ADD 25011296,28196818,-23.000000,62 
OBJECT_ADD 25006162,28205288,-66.000000,63 


OBJECT_ADD 25029109,28201129,0.000000,62 
OBJECT_ADD 25027554,28208807,0.000000,62 
OBJECT_ADD 25027116,28182410,0.000000,62 
OBJECT_ADD 25024756,28188805,0.000000,62 
OBJECT_ADD 25025396,28194067,0.000000,62 
OBJECT_ADD 25021902,28196851,0.000000,62 
OBJECT_ADD 24934137,28214628,11.000000,62 
OBJECT_ADD 24928970,28215432,11.000000,62 
OBJECT_ADD 24959946,28202797,11.000000,62 
OBJECT_ADD 24939218,28181687,11.000000,62 
OBJECT_ADD 24943566,28182411,11.000000,62 
OBJECT_ADD 24927166,28189124,11.000000,62 
OBJECT_ADD 24931180,28186789,11.000000,62 
OBJECT_ADD 24919428,28196667,11.000000,62 
OBJECT_ADD 24924762,28196274,11.000000,62 
OBJECT_ADD 24927786,28193121,11.000000,62 
OBJECT_ADD 24931772,28191297,11.000000,62 
OBJECT_ADD 24934750,28211243,11.000000,62 
OBJECT_ADD 24939511,28216650,11.000000,62 
OBJECT_ADD 24930979,28224532,-12.000000,62 
OBJECT_ADD 24946528,28218176,-12.000000,62 
OBJECT_ADD 24973196,28221277,-12.000000,62 
OBJECT_ADD 24954097,28220589,-12.000000,62 
OBJECT_ADD 24955360,28216484,-12.000000,62 
OBJECT_ADD 24964415,28222050,-12.000000,62 
OBJECT_ADD 24934466,28187446,-12.000000,62 
OBJECT_ADD 24963131,28186377,-12.000000,62 
OBJECT_ADD 24970105,28202041,-12.000000,62 
OBJECT_ADD 24990225,28222032,-12.000000,62 
OBJECT_ADD 24963341,28212107,-12.000000,62 
OBJECT_ADD 24939912,28211502,-12.000000,62 
OBJECT_ADD 24946152,28211070,-12.000000,62 
OBJECT_ADD 24960239,28227165,-55.000000,63 
OBJECT_ADD 24934286,28200451,-66.000000,63 
OBJECT_ADD 24937330,28200603,11.000000,63 
 
OBJECT_ADD 24988141,28204247,11.000000,62 
OBJECT_ADD 24971066,28184137,11.000000,62 
OBJECT_ADD 24981523,28210011,11.000000,62 
OBJECT_ADD 24991164,28208411,11.000000,62 
OBJECT_ADD 24987082,28211337,11.000000,62 
OBJECT_ADD 24988383,28215797,11.000000,62 
OBJECT_ADD 24937013,28237537,11.000000,62 
OBJECT_ADD 24932417,28229038,11.000000,62 
OBJECT_ADD 24919837,28231454,11.000000,62 
OBJECT_ADD 24928307,28219712,11.000000,62 
OBJECT_ADD 24925271,28211391,11.000000,62 
OBJECT_ADD 24922572,28200535,11.000000,62 
OBJECT_ADD 24951213,28201420,11.000000,62 
OBJECT_ADD 24910186,28228416,-23.000000,62 
OBJECT_ADD 24912311,28231539,-23.000000,62 
OBJECT_ADD 24909115,28232793,-23.000000,62 
OBJECT_ADD 24913696,28236505,-23.000000,62 


OBJECT_ADD 24967487,28334068,-23.000000,62 
OBJECT_ADD 24965019,28364131,-23.000000,62 
OBJECT_ADD 24937741,28348462,-23.000000,62 
OBJECT_ADD 24941411,28352394,-23.000000,62 
OBJECT_ADD 24951060,28360761,-23.000000,62 
OBJECT_ADD 24956378,28367143,-23.000000,62 
OBJECT_ADD 24955406,28359992,-23.000000,62 
OBJECT_ADD 24963936,28355933,-23.000000,62 
OBJECT_ADD 24964055,28359818,-23.000000,62 
OBJECT_ADD 24966712,28346322,-23.000000,62 
OBJECT_ADD 24969816,28347746,-23.000000,62 
OBJECT_ADD 24969710,28344222,-23.000000,62 
OBJECT_ADD 24966976,28340223,-23.000000,62 
OBJECT_ADD 24921475,28356779,-66.000000,63 
OBJECT_ADD 24937521,28343511,-77.000000,63 
OBJECT_ADD 24944847,28334528,0.000000,63 

OBJECT_ADD 24938423,28390396,0.000000,62 
OBJECT_ADD 24957132,28395018,0.000000,62 
OBJECT_ADD 24963195,28374277,0.000000,62 
OBJECT_ADD 24961418,28371902,0.000000,62 
OBJECT_ADD 24946115,28385715,0.000000,62 
OBJECT_ADD 24957678,28408278,0.000000,62 
OBJECT_ADD 24964289,28384664,0.000000,62 
OBJECT_ADD 24963777,28381405,0.000000,62 
OBJECT_ADD 24962524,28377759,0.000000,62 
OBJECT_ADD 24959862,28379469,0.000000,62 
OBJECT_ADD 24957932,28391023,0.000000,62 
OBJECT_ADD 24953996,28390637,0.000000,62 
OBJECT_ADD 24956253,28417927,0.000000,62 
OBJECT_ADD 24997815,28347956,0.000000,62 
OBJECT_ADD 25000611,28348987,0.000000,62 
OBJECT_ADD 25022754,28344897,0.000000,62 
OBJECT_ADD 24976113,28378764,0.000000,62 
OBJECT_ADD 24990577,28359368,-23.000000,62 
OBJECT_ADD 25011855,28354712,-23.000000,62 
OBJECT_ADD 25002870,28362285,-23.000000,62 
OBJECT_ADD 25008228,28361259,-23.000000,62 
OBJECT_ADD 25004130,28337616,-77.000000,63 
OBJECT_ADD 25021711,28352458,0.000000,63 

OBJECT_ADD 24985723,28373132,0.000000,62 
OBJECT_ADD 24972550,28388789,0.000000,62 
OBJECT_ADD 24971060,28385409,0.000000,62 
OBJECT_ADD 24979071,28375240,0.000000,62 
OBJECT_ADD 24984579,28361967,0.000000,62 
OBJECT_ADD 24980540,28359070,0.000000,62 
OBJECT_ADD 24977459,28356173,0.000000,62 
OBJECT_ADD 24976496,28352966,0.000000,62 
OBJECT_ADD 24973968,28354748,0.000000,62 
OBJECT_ADD 25001633,28378089,0.000000,62 
OBJECT_ADD 25025294,28374127,0.000000,62 
OBJECT_ADD 24997556,28381471,0.000000,62 
OBJECT_ADD 24998512,28384675,0.000000,62 
OBJECT_ADD 24977302,28363541,0.000000,62 
OBJECT_ADD 24974476,28371917,0.000000,62 
OBJECT_ADD 24976461,28382577,0.000000,62 
OBJECT_ADD 25003110,28369324,0.000000,62 
OBJECT_ADD 25014313,28327156,0.000000,62 
OBJECT_ADD 25014204,28329798,0.000000,62 
OBJECT_ADD 24994142,28342464,0.000000,62 
OBJECT_ADD 25016793,28328512,0.000000,62 
OBJECT_ADD 25023743,28326389,0.000000,62 
OBJECT_ADD 24996377,28340239,0.000000,62 
OBJECT_ADD 24997890,28344034,0.000000,62 
OBJECT_ADD 25003752,28347682,0.000000,62 
OBJECT_ADD 25001091,28343071,0.000000,62 
OBJECT_ADD 24995362,28350001,-23.000000,62 
OBJECT_ADD 25020644,28360940,-23.000000,62 
OBJECT_ADD 25022554,28358499,-23.000000,62 
OBJECT_ADD 25030485,28326798,-23.000000,62 
OBJECT_ADD 25033127,28341078,-23.000000,62 
OBJECT_ADD 25029545,28342578,-23.000000,62 
OBJECT_ADD 25015497,28361436,-66.000000,63 

OBJECT_ADD 25004630,28343886,0.000000,62 
OBJECT_ADD 24985482,28357088,0.000000,62 
OBJECT_ADD 25023487,28341056,0.000000,62 
OBJECT_ADD 25052104,28359165,-23.000000,62 
OBJECT_ADD 25035674,28332983,-23.000000,62 
OBJECT_ADD 25046684,28351343,-23.000000,62 
OBJECT_ADD 25042180,28327507,0.000000,62 
OBJECT_ADD 25053602,28362086,0.000000,62 
OBJECT_ADD 25049712,28356284,0.000000,62 
OBJECT_ADD 25057481,28354194,0.000000,62 
OBJECT_ADD 25045061,28347981,0.000000,62 
OBJECT_ADD 25038666,28334285,0.000000,62 
OBJECT_ADD 16467538,22743422,-23.000000,62 
OBJECT_ADD 16471410,22743147,-23.000000,62 
OBJECT_ADD 16470783,22739332,-23.000000,62 
OBJECT_ADD 16475994,22739139,-23.000000,62 
OBJECT_ADD 16476105,22743089,-23.000000,62 
OBJECT_ADD 16473542,22745000,-23.000000,62 
OBJECT_ADD 16479982,22743372,-23.000000,62 
OBJECT_ADD 16480760,22738922,-23.000000,62 
OBJECT_ADD 16464664,22743224,-23.000000,62 
OBJECT_ADD 16483427,22744574,-23.000000,62 
OBJECT_ADD 16485669,22742250,-23.000000,62 
OBJECT_ADD 16466741,22739126,-23.000000,62 
OBJECT_ADD 16478326,22737536,-23.000000,62 
OBJECT_ADD 16470122,22745045,-66.000000,63 
OBJECT_ADD 16473666,22737974,-77.000000,63 
OBJECT_ADD 16482566,22742538,0.000000,63 

OBJECT_ADD 24860717,28210760,-23.000000,62 
OBJECT_ADD 24857162,28213690,-23.000000,62 
OBJECT_ADD 24859267,28216830,-23.000000,62 
OBJECT_ADD 24873694,28216865,-23.000000,62 
OBJECT_ADD 24894229,28221193,-23.000000,62 
OBJECT_ADD 24844319,28265193,-23.000000,62 
OBJECT_ADD 24847378,28256541,-23.000000,62 
OBJECT_ADD 24854021,28252945,-23.000000,62 
OBJECT_ADD 24857336,28244009,-23.000000,62 
OBJECT_ADD 24857943,28239053,-23.000000,62 
OBJECT_ADD 24855186,28232978,-23.000000,62 
OBJECT_ADD 24853431,28228740,-23.000000,62 
OBJECT_ADD 24860247,28221548,-23.000000,62 
OBJECT_ADD 24840466,28258024,-66.000000,63 
OBJECT_ADD 24866337,28233281,-77.000000,63 
OBJECT_ADD 24871290,28238179,0.000000,63 

