OBJECT_ADD 37486189,34184333,0.000000,62 
OBJECT_ADD 37418449,34125194,0.000000,62 
OBJECT_ADD 37465477,34138840,0.000000,62 
OBJECT_ADD 37423457,34125767,0.000000,62 
OBJECT_ADD 37428175,34127911,0.000000,62 
OBJECT_ADD 37433096,34132156,0.000000,62 
OBJECT_ADD 37440014,34136681,0.000000,62 
OBJECT_ADD 37440681,34140278,0.000000,62 
OBJECT_ADD 37431263,34125306,0.000000,62 
OBJECT_ADD 37439274,34124109,0.000000,62 
OBJECT_ADD 37463256,34147969,0.000000,62 
OBJECT_ADD 37464457,34143055,0.000000,62 
OBJECT_ADD 37449410,34153419,0.000000,62 
OBJECT_ADD 37449234,34150032,0.000000,62 
OBJECT_ADD 37451658,34145558,0.000000,62 
OBJECT_ADD 37485776,34202681,0.000000,62 
OBJECT_ADD 37454510,34140861,0.000000,62 
OBJECT_ADD 37457935,34141823,0.000000,62 
OBJECT_ADD 37474201,34171346,0.000000,62 
OBJECT_ADD 37477619,34174616,0.000000,62 
OBJECT_ADD 37479084,34162198,0.000000,62 
OBJECT_ADD 37478106,34156558,0.000000,62 
OBJECT_ADD 37481741,34147366,0.000000,62 
OBJECT_ADD 37472982,34215811,0.000000,62 
OBJECT_ADD 37479747,34213946,0.000000,62 
OBJECT_ADD 37466790,34213213,0.000000,62 
OBJECT_ADD 37558684,34134593,0.000000,62 
OBJECT_ADD 37560724,34130827,0.000000,62 
OBJECT_ADD 37582359,34122088,0.000000,62 
OBJECT_ADD 37583059,34118696,0.000000,62 
OBJECT_ADD 37578152,34117212,0.000000,62 
OBJECT_ADD 37583689,34115336,0.000000,62 
OBJECT_ADD 37552345,34160991,-23.000000,62 
OBJECT_ADD 37551795,34163516,-23.000000,62 
OBJECT_ADD 37549941,34160046,-23.000000,62 
OBJECT_ADD 37548646,34156582,-23.000000,62 
OBJECT_ADD 37544359,34159109,-23.000000,62 
OBJECT_ADD 37543454,34156103,-23.000000,62 
OBJECT_ADD 37541153,34159922,-23.000000,62 
OBJECT_ADD 37539203,34156359,-23.000000,62 
OBJECT_ADD 37534989,34154747,-23.000000,62 
OBJECT_ADD 37533557,34151968,-23.000000,62 
OBJECT_ADD 37527980,34150302,-23.000000,62 
OBJECT_ADD 37525327,34151679,-23.000000,62 
OBJECT_ADD 37521575,34148353,-23.000000,62 
OBJECT_ADD 37534235,34130014,-66.000000,63 
OBJECT_ADD 37534469,34133175,-77.000000,63 
OBJECT_ADD 37524287,34194190,0.000000,63 
OBJECT_ADD 37546361,34139755,0.000000,62 
OBJECT_ADD 37549550,34138239,0.000000,62 
OBJECT_ADD 37548136,34134774,0.000000,62 
OBJECT_ADD 37543818,34135080,0.000000,62 
OBJECT_ADD 37544136,34131035,0.000000,62 
OBJECT_ADD 37544994,34127721,0.000000,62 
OBJECT_ADD 37529668,34176661,0.000000,62 
OBJECT_ADD 37526302,34174969,0.000000,62 
OBJECT_ADD 37523458,34171659,0.000000,62 
OBJECT_ADD 37545243,34179459,0.000000,62 
OBJECT_ADD 37540376,34180720,0.000000,62 
OBJECT_ADD 37530967,34185721,0.000000,62 
OBJECT_ADD 37538907,34191140,0.000000,62 
OBJECT_ADD 37493198,34207876,0.000000,62 
OBJECT_ADD 37531364,34196942,0.000000,62 
OBJECT_ADD 37496805,34206460,0.000000,62 
OBJECT_ADD 37490671,34206419,0.000000,62 
OBJECT_ADD 37549867,34151266,0.000000,62 
OBJECT_ADD 37547507,34143334,0.000000,62 
OBJECT_ADD 37516122,34195531,0.000000,62 
OBJECT_ADD 37524747,34182593,0.000000,62 
OBJECT_ADD 37512907,34164763,0.000000,62 
OBJECT_ADD 37514929,34139863,0.000000,62 
OBJECT_ADD 37491180,34163437,0.000000,62 
OBJECT_ADD 37496540,34173759,0.000000,62 
OBJECT_ADD 37603333,34176899,-23.000000,62 
OBJECT_ADD 37600890,34175337,-23.000000,62 
OBJECT_ADD 37588753,34159811,-23.000000,62 
OBJECT_ADD 37606430,34138692,-23.000000,62 
OBJECT_ADD 37616298,34135354,-23.000000,62 
OBJECT_ADD 37601590,34138558,0.000000,62 
OBJECT_ADD 37568622,34137630,0.000000,62 
OBJECT_ADD 37564139,34133722,0.000000,62 
OBJECT_ADD 37593892,34122900,0.000000,62 
OBJECT_ADD 37580806,34164377,0.000000,62 
OBJECT_ADD 37581232,34170990,0.000000,62 
OBJECT_ADD 37486834,34211315,0.000000,62 
OBJECT_ADD 37686685,33629292,-23.000000,62 
OBJECT_ADD 37688551,33626281,-23.000000,62 
OBJECT_ADD 37688374,33622328,-23.000000,62 
OBJECT_ADD 37690239,33640007,-23.000000,62 
OBJECT_ADD 37690978,33636520,-23.000000,62 
OBJECT_ADD 37719547,33665288,-23.000000,62 
OBJECT_ADD 37720804,33668344,-23.000000,62 
OBJECT_ADD 37679541,33666334,-23.000000,62 
OBJECT_ADD 37715565,33638331,-23.000000,62 
OBJECT_ADD 37716597,33636734,-23.000000,62 
OBJECT_ADD 37705136,33660510,-23.000000,62 
OBJECT_ADD 37706152,33643556,-23.000000,62 
OBJECT_ADD 37733894,33611454,-66.000000,63 
OBJECT_ADD 37722885,33600338,-77.000000,63 
OBJECT_ADD 37743583,33631111,0.000000,62 
OBJECT_ADD 37747041,33629344,0.000000,62 
OBJECT_ADD 37744972,33626077,0.000000,62 
OBJECT_ADD 37740861,33632051,0.000000,62 
OBJECT_ADD 37740345,33627577,0.000000,62 
OBJECT_ADD 37709011,33612461,0.000000,62 
OBJECT_ADD 37712004,33614026,0.000000,62 
OBJECT_ADD 37713884,33616972,0.000000,62 
OBJECT_ADD 37715900,33621260,0.000000,62 
OBJECT_ADD 37716360,33617721,0.000000,62 
OBJECT_ADD 37720012,33618462,0.000000,62 
OBJECT_ADD 37711133,33592458,0.000000,62 
OBJECT_ADD 37723870,33612757,0.000000,62 
OBJECT_ADD 37725349,33609412,0.000000,62 
OBJECT_ADD 37726836,33599150,0.000000,62 
OBJECT_ADD 37721968,33590999,0.000000,62 
OBJECT_ADD 37727854,33593140,0.000000,62 
OBJECT_ADD 37717946,33607583,0.000000,62 
OBJECT_ADD 37716559,33586038,0.000000,62 
OBJECT_ADD 37699674,33610066,0.000000,62 
OBJECT_ADD 37703006,33613481,0.000000,62 
OBJECT_ADD 37706627,33615459,0.000000,62 
OBJECT_ADD 37705339,33609532,0.000000,62 
OBJECT_ADD 37695938,33590056,0.000000,62 
OBJECT_ADD 37703524,33584138,0.000000,62 
OBJECT_ADD 37706956,33588914,0.000000,62 
OBJECT_ADD 37695793,33608742,0.000000,62 
OBJECT_ADD 37692949,33605772,0.000000,62 
OBJECT_ADD 37690325,33609083,0.000000,62 
OBJECT_ADD 37696774,33583905,0.000000,62 
OBJECT_ADD 37711573,33593128,0.000000,62 
OBJECT_ADD 37699971,33631309,-23.000000,62 
OBJECT_ADD 37698505,33639270,-23.000000,62 
OBJECT_ADD 37696075,33639007,-23.000000,62 
OBJECT_ADD 37682829,33630307,-23.000000,62 
OBJECT_ADD 37673293,33652777,-23.000000,62 
OBJECT_ADD 37674742,33628923,-23.000000,62 
OBJECT_ADD 37671808,33628550,-23.000000,62 
OBJECT_ADD 37667765,33629485,-23.000000,62 
OBJECT_ADD 37672449,33632475,-23.000000,62 
OBJECT_ADD 37677613,33630333,-23.000000,62 
OBJECT_ADD 37675567,33634858,-23.000000,62 
OBJECT_ADD 37659795,33647782,-23.000000,62 
OBJECT_ADD 37658931,33651131,-23.000000,62 
OBJECT_ADD 37660612,33660619,-66.000000,63 
OBJECT_ADD 37702482,33631533,0.000000,62 
OBJECT_ADD 37707371,33627317,0.000000,62 
OBJECT_ADD 37713701,33627727,0.000000,62 
OBJECT_ADD 37741596,33653347,0.000000,62 
OBJECT_ADD 37712113,33673109,0.000000,62 
OBJECT_ADD 37718852,33627944,0.000000,62 
OBJECT_ADD 37704609,33639874,0.000000,62 
OBJECT_ADD 37724254,33659563,0.000000,62 
OBJECT_ADD 37731114,33652744,0.000000,62 
OBJECT_ADD 37726163,33654105,0.000000,62 
OBJECT_ADD 37723075,33655549,0.000000,62 
OBJECT_ADD 37711273,33636901,0.000000,62 
OBJECT_ADD 37709972,33646993,0.000000,62 
OBJECT_ADD 37721086,33583761,0.000000,62 
OBJECT_ADD 37719989,33576267,0.000000,62 
OBJECT_ADD 37725061,33603906,0.000000,62 
OBJECT_ADD 37721913,33601228,0.000000,62 
OBJECT_ADD 37747987,33570832,0.000000,62 
OBJECT_ADD 37738145,33590466,0.000000,62 
OBJECT_ADD 37737808,33586732,0.000000,62 
OBJECT_ADD 37740728,33602123,-23.000000,62 
OBJECT_ADD 37741586,33599419,-23.000000,62 
OBJECT_ADD 37736427,33621678,-23.000000,62 
OBJECT_ADD 37745851,33592178,-23.000000,62 
OBJECT_ADD 37741129,33610295,-23.000000,62 
OBJECT_ADD 37739940,33607744,0.000000,62 
OBJECT_ADD 37743119,33617006,0.000000,62 
OBJECT_ADD 37741173,33621067,0.000000,62 
OBJECT_ADD 37732611,33620698,0.000000,62 
OBJECT_ADD 37738619,33577223,0.000000,62 
OBJECT_ADD 37739774,33574208,0.000000,62 
OBJECT_ADD 37746273,33805685,0.000000,62 
OBJECT_ADD 37747662,33800651,0.000000,62 
OBJECT_ADD 37744244,33801518,0.000000,62 
OBJECT_ADD 37705288,33787289,-23.000000,62 
OBJECT_ADD 37713200,33801947,-23.000000,62 
OBJECT_ADD 37709360,33800606,-23.000000,62 
OBJECT_ADD 37707309,33803629,-23.000000,62 
OBJECT_ADD 37707494,33808550,-23.000000,62 
OBJECT_ADD 37707660,33791519,-23.000000,62 
OBJECT_ADD 37706529,33796438,-23.000000,62 
OBJECT_ADD 37703721,33799122,-23.000000,62 
OBJECT_ADD 37699684,33797784,-23.000000,62 
OBJECT_ADD 37702535,33795234,-23.000000,62 
OBJECT_ADD 37702751,33789948,-23.000000,62 
OBJECT_ADD 37702048,33784397,-23.000000,62 
OBJECT_ADD 37709567,33785471,-23.000000,62 
OBJECT_ADD 37706430,33812259,-77.000000,63 
OBJECT_ADD 37699726,33814565,0.000000,63 
OBJECT_ADD 37715007,33808664,0.000000,62 
OBJECT_ADD 37725348,33814747,0.000000,62 
OBJECT_ADD 37713433,33805619,0.000000,62 
OBJECT_ADD 37723593,33815658,0.000000,62 
OBJECT_ADD 37690433,33806764,0.000000,62 
OBJECT_ADD 37723964,33793166,0.000000,62 
OBJECT_ADD 37722928,33789743,0.000000,62 
OBJECT_ADD 37728796,33811670,0.000000,62 
OBJECT_ADD 37711748,33813239,0.000000,62 
OBJECT_ADD 37690328,33816435,0.000000,62 
OBJECT_ADD 37725520,33798498,0.000000,62 
OBJECT_ADD 37745832,33811131,0.000000,62 
OBJECT_ADD 37744648,33815057,0.000000,62 
OBJECT_ADD 37733251,33810610,0.000000,62 
OBJECT_ADD 37734392,33806210,0.000000,62 
OBJECT_ADD 37736327,33802700,0.000000,62 
OBJECT_ADD 37742975,33808738,0.000000,62 
OBJECT_ADD 37740116,33813128,0.000000,62 
OBJECT_ADD 37744967,33783719,-23.000000,62 
OBJECT_ADD 37745681,33780676,-23.000000,62 
OBJECT_ADD 37724991,33740640,-23.000000,62 
OBJECT_ADD 37727251,33738406,-77.000000,63 
OBJECT_ADD 37730028,33736979,0.000000,63 
OBJECT_ADD 37704526,33699185,-23.000000,62 
OBJECT_ADD 37685678,33692070,-66.000000,63 
OBJECT_ADD 37693952,33692238,-77.000000,63 
OBJECT_ADD 37704337,33694534,0.000000,63 
OBJECT_ADD 37678962,33692210,-77.000000,63 
OBJECT_ADD 37682102,33686577,0.000000,63 
OBJECT_ADD 37741194,33744376,-23.000000,62 
OBJECT_ADD 37737049,33745673,-23.000000,62 
OBJECT_ADD 37733538,33745910,-23.000000,62 
OBJECT_ADD 37737088,33737827,-23.000000,62 
OBJECT_ADD 37739416,33732530,-23.000000,62 
OBJECT_ADD 37734473,33734512,-23.000000,62 
OBJECT_ADD 37731998,33733798,-23.000000,62 
OBJECT_ADD 37732497,33738729,-23.000000,62 
OBJECT_ADD 37717035,33727394,-77.000000,63 
OBJECT_ADD 37736737,33717432,0.000000,62 
OBJECT_ADD 37723563,33715047,0.000000,62 
OBJECT_ADD 37738824,33711471,0.000000,62 
OBJECT_ADD 37716394,33716396,0.000000,62 
OBJECT_ADD 37716484,33720611,0.000000,62 
OBJECT_ADD 37727352,33719827,0.000000,62 
OBJECT_ADD 37739730,33709606,0.000000,62 
OBJECT_ADD 37722816,33705896,0.000000,62 
OBJECT_ADD 37713025,33742432,0.000000,62 
OBJECT_ADD 37708299,33742763,0.000000,62 
OBJECT_ADD 37703853,33746192,0.000000,62 
OBJECT_ADD 37704463,33749997,0.000000,62 
OBJECT_ADD 37712304,33727456,0.000000,62 
OBJECT_ADD 37732183,33718029,0.000000,62 
OBJECT_ADD 37746821,33724501,-23.000000,62 
OBJECT_ADD 37747538,33713249,-23.000000,62 
OBJECT_ADD 37743339,33716029,-23.000000,62 
OBJECT_ADD 37748710,33722363,0.000000,63 
OBJECT_ADD 37740099,33716277,0.000000,62 
OBJECT_ADD 37744447,33742906,0.000000,62 
OBJECT_ADD 37693354,33818980,-66.000000,63 
OBJECT_ADD 37722825,33822140,0.000000,62 
OBJECT_ADD 37720748,33820528,0.000000,62 
OBJECT_ADD 37718079,33820736,0.000000,62 
OBJECT_ADD 37715358,33819033,0.000000,62 
OBJECT_ADD 37712387,33818947,0.000000,62 
OBJECT_ADD 37709766,33817795,0.000000,62 
OBJECT_ADD 37706704,33817592,0.000000,62 
OBJECT_ADD 37692542,33827697,0.000000,62 
OBJECT_ADD 37729392,33818256,0.000000,62 
OBJECT_ADD 37725413,33819939,0.000000,62 
OBJECT_ADD 37723776,33817864,0.000000,62 
OBJECT_ADD 37691898,33829888,0.000000,62 
OBJECT_ADD 37709030,33823564,0.000000,62 
OBJECT_ADD 37710217,33825600,0.000000,62 
OBJECT_ADD 37676768,33822871,0.000000,62 
OBJECT_ADD 37713148,34032271,155.000000,62 
OBJECT_ADD 37717308,34035150,155.000000,62 
OBJECT_ADD 37722130,34038232,155.000000,62 
OBJECT_ADD 37728715,34040917,155.000000,62 
OBJECT_ADD 37738440,34020936,155.000000,62 
OBJECT_ADD 37728755,34019207,155.000000,62 
OBJECT_ADD 37740065,34021905,155.000000,62 
OBJECT_ADD 37738856,34046333,155.000000,62 
OBJECT_ADD 37731886,34043686,155.000000,62 
OBJECT_ADD 37741188,34026083,155.000000,62 
OBJECT_ADD 37735061,34019417,155.000000,62 
OBJECT_ADD 37742405,34029432,155.000000,62 
OBJECT_ADD 37738569,34035048,155.000000,62 
OBJECT_ADD 37744503,34046629,112.000000,63 
OBJECT_ADD 37746825,34042396,101.000000,63 
OBJECT_ADD 37747569,34039383,178.000000,63 
OBJECT_ADD 37736698,34076910,-90.000000,62 
OBJECT_ADD 37686301,34073255,-90.000000,62 
OBJECT_ADD 37681656,34071419,-90.000000,62 
OBJECT_ADD 37681514,34075317,-90.000000,62 
OBJECT_ADD 37676130,34078485,-90.000000,62 
OBJECT_ADD 37701128,34071806,0.000000,62 
OBJECT_ADD 37704387,34072518,0.000000,62 
OBJECT_ADD 37709794,34037745,0.000000,62 
OBJECT_ADD 37701561,34041665,0.000000,62 
OBJECT_ADD 37705242,34041191,0.000000,62 
OBJECT_ADD 37711870,34044995,0.000000,62 
OBJECT_ADD 37707248,34046171,0.000000,62 
OBJECT_ADD 37703212,34048813,0.000000,62 
OBJECT_ADD 37706845,34051023,0.000000,62 
OBJECT_ADD 37710671,34048583,0.000000,62 
OBJECT_ADD 37711053,34057925,0.000000,62 
OBJECT_ADD 37710648,34053634,0.000000,62 
OBJECT_ADD 37694848,34069996,0.000000,62 
OBJECT_ADD 37746295,34073945,0.000000,62 
OBJECT_ADD 37741619,34074782,0.000000,62 
OBJECT_ADD 37742872,34078003,0.000000,62 
OBJECT_ADD 37717987,34053925,0.000000,62 
OBJECT_ADD 37716901,34058513,0.000000,62 
OBJECT_ADD 37722094,34056833,0.000000,62 
OBJECT_ADD 37715318,34062206,0.000000,62 
OBJECT_ADD 37725762,34056161,0.000000,62 
OBJECT_ADD 37721311,34061829,0.000000,62 
OBJECT_ADD 37714969,34067183,0.000000,62 
OBJECT_ADD 37719452,34065441,0.000000,62 
OBJECT_ADD 37709300,34062544,0.000000,62 
OBJECT_ADD 37731253,34096431,-90.000000,62 
OBJECT_ADD 37675807,34082386,-90.000000,62 
OBJECT_ADD 37711756,34102040,-113.000000,62 
OBJECT_ADD 37706274,34105547,-113.000000,62 
OBJECT_ADD 37709147,34112341,-113.000000,62 
OBJECT_ADD 37704772,34112938,-113.000000,62 
OBJECT_ADD 37703174,34118500,-113.000000,62 
OBJECT_ADD 37694062,34124968,-113.000000,62 
OBJECT_ADD 37693013,34095577,-113.000000,62 
OBJECT_ADD 37699649,34121889,-113.000000,62 
OBJECT_ADD 37695592,34085917,-90.000000,62 
OBJECT_ADD 37703078,34087677,-90.000000,62 
OBJECT_ADD 37706272,34088556,-90.000000,62 
OBJECT_ADD 37698331,34087518,-90.000000,62 
OBJECT_ADD 37713416,34094242,-90.000000,62 
OBJECT_ADD 37696725,34127344,-90.000000,62 
OBJECT_ADD 37693135,34130382,-90.000000,62 
OBJECT_ADD 37699920,34128234,-90.000000,62 
OBJECT_ADD 37712240,34098147,-90.000000,62 
OBJECT_ADD 37733876,34103015,-90.000000,62 
OBJECT_ADD 37738409,34107436,-90.000000,62 
OBJECT_ADD 37683807,34091498,-113.000000,62 
OBJECT_ADD 37675323,34105940,-113.000000,62 
OBJECT_ADD 37681072,34106896,-113.000000,62 
OBJECT_ADD 37689777,34098909,-113.000000,62 
OBJECT_ADD 37687171,34098290,-113.000000,62 
OBJECT_ADD 37675753,34105212,-156.000000,63 
OBJECT_ADD 37679283,34114299,-90.000000,63 
OBJECT_ADD 37690532,34088675,-90.000000,62 
OBJECT_ADD 37688645,34093139,-90.000000,62 
OBJECT_ADD 37670101,34085671,-90.000000,62 
OBJECT_ADD 37668388,34129845,-90.000000,62 
OBJECT_ADD 37667356,34112211,-90.000000,62 
OBJECT_ADD 37661235,34106733,-90.000000,62 
OBJECT_ADD 37674365,34085484,-90.000000,62 
OBJECT_ADD 37673889,34121057,-90.000000,62 
OBJECT_ADD 37666209,34096576,-90.000000,62 
OBJECT_ADD 37740444,34091361,-90.000000,62 
OBJECT_ADD 37736496,34095242,-90.000000,62 
OBJECT_ADD 37699235,34144412,-90.000000,62 
OBJECT_ADD 37673195,34130167,-90.000000,62 
OBJECT_ADD 37650396,34113564,-90.000000,62 
OBJECT_ADD 37694336,34153986,-90.000000,62 
OBJECT_ADD 37690535,34152275,-90.000000,62 
OBJECT_ADD 37717850,34197108,-90.000000,62 
OBJECT_ADD 37719232,34203195,-90.000000,62 
OBJECT_ADD 37710092,34170544,-90.000000,62 
OBJECT_ADD 37699641,34151030,-90.000000,62 
OBJECT_ADD 37722862,34154263,-90.000000,62 
OBJECT_ADD 37725249,34161350,-90.000000,62 
OBJECT_ADD 37714646,34168927,-90.000000,62 
OBJECT_ADD 37707842,34173203,-90.000000,62 
OBJECT_ADD 37715733,34194623,-90.000000,62 
OBJECT_ADD 37702843,34098149,-167.000000,63 
OBJECT_ADD 37679597,34138190,-90.000000,62 
OBJECT_ADD 37733896,34088322,-90.000000,62 
OBJECT_ADD 37646639,34138528,-90.000000,62 
OBJECT_ADD 37645910,34115008,-90.000000,62 
OBJECT_ADD 37691678,34157439,-90.000000,62 
OBJECT_ADD 37681127,34133203,-90.000000,62 
OBJECT_ADD 37680352,34150778,-90.000000,62 
OBJECT_ADD 37676610,34159988,-90.000000,62 
OBJECT_ADD 37649536,34145949,0.000000,62 
OBJECT_ADD 37649975,34143392,0.000000,62 
OBJECT_ADD 37659780,34137222,0.000000,62 
OBJECT_ADD 37712809,34187554,-23.000000,62 
OBJECT_ADD 37693016,34177884,-23.000000,62 
OBJECT_ADD 37692447,34175130,-23.000000,62 
OBJECT_ADD 37729413,34147860,-23.000000,62 
OBJECT_ADD 37737537,34150154,-23.000000,62 
OBJECT_ADD 37731730,34157691,-23.000000,62 
OBJECT_ADD 37739767,34160224,-23.000000,62 
OBJECT_ADD 37728268,34179948,-23.000000,62 
OBJECT_ADD 37735571,34194606,-23.000000,62 
OBJECT_ADD 37737707,34197934,-23.000000,62 
OBJECT_ADD 37708243,34175734,-23.000000,62 
OBJECT_ADD 37712111,34175971,-23.000000,62 
OBJECT_ADD 37734444,34193968,-66.000000,63 
OBJECT_ADD 37697283,34165784,-77.000000,63 
OBJECT_ADD 37698397,34175115,0.000000,63 
OBJECT_ADD 37697029,34166106,0.000000,62 
OBJECT_ADD 37715665,34173222,0.000000,62 
OBJECT_ADD 37670368,34174773,0.000000,62 
OBJECT_ADD 37672866,34180325,0.000000,62 
OBJECT_ADD 37670062,34180312,0.000000,62 
OBJECT_ADD 37691725,34202017,0.000000,62 
OBJECT_ADD 37696885,34204860,0.000000,62 
OBJECT_ADD 37679331,34182801,0.000000,62 
OBJECT_ADD 37688598,34185482,0.000000,62 
OBJECT_ADD 37684323,34185044,0.000000,62 
OBJECT_ADD 37686348,34189847,0.000000,62 
OBJECT_ADD 37682757,34189122,0.000000,62 
OBJECT_ADD 37676569,34163027,0.000000,62 
OBJECT_ADD 37700244,34109720,-23.000000,62 
OBJECT_ADD 37685698,34106277,-23.000000,62 
OBJECT_ADD 37656390,34116738,-23.000000,62 
OBJECT_ADD 37684017,34154275,-23.000000,62 
OBJECT_ADD 37681254,34153780,-23.000000,62 
OBJECT_ADD 37662028,34154379,-23.000000,62 
OBJECT_ADD 37678774,34144957,-23.000000,62 
OBJECT_ADD 37657128,34150714,-23.000000,62 
OBJECT_ADD 37653760,34148543,-23.000000,62 
OBJECT_ADD 37678621,34132654,-23.000000,62 
OBJECT_ADD 37670151,34131931,-23.000000,62 
OBJECT_ADD 37675541,34122671,-23.000000,62 
OBJECT_ADD 37641015,34112048,-23.000000,62 
OBJECT_ADD 37630620,34109945,-66.000000,63 
OBJECT_ADD 37659086,34129740,-77.000000,63 
OBJECT_ADD 37648160,34125011,0.000000,63 
OBJECT_ADD 37625008,34141729,-23.000000,62 
OBJECT_ADD 37653986,34127019,-23.000000,62 
OBJECT_ADD 37664115,34135179,-23.000000,62 
OBJECT_ADD 37666881,34133629,-23.000000,62 
OBJECT_ADD 37656847,34139069,-23.000000,62 
OBJECT_ADD 37643864,34164742,-23.000000,62 
OBJECT_ADD 37641783,34139419,-23.000000,62 
OBJECT_ADD 37639602,34162917,-23.000000,62 
OBJECT_ADD 37622740,34139849,-66.000000,63 
OBJECT_ADD 37628500,34128269,-77.000000,63 
OBJECT_ADD 37625989,34111881,0.000000,63 
OBJECT_ADD 37637511,34165560,0.000000,62 
OBJECT_ADD 37642417,34150181,0.000000,62 
OBJECT_ADD 37639474,34151022,0.000000,62 
OBJECT_ADD 37632307,34133497,0.000000,62 
OBJECT_ADD 37637753,34139646,0.000000,62 
OBJECT_ADD 37648803,34156899,0.000000,62 
OBJECT_ADD 37654191,34151253,0.000000,62 
OBJECT_ADD 37659888,34158672,0.000000,62 
OBJECT_ADD 37659973,34177020,0.000000,62 
OBJECT_ADD 37656158,34174749,0.000000,62 
OBJECT_ADD 37654494,34172828,0.000000,62 
OBJECT_ADD 37757063,33600264,-23.000000,62 
OBJECT_ADD 37758679,33596093,-23.000000,62 
OBJECT_ADD 37757623,33612316,-23.000000,62 
OBJECT_ADD 37763597,33608626,-23.000000,62 
OBJECT_ADD 37762123,33614637,-23.000000,62 
OBJECT_ADD 37766843,33615310,-23.000000,62 
OBJECT_ADD 37749306,33564868,0.000000,62 
OBJECT_ADD 37756694,33608714,-23.000000,62 
OBJECT_ADD 37755864,33605280,-23.000000,62 
OBJECT_ADD 37751040,33615514,0.000000,63 
OBJECT_ADD 37750063,33626514,0.000000,62 
OBJECT_ADD 37749251,33640416,0.000000,62 
OBJECT_ADD 37777310,33642636,0.000000,62 
OBJECT_ADD 37751212,33621477,0.000000,62 
OBJECT_ADD 37869124,33805864,-77.000000,63 
OBJECT_ADD 37835052,33816359,0.000000,62 
OBJECT_ADD 37804504,33756878,0.000000,62 
OBJECT_ADD 37854080,33786140,0.000000,62 
OBJECT_ADD 37861693,33816014,0.000000,62 
OBJECT_ADD 37867673,33814234,0.000000,62 
OBJECT_ADD 37878083,33811737,0.000000,62 
OBJECT_ADD 37873033,33803223,0.000000,62 
OBJECT_ADD 37863482,33804241,0.000000,62 
OBJECT_ADD 37860026,33798704,0.000000,62 
OBJECT_ADD 37832451,33803100,0.000000,62 
OBJECT_ADD 37873626,33810017,0.000000,62 
OBJECT_ADD 37750645,33804452,0.000000,62 
OBJECT_ADD 37753171,33801102,0.000000,62 
OBJECT_ADD 37754560,33796068,0.000000,62 
OBJECT_ADD 37750449,33802042,0.000000,62 
OBJECT_ADD 37750760,33797459,0.000000,62 
OBJECT_ADD 37760177,33805936,0.000000,62 
OBJECT_ADD 37762289,33807960,0.000000,62 
OBJECT_ADD 37764443,33804972,0.000000,62 
OBJECT_ADD 37761927,33802579,0.000000,62 
OBJECT_ADD 37764050,33800802,0.000000,62 
OBJECT_ADD 37767806,33805659,0.000000,62 
OBJECT_ADD 37768415,33800062,0.000000,62 
OBJECT_ADD 37772091,33800815,0.000000,62 
OBJECT_ADD 37755876,33793811,0.000000,62 
OBJECT_ADD 37749519,33813832,0.000000,62 
OBJECT_ADD 37749872,33809566,0.000000,62 
OBJECT_ADD 37752128,33784072,-23.000000,62 
OBJECT_ADD 37750418,33779910,-23.000000,62 
OBJECT_ADD 37750724,33779716,-66.000000,63 
OBJECT_ADD 37806911,33758538,0.000000,62 
OBJECT_ADD 37807610,33711185,0.000000,62 
OBJECT_ADD 37795349,33702462,0.000000,62 
OBJECT_ADD 37825236,33716437,0.000000,62 
OBJECT_ADD 37825485,33711404,0.000000,62 
OBJECT_ADD 37793493,33713504,0.000000,62 
OBJECT_ADD 37819377,33706969,0.000000,62 
OBJECT_ADD 37815151,33768471,0.000000,62 
OBJECT_ADD 37803157,33753790,0.000000,62 
OBJECT_ADD 37798438,33751055,0.000000,62 
OBJECT_ADD 37810091,33751876,0.000000,62 
OBJECT_ADD 37799259,33743012,0.000000,62 
OBJECT_ADD 37771859,33731550,0.000000,62 
OBJECT_ADD 37762515,33784206,-23.000000,62 
OBJECT_ADD 37770718,33792088,-23.000000,62 
OBJECT_ADD 37766353,33783228,-23.000000,62 
OBJECT_ADD 37770152,33780934,-23.000000,62 
OBJECT_ADD 37768037,33779397,-23.000000,62 
OBJECT_ADD 37773698,33779142,-23.000000,62 
OBJECT_ADD 37762803,33780586,-23.000000,62 
OBJECT_ADD 37752890,33733685,-66.000000,63 
OBJECT_ADD 37748737,33739263,0.000000,62 
OBJECT_ADD 37749590,33718287,-23.000000,62 
OBJECT_ADD 37751090,33724475,-23.000000,62 
OBJECT_ADD 37750242,33743301,0.000000,62 
OBJECT_ADD 37751980,33733548,0.000000,62 
OBJECT_ADD 37773534,33739284,0.000000,62 
OBJECT_ADD 37759070,33736439,0.000000,62 
OBJECT_ADD 37764896,33740087,0.000000,62 
OBJECT_ADD 37764294,33729279,0.000000,62 
OBJECT_ADD 37759840,33722895,0.000000,62 
OBJECT_ADD 37767750,33730281,0.000000,62 
OBJECT_ADD 37759463,33728254,0.000000,62 
OBJECT_ADD 37809592,33832538,0.000000,62 
OBJECT_ADD 37860994,33823225,0.000000,62 
OBJECT_ADD 37849226,33826491,0.000000,62 
OBJECT_ADD 37839198,33824301,0.000000,62 
OBJECT_ADD 37832317,33832323,0.000000,62 
OBJECT_ADD 37835274,33829667,0.000000,62 
OBJECT_ADD 37836352,33835515,0.000000,62 
OBJECT_ADD 37829983,33832060,0.000000,62 
OBJECT_ADD 37876886,33853548,-23.000000,62 
OBJECT_ADD 37868481,33836984,0.000000,62 
OBJECT_ADD 37871939,33835217,0.000000,62 
OBJECT_ADD 37869871,33831933,0.000000,62 
OBJECT_ADD 37878645,33832800,0.000000,62 
OBJECT_ADD 37869428,33841146,0.000000,62 
OBJECT_ADD 37831376,33849017,-23.000000,62 
OBJECT_ADD 37831016,33854099,-23.000000,62 
OBJECT_ADD 37830271,33857512,-23.000000,62 
OBJECT_ADD 37833341,33864034,-23.000000,62 
OBJECT_ADD 37836433,33863016,-23.000000,62 
OBJECT_ADD 37839079,33861106,-23.000000,62 
OBJECT_ADD 37848627,33852422,-23.000000,62 
OBJECT_ADD 37843065,33857116,-23.000000,62 
OBJECT_ADD 37847940,33859129,-23.000000,62 
OBJECT_ADD 37852664,33862471,-23.000000,62 
OBJECT_ADD 37856772,33865944,-23.000000,62 
OBJECT_ADD 37859994,33868501,-23.000000,62 
OBJECT_ADD 37862635,33872293,-23.000000,62 
OBJECT_ADD 37844336,33857941,0.000000,63 
OBJECT_ADD 37849100,33834786,0.000000,62 
OBJECT_ADD 37853629,33838356,0.000000,62 
OBJECT_ADD 37845624,33838978,0.000000,62 
OBJECT_ADD 37834953,33848060,0.000000,62 
OBJECT_ADD 37857446,33839618,0.000000,62 
OBJECT_ADD 37839496,33846565,0.000000,62 
OBJECT_ADD 37843033,33843564,0.000000,62 
OBJECT_ADD 37858245,33842729,0.000000,62 
OBJECT_ADD 37857679,33846486,0.000000,62 
OBJECT_ADD 37864969,33839057,0.000000,62 
OBJECT_ADD 37863670,33844219,0.000000,62 
OBJECT_ADD 37860672,33839612,0.000000,62 
OBJECT_ADD 37858226,33835289,0.000000,62 
OBJECT_ADD 37832187,33817306,0.000000,62 
OBJECT_ADD 37806626,33839069,0.000000,62 
OBJECT_ADD 37806708,33844278,0.000000,62 
OBJECT_ADD 37824764,33835825,0.000000,62 
OBJECT_ADD 37862446,33882808,-77.000000,63 
OBJECT_ADD 37862235,33885765,0.000000,63 
OBJECT_ADD 37869161,33827680,0.000000,62 
OBJECT_ADD 37866516,33824980,0.000000,62 
OBJECT_ADD 37862724,33822270,0.000000,62 
OBJECT_ADD 37864771,33817958,0.000000,62 
OBJECT_ADD 37867660,33821417,0.000000,62 
OBJECT_ADD 37871355,33849807,0.000000,62 
OBJECT_ADD 37878657,33861886,0.000000,62 
OBJECT_ADD 37879593,33865443,0.000000,62 
OBJECT_ADD 37878556,33868944,0.000000,62 
OBJECT_ADD 37879076,33872911,0.000000,62 
OBJECT_ADD 37879240,33926529,0.000000,62 
OBJECT_ADD 37878555,33966908,0.000000,62 
OBJECT_ADD 37870453,33966658,0.000000,62 
OBJECT_ADD 37869607,33970764,0.000000,62 
OBJECT_ADD 37868031,33975518,0.000000,62 
OBJECT_ADD 37870473,33978983,0.000000,62 
OBJECT_ADD 37874818,33982510,0.000000,62 
OBJECT_ADD 37877079,33986445,0.000000,62 
OBJECT_ADD 37878853,34000279,0.000000,62 
OBJECT_ADD 37850645,33992022,0.000000,62 
OBJECT_ADD 37857290,33997497,0.000000,62 
OBJECT_ADD 37862299,34002098,0.000000,62 
OBJECT_ADD 37855682,33985959,0.000000,62 
OBJECT_ADD 37863062,33970750,0.000000,62 
OBJECT_ADD 37861240,33980988,0.000000,62 
OBJECT_ADD 37847807,33984349,0.000000,62 
OBJECT_ADD 37842518,33988649,0.000000,62 
OBJECT_ADD 37789589,34049606,155.000000,62 
OBJECT_ADD 37785300,34029908,155.000000,62 
OBJECT_ADD 37829299,33999612,155.000000,62 
OBJECT_ADD 37782575,34036787,155.000000,62 
OBJECT_ADD 37796154,34049770,155.000000,62 
OBJECT_ADD 37808030,34041549,155.000000,62 
OBJECT_ADD 37806882,33995937,155.000000,62 
OBJECT_ADD 37790252,34039250,155.000000,62 
OBJECT_ADD 37797769,34041509,155.000000,62 
OBJECT_ADD 37794595,34041358,155.000000,62 
OBJECT_ADD 37808144,33992818,155.000000,62 
OBJECT_ADD 37811941,34033043,155.000000,62 
OBJECT_ADD 37830634,34018414,155.000000,62 
OBJECT_ADD 37768803,34010224,112.000000,63 
OBJECT_ADD 37763489,34021807,101.000000,63 
OBJECT_ADD 37805831,34029822,155.000000,62 
OBJECT_ADD 37827716,33997065,155.000000,62 
OBJECT_ADD 37799990,34025410,155.000000,62 
OBJECT_ADD 37805369,34033866,155.000000,62 
OBJECT_ADD 37827439,34002880,155.000000,62 
OBJECT_ADD 37792479,34005742,155.000000,62 
OBJECT_ADD 37794317,34021583,155.000000,62 
OBJECT_ADD 37785762,34033711,155.000000,62 
OBJECT_ADD 37810876,34012788,155.000000,62 
OBJECT_ADD 37785132,34011584,155.000000,62 
OBJECT_ADD 37786665,34010503,155.000000,62 
OBJECT_ADD 37797731,34022461,155.000000,62 
OBJECT_ADD 37795810,34018891,155.000000,62 
OBJECT_ADD 37778100,34002164,112.000000,63 
OBJECT_ADD 37785154,34000334,101.000000,63 
OBJECT_ADD 37808131,34010141,178.000000,63 
OBJECT_ADD 37782047,34041859,155.000000,62 
OBJECT_ADD 37778356,34037006,155.000000,62 
OBJECT_ADD 37777095,34030936,155.000000,62 
OBJECT_ADD 37795313,34051946,155.000000,62 
OBJECT_ADD 37789511,34052676,155.000000,62 
OBJECT_ADD 37792420,34048257,155.000000,62 
OBJECT_ADD 37786847,34047980,155.000000,62 
OBJECT_ADD 37754057,34032955,155.000000,62 
OBJECT_ADD 37768335,34030567,155.000000,62 
OBJECT_ADD 37751640,34015728,155.000000,62 
OBJECT_ADD 37769462,34003903,155.000000,62 
OBJECT_ADD 37760259,34001333,155.000000,62 
OBJECT_ADD 37756057,34022607,155.000000,62 
OBJECT_ADD 37779261,34037184,112.000000,63 
OBJECT_ADD 37803923,34029512,101.000000,63 
OBJECT_ADD 37776061,34005244,178.000000,63 
OBJECT_ADD 37814366,34047029,155.000000,62 
OBJECT_ADD 37832774,34029008,155.000000,62 
OBJECT_ADD 37816896,34047148,155.000000,62 
OBJECT_ADD 37845618,34033942,155.000000,62 
OBJECT_ADD 37841663,34037845,155.000000,62 
OBJECT_ADD 37827308,34022037,155.000000,62 
OBJECT_ADD 37827780,34029692,155.000000,62 
OBJECT_ADD 37763086,34007584,112.000000,63 
OBJECT_ADD 37809289,34055618,101.000000,63 
OBJECT_ADD 37791033,34041474,178.000000,63 
OBJECT_ADD 37751995,34000244,155.000000,62 
OBJECT_ADD 37756284,33995354,155.000000,62 
OBJECT_ADD 37757390,34025662,155.000000,62 
OBJECT_ADD 37756381,34030725,155.000000,62 
OBJECT_ADD 37754036,34016582,155.000000,62 
OBJECT_ADD 37827606,34028826,155.000000,62 
OBJECT_ADD 37818251,34026583,155.000000,62 
OBJECT_ADD 37802272,34040703,155.000000,62 
OBJECT_ADD 37816144,34041402,155.000000,62 
OBJECT_ADD 37816422,34019985,155.000000,62 
OBJECT_ADD 37773644,34038038,155.000000,62 
OBJECT_ADD 37775214,34040474,155.000000,62 
OBJECT_ADD 37813661,34043799,155.000000,62 
OBJECT_ADD 37805343,34019902,155.000000,62 
OBJECT_ADD 37786315,34038731,155.000000,62 
OBJECT_ADD 37790255,34013736,155.000000,62 
OBJECT_ADD 37822118,34033634,155.000000,62 
OBJECT_ADD 37762938,34040178,155.000000,62 
OBJECT_ADD 37758505,34043564,155.000000,62 
OBJECT_ADD 37830419,34072428,155.000000,62 
OBJECT_ADD 37825656,34070697,155.000000,62 
OBJECT_ADD 37818956,34049443,155.000000,62 
OBJECT_ADD 37767310,34045518,155.000000,62 
OBJECT_ADD 37769513,34039449,155.000000,62 
OBJECT_ADD 37769412,34049245,155.000000,62 
OBJECT_ADD 37792362,34049326,155.000000,62 
OBJECT_ADD 37772977,34046569,155.000000,62 
OBJECT_ADD 37762385,34048728,155.000000,62 
OBJECT_ADD 37770936,34054454,155.000000,62 
OBJECT_ADD 37817236,34035248,155.000000,62 
OBJECT_ADD 37809989,34042043,112.000000,63 
OBJECT_ADD 37767460,34064793,101.000000,63 
OBJECT_ADD 37748912,34057511,178.000000,63 
OBJECT_ADD 37799898,33989074,178.000000,63 
OBJECT_ADD 37756547,33995826,155.000000,62 
OBJECT_ADD 37874285,34057009,-23.000000,62 
OBJECT_ADD 37878157,34056734,-23.000000,62 
OBJECT_ADD 37877530,34052919,-23.000000,62 
OBJECT_ADD 37871411,34056811,-23.000000,62 
OBJECT_ADD 37873488,34052713,-23.000000,62 
OBJECT_ADD 37876869,34058632,-66.000000,63 
OBJECT_ADD 37878539,34022170,-23.000000,62 
OBJECT_ADD 37872907,34034821,-23.000000,62 
OBJECT_ADD 37856191,34029827,-23.000000,62 
OBJECT_ADD 37856539,34036858,-23.000000,62 
OBJECT_ADD 37857674,34045580,-23.000000,62 
OBJECT_ADD 37858942,34048916,-23.000000,62 
OBJECT_ADD 37865646,34044761,-77.000000,63 
OBJECT_ADD 37867019,34042882,0.000000,63 
OBJECT_ADD 37872274,34110247,0.000000,62 
OBJECT_ADD 37857754,34110600,0.000000,62 
OBJECT_ADD 37861130,34111269,0.000000,62 
OBJECT_ADD 37864785,34110840,0.000000,62 
OBJECT_ADD 37862734,34113735,0.000000,62 
OBJECT_ADD 37865642,34113795,0.000000,62 
OBJECT_ADD 37871741,34142714,0.000000,62 
OBJECT_ADD 37854750,34109143,0.000000,62 
OBJECT_ADD 37751003,34086264,-90.000000,62 
OBJECT_ADD 37751327,34079533,0.000000,62 
OBJECT_ADD 37757151,34160554,-23.000000,62 
OBJECT_ADD 37882578,33805095,0.000000,62 
OBJECT_ADD 37882119,33801543,0.000000,62 
OBJECT_ADD 37894246,33795002,0.000000,62 
OBJECT_ADD 37896068,33798462,0.000000,62 
OBJECT_ADD 37880196,33807648,-66.000000,63 
OBJECT_ADD 37891583,33814361,-23.000000,62 
OBJECT_ADD 37896999,33814059,-23.000000,62 
OBJECT_ADD 37908308,33811104,0.000000,62 
OBJECT_ADD 37930507,33816361,-23.000000,62 
OBJECT_ADD 37926464,33816400,-23.000000,62 
OBJECT_ADD 37921986,33813378,-23.000000,62 
OBJECT_ADD 37921627,33815826,-23.000000,62 
OBJECT_ADD 37968221,33792525,-77.000000,63 
OBJECT_ADD 37987488,33796501,0.000000,62 
OBJECT_ADD 37990496,33795936,0.000000,62 
OBJECT_ADD 38008417,33814999,0.000000,62 
OBJECT_ADD 38003306,33814320,0.000000,62 
OBJECT_ADD 37998405,33813326,0.000000,62 
OBJECT_ADD 38009176,33810702,0.000000,62 
OBJECT_ADD 37964843,33801169,0.000000,62 
OBJECT_ADD 37972089,33806803,0.000000,62 
OBJECT_ADD 37985617,33810390,0.000000,62 
OBJECT_ADD 37964885,33812040,0.000000,62 
OBJECT_ADD 37958955,33812371,0.000000,62 
OBJECT_ADD 37956295,33809056,0.000000,62 
OBJECT_ADD 37961641,33808961,0.000000,62 
OBJECT_ADD 37967594,33814460,0.000000,62 
OBJECT_ADD 37969947,33810314,0.000000,62 
OBJECT_ADD 37958516,33815102,0.000000,62 
OBJECT_ADD 37954167,33815037,0.000000,62 
OBJECT_ADD 37961737,33798232,0.000000,62 
OBJECT_ADD 37960291,33798302,0.000000,62 
OBJECT_ADD 37971488,33744449,0.000000,62 
OBJECT_ADD 37952554,33760900,0.000000,62 
OBJECT_ADD 37962550,33751931,0.000000,62 
OBJECT_ADD 37955606,33759705,0.000000,62 
OBJECT_ADD 37976329,33745461,0.000000,62 
OBJECT_ADD 37980473,33811300,0.000000,62 
OBJECT_ADD 37896981,33833471,0.000000,62 
OBJECT_ADD 37881682,33838865,-23.000000,62 
OBJECT_ADD 37884211,33847573,-23.000000,62 
OBJECT_ADD 37885985,33841066,-23.000000,62 
OBJECT_ADD 37881446,33850876,-23.000000,62 
OBJECT_ADD 37886944,33862764,-66.000000,63 
OBJECT_ADD 37889144,33836244,-23.000000,62 
OBJECT_ADD 37886559,33833412,-23.000000,62 
OBJECT_ADD 37891054,33830604,-23.000000,62 
OBJECT_ADD 37890667,33825576,-23.000000,62 
OBJECT_ADD 37894740,33822117,-23.000000,62 
OBJECT_ADD 37894016,33818075,-23.000000,62 
OBJECT_ADD 37881224,33817681,0.000000,62 
OBJECT_ADD 37907308,33855100,0.000000,62 
OBJECT_ADD 37914476,33852426,0.000000,62 
OBJECT_ADD 37910184,33847542,0.000000,62 
OBJECT_ADD 37922906,33847882,0.000000,62 
OBJECT_ADD 37923788,33850800,0.000000,62 
OBJECT_ADD 37903451,33848011,0.000000,62 
OBJECT_ADD 37905156,33844456,0.000000,62 
OBJECT_ADD 37906711,33840312,0.000000,62 
OBJECT_ADD 37910901,33837908,0.000000,62 
OBJECT_ADD 37910649,33834068,0.000000,62 
OBJECT_ADD 37916323,33832566,0.000000,62 
OBJECT_ADD 37917192,33827534,0.000000,62 
OBJECT_ADD 37917659,33844832,0.000000,62 
OBJECT_ADD 37907482,33824747,0.000000,62 
OBJECT_ADD 37903138,33824955,0.000000,62 
OBJECT_ADD 37887261,33862701,0.000000,62 
OBJECT_ADD 37882856,33860005,0.000000,62 
OBJECT_ADD 37915800,33848266,0.000000,62 
OBJECT_ADD 37909148,33851067,0.000000,62 
OBJECT_ADD 37900435,33851626,0.000000,62 
OBJECT_ADD 37926679,33934312,0.000000,62 
OBJECT_ADD 37890876,33926141,0.000000,62 
OBJECT_ADD 37925715,33911399,0.000000,62 
OBJECT_ADD 37924043,33930096,0.000000,62 
OBJECT_ADD 37923901,33932500,0.000000,62 
OBJECT_ADD 37920781,33910271,0.000000,62 
OBJECT_ADD 37916706,33911161,0.000000,62 
OBJECT_ADD 37910046,33912855,0.000000,62 
OBJECT_ADD 37909341,33910248,0.000000,62 
OBJECT_ADD 37908419,33918787,0.000000,62 
OBJECT_ADD 37904888,33921322,0.000000,62 
OBJECT_ADD 37953190,33848219,0.000000,62 
OBJECT_ADD 37954465,33851221,0.000000,62 
OBJECT_ADD 37946421,33864267,0.000000,62 
OBJECT_ADD 37934503,33854191,0.000000,62 
OBJECT_ADD 37934567,33858130,0.000000,62 
OBJECT_ADD 37937770,33889440,0.000000,62 
OBJECT_ADD 37929927,33874150,0.000000,62 
OBJECT_ADD 37928870,33881793,0.000000,62 
OBJECT_ADD 37933950,33885472,0.000000,62 
OBJECT_ADD 37923159,33884292,0.000000,62 
OBJECT_ADD 37914700,33877816,0.000000,62 
OBJECT_ADD 37910729,33875385,0.000000,62 
OBJECT_ADD 37948421,33868345,0.000000,62 
OBJECT_ADD 37910497,33947017,0.000000,63 
OBJECT_ADD 37897833,33944932,0.000000,62 
OBJECT_ADD 37894045,33946876,0.000000,62 
OBJECT_ADD 37909112,33942629,0.000000,62 
OBJECT_ADD 37928631,33940111,0.000000,62 
OBJECT_ADD 37963296,33886170,-24.000000,62 
OBJECT_ADD 37949880,33903887,-24.000000,62 
OBJECT_ADD 37964443,33884215,-24.000000,62 
OBJECT_ADD 37970227,33894284,-24.000000,62 
OBJECT_ADD 37974147,33895598,-24.000000,62 
OBJECT_ADD 37978001,33897567,-24.000000,62 
OBJECT_ADD 37961281,33888283,-24.000000,62 
OBJECT_ADD 37964799,33881643,-24.000000,62 
OBJECT_ADD 37979435,33867324,-78.000000,63 
OBJECT_ADD 37980025,33863620,-1.000000,63 
OBJECT_ADD 37954807,33893230,-24.000000,62 
OBJECT_ADD 37968341,33896394,-67.000000,63 
OBJECT_ADD 37970160,33897551,-78.000000,63 
OBJECT_ADD 37968230,33910910,-1.000000,63 
OBJECT_ADD 37957072,33932988,-24.000000,62 
OBJECT_ADD 37964578,33879011,-24.000000,62 
OBJECT_ADD 37969848,33868444,-24.000000,62 
OBJECT_ADD 37974082,33870289,-24.000000,62 
OBJECT_ADD 37964835,33875411,-24.000000,62 
OBJECT_ADD 37967250,33869503,-24.000000,62 
OBJECT_ADD 37976246,33871683,-24.000000,62 
OBJECT_ADD 37954209,33923336,-24.000000,62 
OBJECT_ADD 37979523,33934484,-24.000000,62 
OBJECT_ADD 37998145,33925391,-24.000000,62 
OBJECT_ADD 37962436,33869634,-24.000000,62 
OBJECT_ADD 37961452,33866873,-24.000000,62 
OBJECT_ADD 37972094,33930230,-24.000000,62 
OBJECT_ADD 37946333,33863423,-67.000000,63 
OBJECT_ADD 37944664,33895043,-24.000000,62 
OBJECT_ADD 37946377,33898356,-24.000000,62 
OBJECT_ADD 37997400,33852702,-24.000000,62 
OBJECT_ADD 37992463,33850223,-24.000000,62 
OBJECT_ADD 37962347,33869143,-24.000000,62 
OBJECT_ADD 37979705,33863991,-67.000000,63 
OBJECT_ADD 37977770,33867071,-78.000000,63 
OBJECT_ADD 37976137,33866723,-1.000000,63 
OBJECT_ADD 37948965,33908350,-24.000000,62 
OBJECT_ADD 37975644,33916294,-24.000000,62 
OBJECT_ADD 37970348,33915561,-24.000000,62 
OBJECT_ADD 37956968,33903088,-24.000000,62 
OBJECT_ADD 37972031,33893891,-24.000000,62 
OBJECT_ADD 37978982,33908641,-24.000000,62 
OBJECT_ADD 37959971,33926306,-24.000000,62 
OBJECT_ADD 37966273,33928523,-24.000000,62 
OBJECT_ADD 37973678,33861483,-67.000000,63 
OBJECT_ADD 37973710,33919801,-24.000000,62 
OBJECT_ADD 37985359,33901128,-24.000000,62 
OBJECT_ADD 37983217,33900224,-24.000000,62 
OBJECT_ADD 37989772,33906207,-24.000000,62 
OBJECT_ADD 37991455,33910593,-24.000000,62 
OBJECT_ADD 37994004,33914671,-24.000000,62 
OBJECT_ADD 38000870,33883387,-24.000000,62 
OBJECT_ADD 37998591,33903664,-24.000000,62 
OBJECT_ADD 37992892,33890896,-24.000000,62 
OBJECT_ADD 37990892,33893700,-24.000000,62 
OBJECT_ADD 37989526,33895804,-24.000000,62 
OBJECT_ADD 37994422,33889715,-24.000000,62 
OBJECT_ADD 37995591,33901702,-24.000000,62 
OBJECT_ADD 37992560,33898889,-24.000000,62 
OBJECT_ADD 38007491,33884448,-24.000000,62 
OBJECT_ADD 38003761,33884775,-24.000000,62 
OBJECT_ADD 37998698,33884442,-24.000000,62 
OBJECT_ADD 37996116,33887719,-24.000000,62 
OBJECT_ADD 37994780,33880444,-78.000000,63 
OBJECT_ADD 37994396,33873379,-1.000000,63 
OBJECT_ADD 37982221,33853187,-24.000000,62 
OBJECT_ADD 37983441,33853696,-24.000000,62 
OBJECT_ADD 37981124,33855332,-24.000000,62 
OBJECT_ADD 38004000,33908960,-24.000000,62 
OBJECT_ADD 37982961,33859253,-24.000000,62 
OBJECT_ADD 38000600,33908483,-24.000000,62 
OBJECT_ADD 37982073,33910069,-24.000000,62 
OBJECT_ADD 37993478,33863437,-78.000000,63 
OBJECT_ADD 37994606,33864800,-1.000000,63 
OBJECT_ADD 37993935,33919125,-67.000000,63 
OBJECT_ADD 37981851,33923334,-24.000000,62 
OBJECT_ADD 37971741,33943635,0.000000,62 
OBJECT_ADD 38009338,33908126,0.000000,62 
OBJECT_ADD 38005115,33945390,0.000000,62 
OBJECT_ADD 38010572,33919803,0.000000,62 
OBJECT_ADD 38009253,33916260,0.000000,62 
OBJECT_ADD 37998816,33921200,0.000000,62 
OBJECT_ADD 37958001,33939819,0.000000,62 
OBJECT_ADD 37953906,33939131,0.000000,62 
OBJECT_ADD 37959304,33943360,0.000000,62 
OBJECT_ADD 37957914,33945954,0.000000,62 
OBJECT_ADD 37975901,33933159,0.000000,62 
OBJECT_ADD 37982132,33923194,0.000000,62 
OBJECT_ADD 37980125,33921320,0.000000,62 
OBJECT_ADD 37951756,33822799,-23.000000,62 
OBJECT_ADD 37957681,33830414,-23.000000,62 
OBJECT_ADD 37960650,33825887,-23.000000,62 
OBJECT_ADD 37966680,33831214,-23.000000,62 
OBJECT_ADD 37947714,33822593,-23.000000,62 
OBJECT_ADD 38001143,33840307,-23.000000,62 
OBJECT_ADD 37935537,33818017,-23.000000,62 
OBJECT_ADD 37983683,33836105,-23.000000,62 
OBJECT_ADD 37983751,33833374,-23.000000,62 
OBJECT_ADD 37975220,33823164,-66.000000,63 
OBJECT_ADD 37981305,33819995,0.000000,63 
OBJECT_ADD 37995939,33816934,0.000000,62 
OBJECT_ADD 38009281,33818246,0.000000,62 
OBJECT_ADD 37999240,33818542,0.000000,62 
OBJECT_ADD 37961653,33851923,0.000000,62 
OBJECT_ADD 37935047,33855879,0.000000,62 
OBJECT_ADD 37933164,33852495,0.000000,62 
OBJECT_ADD 37945657,33863001,0.000000,62 
OBJECT_ADD 37948425,33867814,0.000000,62 
OBJECT_ADD 37958810,33860487,0.000000,62 
OBJECT_ADD 37955967,33856325,0.000000,62 
OBJECT_ADD 37954622,33850606,0.000000,62 
OBJECT_ADD 37939062,33843853,0.000000,62 
OBJECT_ADD 37945407,33822027,0.000000,62 
OBJECT_ADD 37942621,33821016,0.000000,62 
OBJECT_ADD 37942758,33825168,0.000000,62 
OBJECT_ADD 37951714,33841333,0.000000,62 
OBJECT_ADD 37935482,33837270,0.000000,62 
OBJECT_ADD 37946596,33842020,0.000000,62 
OBJECT_ADD 37965651,33817302,0.000000,62 
OBJECT_ADD 37940147,33825792,0.000000,62 
OBJECT_ADD 37978418,33826075,0.000000,62 
OBJECT_ADD 37943647,33856318,0.000000,62 
OBJECT_ADD 37969717,33842406,0.000000,62 
OBJECT_ADD 37971519,33849534,0.000000,62 
OBJECT_ADD 37964470,33837152,0.000000,62 
OBJECT_ADD 37964777,33840556,0.000000,62 
OBJECT_ADD 37941530,33949296,0.000000,62 
OBJECT_ADD 37914899,33978277,-23.000000,62 
OBJECT_ADD 37910421,33971003,-23.000000,62 
OBJECT_ADD 37909458,33980529,-23.000000,62 
OBJECT_ADD 37906956,33975457,-23.000000,62 
OBJECT_ADD 37910070,33984630,-23.000000,62 
OBJECT_ADD 37916815,33983254,-23.000000,62 
OBJECT_ADD 37923795,33982385,-23.000000,62 
OBJECT_ADD 37928966,33980147,-23.000000,62 
OBJECT_ADD 37933099,33977781,-23.000000,62 
OBJECT_ADD 37934994,33972598,-23.000000,62 
OBJECT_ADD 37937983,33970751,-23.000000,62 
OBJECT_ADD 37940613,33968963,-23.000000,62 
OBJECT_ADD 37943116,33965470,-23.000000,62 
OBJECT_ADD 37906377,34021433,-66.000000,63 
OBJECT_ADD 37902969,34020914,-77.000000,63 
OBJECT_ADD 37896820,33979154,0.000000,62 
OBJECT_ADD 37908649,33955252,0.000000,62 
OBJECT_ADD 37898632,33967269,0.000000,62 
OBJECT_ADD 37921839,33978225,0.000000,62 
OBJECT_ADD 37924018,33976337,0.000000,62 
OBJECT_ADD 37924064,33972787,0.000000,62 
OBJECT_ADD 37916308,33976836,0.000000,62 
OBJECT_ADD 37920809,33958343,0.000000,62 
OBJECT_ADD 37915973,33959866,0.000000,62 
OBJECT_ADD 37917043,33964501,0.000000,62 
OBJECT_ADD 37912553,33966906,0.000000,62 
OBJECT_ADD 37911102,33970002,0.000000,62 
OBJECT_ADD 37884823,33974675,0.000000,62 
OBJECT_ADD 37882297,33980129,0.000000,62 
OBJECT_ADD 37882873,33990815,0.000000,62 
OBJECT_ADD 37880092,33964193,0.000000,62 
OBJECT_ADD 37880700,33985873,0.000000,62 
OBJECT_ADD 37880121,33992158,0.000000,62 
OBJECT_ADD 37895910,33964888,0.000000,62 
OBJECT_ADD 37893277,34006645,0.000000,62 
OBJECT_ADD 37887311,33992982,0.000000,62 
OBJECT_ADD 37895284,33951794,0.000000,62 
OBJECT_ADD 37893187,33954712,0.000000,62 
OBJECT_ADD 37893163,33960161,0.000000,62 
OBJECT_ADD 37890017,33960157,0.000000,62 
OBJECT_ADD 37891214,33966341,0.000000,62 
OBJECT_ADD 37887617,33965668,0.000000,62 
OBJECT_ADD 37890008,33970657,0.000000,62 
OBJECT_ADD 37884640,33969882,0.000000,62 
OBJECT_ADD 37898083,34007125,0.000000,62 
OBJECT_ADD 37956097,33999234,0.000000,62 
OBJECT_ADD 37893406,34019217,0.000000,62 
OBJECT_ADD 37919654,34024719,0.000000,62 
OBJECT_ADD 37915246,34024374,0.000000,62 
OBJECT_ADD 37944874,34026730,0.000000,62 
OBJECT_ADD 37955869,34014380,0.000000,62 
OBJECT_ADD 37940100,34029702,0.000000,62 
OBJECT_ADD 37941902,34033661,0.000000,62 
OBJECT_ADD 37939021,34002347,0.000000,62 
OBJECT_ADD 37920193,33995272,0.000000,62 
OBJECT_ADD 37916256,33994742,0.000000,62 
OBJECT_ADD 37920512,33953818,0.000000,62 
OBJECT_ADD 37932405,33954878,0.000000,62 
OBJECT_ADD 37927724,33957867,0.000000,62 
OBJECT_ADD 37924959,33959301,0.000000,62 
OBJECT_ADD 37959570,33963258,0.000000,62 
OBJECT_ADD 37962313,33969546,0.000000,62 
OBJECT_ADD 38000192,33956114,0.000000,62 
OBJECT_ADD 38006437,33949584,0.000000,62 
OBJECT_ADD 38006245,33955527,0.000000,62 
OBJECT_ADD 37971178,33958955,0.000000,62 
OBJECT_ADD 37980747,33984888,-23.000000,62 
OBJECT_ADD 37988335,33966152,-23.000000,62 
OBJECT_ADD 37984215,33968976,-23.000000,62 
OBJECT_ADD 37983046,33972810,-23.000000,62 
OBJECT_ADD 37992521,33967717,-23.000000,62 
OBJECT_ADD 37989488,33972241,-23.000000,62 
OBJECT_ADD 37999339,33986070,-23.000000,62 
OBJECT_ADD 38005243,33993290,-23.000000,62 
OBJECT_ADD 38004756,33988005,-23.000000,62 
OBJECT_ADD 38007448,33978734,-23.000000,62 
OBJECT_ADD 38003398,33967924,-23.000000,62 
OBJECT_ADD 37985382,33976162,-23.000000,62 
OBJECT_ADD 38007745,33970731,-23.000000,62 
OBJECT_ADD 37988408,33969055,-66.000000,63 
OBJECT_ADD 37977324,33990754,-77.000000,63 
OBJECT_ADD 37984702,33954070,0.000000,63 
OBJECT_ADD 37965057,34002504,0.000000,62 
OBJECT_ADD 37965182,34005118,0.000000,62 
OBJECT_ADD 37964040,34007615,0.000000,62 
OBJECT_ADD 37964390,34012266,0.000000,62 
OBJECT_ADD 37963703,34014961,0.000000,62 
OBJECT_ADD 37967155,34022885,0.000000,62 
OBJECT_ADD 37970291,34023376,0.000000,62 
OBJECT_ADD 37977261,34002502,0.000000,62 
OBJECT_ADD 37993971,34007947,0.000000,62 
OBJECT_ADD 37999578,34015145,0.000000,62 
OBJECT_ADD 37997165,34017563,0.000000,62 
OBJECT_ADD 37994636,34019532,0.000000,62 
OBJECT_ADD 37991762,33963515,0.000000,62 
OBJECT_ADD 37958491,33976713,0.000000,62 
OBJECT_ADD 37963787,33971881,0.000000,62 
OBJECT_ADD 37965210,33975178,0.000000,62 
OBJECT_ADD 37964346,33978509,0.000000,62 
OBJECT_ADD 37962504,33981468,0.000000,62 
OBJECT_ADD 37970017,33975386,0.000000,62 
OBJECT_ADD 37967236,33979138,0.000000,62 
OBJECT_ADD 37966102,33983186,0.000000,62 
OBJECT_ADD 37966430,33988017,0.000000,62 
OBJECT_ADD 37959805,33995522,0.000000,62 
OBJECT_ADD 37961510,33999962,0.000000,62 
OBJECT_ADD 37966988,33994660,0.000000,62 
OBJECT_ADD 37992250,33958879,0.000000,62 
OBJECT_ADD 37995648,33962453,0.000000,62 
OBJECT_ADD 37997523,33958437,0.000000,62 
OBJECT_ADD 38003005,33953604,0.000000,62 
OBJECT_ADD 37925486,34063236,0.000000,62 
OBJECT_ADD 37938581,34049218,0.000000,62 
OBJECT_ADD 37921062,34037736,0.000000,62 
OBJECT_ADD 37924168,34034245,0.000000,62 
OBJECT_ADD 37976265,34042447,0.000000,62 
OBJECT_ADD 37971103,34040905,0.000000,62 
OBJECT_ADD 37972300,34045109,0.000000,62 
OBJECT_ADD 37949671,34059143,0.000000,62 
OBJECT_ADD 37922347,34052717,0.000000,62 
OBJECT_ADD 37894598,34050687,-23.000000,62 
OBJECT_ADD 37890183,34027030,-23.000000,62 
OBJECT_ADD 37899446,34055839,-23.000000,62 
OBJECT_ADD 37899833,34059313,-23.000000,62 
OBJECT_ADD 37901795,34057494,-23.000000,62 
OBJECT_ADD 37901795,34060654,-23.000000,62 
OBJECT_ADD 37908326,34059249,-23.000000,62 
OBJECT_ADD 37908488,34061555,-23.000000,62 
OBJECT_ADD 37905260,34056378,-23.000000,62 
OBJECT_ADD 37968420,34054074,-66.000000,63 
OBJECT_ADD 37957211,34054611,-77.000000,63 
OBJECT_ADD 37920114,34073730,0.000000,62 
OBJECT_ADD 37917547,34104280,0.000000,62 
OBJECT_ADD 37943283,34098789,0.000000,62 
OBJECT_ADD 37920567,34110865,0.000000,62 
OBJECT_ADD 37925651,34105367,-23.000000,62 
OBJECT_ADD 37905826,34094585,-23.000000,62 
OBJECT_ADD 37908640,34092366,-23.000000,62 
OBJECT_ADD 37932239,34107251,-23.000000,62 
OBJECT_ADD 37920846,34103379,-23.000000,62 
OBJECT_ADD 37916084,34115509,-23.000000,62 
OBJECT_ADD 37931085,34097257,0.000000,63 
OBJECT_ADD 37900866,34119222,0.000000,62 
OBJECT_ADD 37901260,34124444,0.000000,62 
OBJECT_ADD 37902588,34128466,0.000000,62 
OBJECT_ADD 37902561,34133231,0.000000,62 
OBJECT_ADD 37904496,34137686,0.000000,62 
OBJECT_ADD 37915563,34139044,-23.000000,62 
OBJECT_ADD 37919778,34137926,-23.000000,62 
OBJECT_ADD 37925229,34135925,-23.000000,62 
OBJECT_ADD 37941574,34134610,-23.000000,62 
OBJECT_ADD 37939585,34142514,-23.000000,62 
OBJECT_ADD 37939230,34138376,-23.000000,62 
OBJECT_ADD 37910668,34132269,-23.000000,62 
OBJECT_ADD 37928486,34131927,-23.000000,62 
OBJECT_ADD 37921380,34182173,-23.000000,62 
OBJECT_ADD 37931272,34130273,-23.000000,62 
OBJECT_ADD 37935961,34153182,-23.000000,62 
OBJECT_ADD 37935926,34157224,-23.000000,62 
OBJECT_ADD 37936698,34161431,-23.000000,62 
OBJECT_ADD 37915079,34145789,-66.000000,63 
OBJECT_ADD 37912036,34173616,-77.000000,63 
OBJECT_ADD 37930466,34112938,0.000000,63 
OBJECT_ADD 37906457,34114688,-23.000000,62 
OBJECT_ADD 37912796,34084640,-23.000000,62 
OBJECT_ADD 37917296,34094301,-23.000000,62 
OBJECT_ADD 37923902,34102943,-23.000000,62 
OBJECT_ADD 37918845,34096806,-23.000000,62 
OBJECT_ADD 37923608,34098244,-23.000000,62 
OBJECT_ADD 37923941,34091442,-23.000000,62 
OBJECT_ADD 37951858,34128854,-23.000000,62 
OBJECT_ADD 37918804,34113863,-23.000000,62 
OBJECT_ADD 37948342,34097025,-23.000000,62 
OBJECT_ADD 37937612,34125166,-23.000000,62 
OBJECT_ADD 37936341,34128109,-23.000000,62 
OBJECT_ADD 37936916,34132408,-23.000000,62 
OBJECT_ADD 37945794,34134070,-66.000000,63 
OBJECT_ADD 37961851,34092946,-77.000000,63 
OBJECT_ADD 37937926,34110638,0.000000,63 
OBJECT_ADD 37981930,34150012,-23.000000,62 
OBJECT_ADD 37993579,34158481,-23.000000,62 
OBJECT_ADD 37989843,34123617,-23.000000,62 
OBJECT_ADD 38000709,34158096,-23.000000,62 
OBJECT_ADD 37973486,34161921,-23.000000,62 
OBJECT_ADD 37990369,34148721,-23.000000,62 
OBJECT_ADD 37993550,34150764,-23.000000,62 
OBJECT_ADD 37980048,34154650,-23.000000,62 
OBJECT_ADD 37977021,34160957,-23.000000,62 
OBJECT_ADD 37985619,34149277,-23.000000,62 
OBJECT_ADD 38003075,34146458,-23.000000,62 
OBJECT_ADD 37967344,34155595,-66.000000,63 
OBJECT_ADD 37997777,34127923,-77.000000,63 
OBJECT_ADD 37968263,34165735,-23.000000,62 
OBJECT_ADD 37969516,34168647,-23.000000,62 
OBJECT_ADD 37969579,34170618,-23.000000,62 
OBJECT_ADD 37980192,34131968,-23.000000,62 
OBJECT_ADD 37950891,34149014,-23.000000,62 
OBJECT_ADD 37949563,34153413,-23.000000,62 
OBJECT_ADD 37989452,34184999,-23.000000,62 
OBJECT_ADD 37991568,34188724,-23.000000,62 
OBJECT_ADD 37989165,34190829,-23.000000,62 
OBJECT_ADD 37974009,34195828,-23.000000,62 
OBJECT_ADD 37952006,34182971,-23.000000,62 
OBJECT_ADD 37966955,34182763,-23.000000,62 
OBJECT_ADD 37967477,34155885,-77.000000,63 
OBJECT_ADD 37996021,34181940,0.000000,63 
OBJECT_ADD 37961782,34133485,0.000000,62 
OBJECT_ADD 37969100,34129443,0.000000,62 
OBJECT_ADD 37951936,34134077,0.000000,62 
OBJECT_ADD 37983996,34124459,0.000000,62 
OBJECT_ADD 37983779,34115422,0.000000,62 
OBJECT_ADD 37982024,34100247,0.000000,62 
OBJECT_ADD 37972568,34105701,0.000000,62 
OBJECT_ADD 37969741,34104504,0.000000,62 
OBJECT_ADD 37954337,34112935,0.000000,62 
OBJECT_ADD 37969210,34137686,0.000000,62 
OBJECT_ADD 37966800,34135841,0.000000,62 
OBJECT_ADD 37983468,34100510,0.000000,62 
OBJECT_ADD 37973235,34114856,0.000000,62 
OBJECT_ADD 37989624,34250368,0.000000,62 
OBJECT_ADD 37988328,34259933,0.000000,62 
OBJECT_ADD 37988841,34255605,0.000000,62 
OBJECT_ADD 37969617,34245896,0.000000,62 
OBJECT_ADD 37969342,34236019,0.000000,62 
OBJECT_ADD 38013862,33808089,0.000000,62 
OBJECT_ADD 38011926,33887899,-24.000000,62 
OBJECT_ADD 38014443,33889214,-24.000000,62 
OBJECT_ADD 38012160,33923096,-24.000000,62 
OBJECT_ADD 38010889,33920367,-24.000000,62 
OBJECT_ADD 38013671,33904629,0.000000,62 
OBJECT_ADD 38026196,33910398,0.000000,62 
OBJECT_ADD 38028052,33916032,0.000000,62 
OBJECT_ADD 38027369,33919376,0.000000,62 
OBJECT_ADD 38025363,33923518,0.000000,62 
OBJECT_ADD 38017414,33930480,0.000000,62 
OBJECT_ADD 38016308,33935738,0.000000,62 
OBJECT_ADD 38028975,33904396,0.000000,62 
OBJECT_ADD 38038179,33931711,0.000000,62 
OBJECT_ADD 38041705,33929019,0.000000,62 
OBJECT_ADD 38048215,33919634,0.000000,62 
OBJECT_ADD 38028519,33897922,0.000000,62 
OBJECT_ADD 38122440,33894097,-88.000000,62 
OBJECT_ADD 38120623,33896934,-88.000000,62 
OBJECT_ADD 38138853,33897658,-111.000000,62 
OBJECT_ADD 38140461,33913367,-88.000000,62 
OBJECT_ADD 38140101,33903701,-88.000000,62 
OBJECT_ADD 38111893,33914143,-88.000000,62 
OBJECT_ADD 38107803,33911424,-88.000000,62 
OBJECT_ADD 38105086,33907086,-88.000000,62 
OBJECT_ADD 38135387,33913224,-88.000000,62 
OBJECT_ADD 38115866,33900744,-88.000000,62 
OBJECT_ADD 38111887,33904095,-88.000000,62 
OBJECT_ADD 38117583,33925435,-88.000000,62 
OBJECT_ADD 38121496,33920664,-88.000000,62 
OBJECT_ADD 38130786,33918055,-88.000000,62 
OBJECT_ADD 38122895,33923033,-88.000000,62 
OBJECT_ADD 38129003,33947105,-88.000000,62 
OBJECT_ADD 38126337,33945451,-88.000000,62 
OBJECT_ADD 38121187,33929590,-88.000000,62 
OBJECT_ADD 38105637,33921907,-88.000000,62 
OBJECT_ADD 38094609,33915982,-88.000000,62 
OBJECT_ADD 38102067,33918532,-88.000000,62 
OBJECT_ADD 38126053,33925195,-88.000000,62 
OBJECT_ADD 38111382,33931674,-111.000000,62 
OBJECT_ADD 38109505,33941923,-111.000000,62 
OBJECT_ADD 38131435,33928536,-111.000000,62 
OBJECT_ADD 38130355,33936012,-111.000000,62 
OBJECT_ADD 38129048,33942632,-111.000000,62 
OBJECT_ADD 38131884,33933366,-88.000000,63 
OBJECT_ADD 38018079,33950560,0.000000,62 
OBJECT_ADD 38020787,33955529,0.000000,62 
OBJECT_ADD 38028947,33951276,0.000000,62 
OBJECT_ADD 38025527,33956638,0.000000,62 
OBJECT_ADD 38023378,33961310,0.000000,62 
OBJECT_ADD 38114948,33977013,-88.000000,62 
OBJECT_ADD 38119254,33976176,-88.000000,62 
OBJECT_ADD 38137492,34116926,0.000000,62 
OBJECT_ADD 38124666,34130203,0.000000,62 
OBJECT_ADD 38037921,34150504,-23.000000,62 
OBJECT_ADD 38013355,34147631,-23.000000,62 
OBJECT_ADD 38045350,34187750,0.000000,63 
OBJECT_ADD 38021345,34149836,-23.000000,62 
OBJECT_ADD 38017555,34164851,-66.000000,63 
OBJECT_ADD 38022199,34198372,-23.000000,62 
OBJECT_ADD 38013079,34180683,-23.000000,62 
OBJECT_ADD 38034688,34156126,-23.000000,62 
OBJECT_ADD 38033899,34160712,-23.000000,62 
OBJECT_ADD 38033771,34169175,-23.000000,62 
OBJECT_ADD 38033018,34174941,-23.000000,62 
OBJECT_ADD 38031263,34179775,-23.000000,62 
OBJECT_ADD 38047786,34170602,-23.000000,62 
OBJECT_ADD 38044090,34169151,-23.000000,62 
OBJECT_ADD 38045571,34175184,-23.000000,62 
OBJECT_ADD 38048228,34167828,-23.000000,62 
OBJECT_ADD 38051355,34172289,-23.000000,62 
OBJECT_ADD 38048406,34177462,-23.000000,62 
OBJECT_ADD 38022867,34174233,-66.000000,63 
OBJECT_ADD 38024681,34175955,-77.000000,63 
OBJECT_ADD 38022401,34198566,0.000000,63 
OBJECT_ADD 38069098,34189502,0.000000,62 
OBJECT_ADD 38071493,34190728,0.000000,62 
OBJECT_ADD 38079633,34271858,0.000000,62 
OBJECT_ADD 38030136,34241240,0.000000,62 
OBJECT_ADD 38043909,34263110,0.000000,62 
OBJECT_ADD 38047679,34254699,0.000000,62 
OBJECT_ADD 38026290,34242285,0.000000,62 
OBJECT_ADD 38017609,34242696,0.000000,62 
OBJECT_ADD 38020480,34240578,0.000000,62 
OBJECT_ADD 38026826,34245903,0.000000,62 
OBJECT_ADD 38086318,34216336,0.000000,62 
OBJECT_ADD 38074816,34253852,0.000000,62 
OBJECT_ADD 38078585,34261397,0.000000,62 
OBJECT_ADD 38075588,34257116,0.000000,62 
OBJECT_ADD 38107099,34239127,0.000000,62 
OBJECT_ADD 38096742,34222506,0.000000,62 
OBJECT_ADD 38112579,34222903,0.000000,62 
OBJECT_ADD 38101535,34234717,0.000000,62 
OBJECT_ADD 38096907,34234643,0.000000,62 
OBJECT_ADD 38090217,34238058,0.000000,62 
OBJECT_ADD 38091616,34214057,0.000000,62 
OBJECT_ADD 38105537,34339274,-23.000000,62 
OBJECT_ADD 38100223,34332789,-23.000000,62 
OBJECT_ADD 38102650,34337540,-23.000000,62 
OBJECT_ADD 38124329,34298074,-23.000000,62 
OBJECT_ADD 38130523,34298936,-23.000000,62 
OBJECT_ADD 38126801,34302598,-23.000000,62 
OBJECT_ADD 38129158,34306458,-23.000000,62 
OBJECT_ADD 38128539,34321620,-23.000000,62 
OBJECT_ADD 38094831,34333605,-77.000000,63 
OBJECT_ADD 38112332,34329276,0.000000,62 
OBJECT_ADD 38108301,34331066,0.000000,62 
OBJECT_ADD 38095411,34334767,0.000000,62 
OBJECT_ADD 38114344,34325112,0.000000,62 
OBJECT_ADD 38118629,34319697,0.000000,62 
OBJECT_ADD 38114299,34320268,0.000000,62 
OBJECT_ADD 38101988,34343077,-23.000000,62 
OBJECT_ADD 38105860,34342802,-23.000000,62 
OBJECT_ADD 38099448,34349303,-23.000000,62 
OBJECT_ADD 38112854,34343196,-23.000000,62 
OBJECT_ADD 38109787,34351529,-23.000000,62 
OBJECT_ADD 38111885,34350498,-66.000000,63 
OBJECT_ADD 38092661,34351096,0.000000,63 
OBJECT_ADD 38093433,34351667,0.000000,62 
OBJECT_ADD 38092590,34347798,0.000000,62 
OBJECT_ADD 38088187,34347780,0.000000,62 
OBJECT_ADD 38084830,34349319,0.000000,62 
OBJECT_ADD 38091540,34354787,0.000000,62 
OBJECT_ADD 38087004,34356467,0.000000,62 
OBJECT_ADD 38083959,34345191,0.000000,62 
OBJECT_ADD 38150960,33897548,-111.000000,62 
OBJECT_ADD 38207646,33919548,-111.000000,62 
OBJECT_ADD 38238006,33923309,-165.000000,63 
OBJECT_ADD 38239885,33909402,-111.000000,62 
OBJECT_ADD 38167983,33914854,-111.000000,62 
OBJECT_ADD 38165973,33917721,-88.000000,62 
OBJECT_ADD 38172503,33918031,-88.000000,62 
OBJECT_ADD 38249377,33905060,-88.000000,62 
OBJECT_ADD 38241846,33912742,-88.000000,62 
OBJECT_ADD 38176664,33915987,-88.000000,62 
OBJECT_ADD 38182696,33920957,-88.000000,62 
OBJECT_ADD 38198296,33924676,-88.000000,62 
OBJECT_ADD 38178962,33934484,-88.000000,62 
OBJECT_ADD 38176293,33930974,-88.000000,62 
OBJECT_ADD 38173485,33927777,-88.000000,62 
OBJECT_ADD 38189693,33919233,-88.000000,62 
OBJECT_ADD 38193279,33922022,-88.000000,62 
OBJECT_ADD 38180198,33915140,-88.000000,62 
OBJECT_ADD 38190872,33938629,-88.000000,62 
OBJECT_ADD 38259932,33914763,33.000000,62 
OBJECT_ADD 38204126,33945844,33.000000,62 
OBJECT_ADD 38182163,33937201,33.000000,62 
OBJECT_ADD 38261661,33933798,33.000000,62 
OBJECT_ADD 38186946,33936001,33.000000,62 
OBJECT_ADD 38194801,33940871,33.000000,62 
OBJECT_ADD 38247029,33928018,33.000000,62 
OBJECT_ADD 38247945,33914576,33.000000,62 
OBJECT_ADD 38239890,33932155,33.000000,62 
OBJECT_ADD 38261067,33941007,33.000000,62 
OBJECT_ADD 38257624,33938684,33.000000,62 
OBJECT_ADD 38258745,33944143,33.000000,62 
OBJECT_ADD 38257233,33943232,33.000000,62 
OBJECT_ADD 38269650,33905794,33.000000,62 
OBJECT_ADD 38170048,33925116,-88.000000,62 
OBJECT_ADD 38170633,33911379,-88.000000,62 
OBJECT_ADD 38161181,33928256,-111.000000,62 
OBJECT_ADD 38272387,33946790,10.000000,62 
OBJECT_ADD 38183114,33942648,-88.000000,62 
OBJECT_ADD 38147060,33924230,-88.000000,62 
OBJECT_ADD 38143587,33917937,-88.000000,62 
OBJECT_ADD 38142758,33908405,-88.000000,62 
OBJECT_ADD 38146251,33903051,-88.000000,62 
OBJECT_ADD 38144512,33908944,-88.000000,62 
OBJECT_ADD 38153203,33929521,-111.000000,62 
OBJECT_ADD 38151177,33933450,-111.000000,62 
OBJECT_ADD 38155778,33936946,-111.000000,62 
OBJECT_ADD 38155556,33942148,-111.000000,62 
OBJECT_ADD 38145744,33926350,-154.000000,63 
OBJECT_ADD 38156611,33937088,-165.000000,63 
OBJECT_ADD 38244357,33913206,10.000000,62 
OBJECT_ADD 38242332,33943678,10.000000,62 
OBJECT_ADD 38248171,33926817,-33.000000,63 
OBJECT_ADD 38251091,33945081,33.000000,62 
OBJECT_ADD 38248212,33942795,33.000000,62 
OBJECT_ADD 38252467,33932278,33.000000,62 
OBJECT_ADD 38256168,33929390,10.000000,62 
OBJECT_ADD 38265121,33942412,33.000000,62 
OBJECT_ADD 38268494,33938516,33.000000,62 
OBJECT_ADD 38269920,33942347,33.000000,62 
OBJECT_ADD 38142295,33968036,-88.000000,62 
OBJECT_ADD 38158893,33951740,33.000000,62 
OBJECT_ADD 38174947,33953848,33.000000,62 
OBJECT_ADD 38255947,33987485,33.000000,62 
OBJECT_ADD 38255811,33991249,33.000000,62 
OBJECT_ADD 38270352,33952495,10.000000,62 
OBJECT_ADD 38255016,33970827,33.000000,63 
OBJECT_ADD 38262823,33953680,33.000000,62 
OBJECT_ADD 38266798,33950041,33.000000,62 
OBJECT_ADD 38248047,33970586,33.000000,62 
OBJECT_ADD 38250441,33976598,33.000000,62 
OBJECT_ADD 38182476,33963186,33.000000,62 
OBJECT_ADD 38206181,33989544,33.000000,62 
OBJECT_ADD 38164184,34027911,33.000000,62 
OBJECT_ADD 38165690,34023957,33.000000,62 
OBJECT_ADD 38189858,34023410,33.000000,62 
OBJECT_ADD 38251379,33973560,33.000000,62 
OBJECT_ADD 38183101,34005708,33.000000,62 
OBJECT_ADD 38171118,34010600,33.000000,62 
OBJECT_ADD 38173537,34014713,33.000000,62 
OBJECT_ADD 38202404,33995138,33.000000,62 
OBJECT_ADD 38185949,33998035,-111.000000,62 
OBJECT_ADD 38178543,34000726,-111.000000,62 
OBJECT_ADD 38166183,33985866,-111.000000,62 
OBJECT_ADD 38204862,33991734,-111.000000,62 
OBJECT_ADD 38173195,33985776,-111.000000,62 
OBJECT_ADD 38177676,33992164,-111.000000,62 
OBJECT_ADD 38169155,33987383,-111.000000,62 
OBJECT_ADD 38189620,33984548,-111.000000,62 
OBJECT_ADD 38194459,33985088,-111.000000,62 
OBJECT_ADD 38175735,33982545,-154.000000,63 
OBJECT_ADD 38198477,33990750,-165.000000,63 
OBJECT_ADD 38194231,33985287,-88.000000,63 
OBJECT_ADD 38184962,34022489,-88.000000,62 
OBJECT_ADD 38180834,34019720,-88.000000,62 
OBJECT_ADD 38177981,34017748,-88.000000,62 
OBJECT_ADD 38186019,33964888,-88.000000,62 
OBJECT_ADD 38171583,33953513,-88.000000,62 
OBJECT_ADD 38176727,33986641,-88.000000,62 
OBJECT_ADD 38185611,33985144,-88.000000,62 
OBJECT_ADD 38163831,33972219,-88.000000,62 
OBJECT_ADD 38156752,33947946,-111.000000,62 
OBJECT_ADD 38161590,34019832,-111.000000,62 
OBJECT_ADD 38149035,33995035,-111.000000,62 
OBJECT_ADD 38152903,33995880,-111.000000,62 
OBJECT_ADD 38155061,34006241,-111.000000,62 
OBJECT_ADD 38257411,33958675,33.000000,62 
OBJECT_ADD 38241480,33948780,10.000000,62 
OBJECT_ADD 38258797,33957461,33.000000,62 
OBJECT_ADD 38245598,33968467,10.000000,62 
OBJECT_ADD 38267585,33973779,33.000000,62 
OBJECT_ADD 38260428,33992861,33.000000,62 
OBJECT_ADD 38260575,33999585,33.000000,62 
OBJECT_ADD 38259112,33995568,33.000000,62 
OBJECT_ADD 38258658,33984808,10.000000,62 
OBJECT_ADD 38253251,33960442,10.000000,62 
OBJECT_ADD 38268855,33971441,10.000000,62 
OBJECT_ADD 38267175,33990665,33.000000,62 
OBJECT_ADD 38269856,33992918,33.000000,62 
OBJECT_ADD 38272619,33969671,33.000000,62 
OBJECT_ADD 38270518,33953630,-44.000000,63 
OBJECT_ADD 38190510,34054219,0.000000,62 
OBJECT_ADD 38196589,34050210,0.000000,62 
OBJECT_ADD 38177945,34054071,0.000000,62 
OBJECT_ADD 38213235,34051391,0.000000,62 
OBJECT_ADD 38201957,34054122,0.000000,62 
OBJECT_ADD 38194193,34055352,0.000000,62 
OBJECT_ADD 38194575,34042983,0.000000,62 
OBJECT_ADD 38192068,34040079,0.000000,62 
OBJECT_ADD 38186486,34045601,0.000000,62 
OBJECT_ADD 38212742,34055531,0.000000,62 
OBJECT_ADD 38174991,34052767,0.000000,62 
OBJECT_ADD 38178626,34050601,0.000000,62 
OBJECT_ADD 38179687,34040401,0.000000,62 
OBJECT_ADD 38149820,34115460,0.000000,62 
OBJECT_ADD 38146137,34112858,0.000000,62 
OBJECT_ADD 38142690,34111450,0.000000,62 
OBJECT_ADD 38187377,34094131,0.000000,62 
OBJECT_ADD 38200552,34103235,0.000000,62 
OBJECT_ADD 38200623,34107128,0.000000,62 
OBJECT_ADD 38200231,34110201,0.000000,62 
OBJECT_ADD 38185315,34116414,0.000000,62 
OBJECT_ADD 38189710,34116124,0.000000,62 
OBJECT_ADD 38186812,34105939,0.000000,62 
OBJECT_ADD 38183378,34105601,0.000000,62 
OBJECT_ADD 38277298,33937099,10.000000,62 
OBJECT_ADD 38277961,33952379,10.000000,62 
OBJECT_ADD 38279684,33976845,33.000000,62 
OBJECT_ADD 38276036,33982230,33.000000,62 
OBJECT_ADD 38285753,33988025,33.000000,62 
OBJECT_ADD 38279499,33985113,33.000000,62 
OBJECT_ADD 38276197,33989623,33.000000,62 
OBJECT_ADD 38275185,33995568,10.000000,62 
OBJECT_ADD 38273498,33999454,33.000000,62 
