
#Northolt
OBJECT_ADD 26542334,35638264,-90.000000,50 #Northolt
OBJECT_ADD 26556664,35626358,-202.000000,350 
OBJECT_ADD 26556220,35626158,153.000000,350 
OBJECT_ADD 26588326,35552555,95.000000,350
OBJECT_ADD 26612983,35631002,-315.000000,350 
OBJECT_ADD 26607021,35633856,0.000000,63 
OBJECT_ADD 26608670,35631537,45.000000,62 
OBJECT_ADD 26627370,35647440,0.000000,62 
OBJECT_ADD 26660832,35553223,-581.000000,62 
OBJECT_ADD 26664048,35553475,-313.000000,164 
OBJECT_ADD 26601756,35553711,12.000000,164 
OBJECT_ADD 26603132,35553495,12.000000,164 
OBJECT_ADD 26538605,35556567,-76.000000,350 
OBJECT_ADD 26541613,35549937,22.000000,63 
OBJECT_ADD 26547837,35549412,0.000000,62 
OBJECT_ADD 26552535,35549069,11.000000,63 
OBJECT_ADD 26555532,35548599,11.000000,62 
OBJECT_ADD 26545861,35559735,0.000000,50 
OBJECT_ADD 26542528,35637425,-66.000000,50 
OBJECT_ADD 26543571,35638612,-264.000000,50 
OBJECT_ADD 26584336,35648702,-110.000000,164 #Northolt





