
#Peuplinge
OBJECT_ADD 40494092,29587480,0.000000,18 #Peuplinge 
OBJECT_ADD 40500999,29587610,0.000000,18 
OBJECT_ADD 40508190,29587812,0.000000,18 
OBJECT_ADD 40477184,29606402,77.000000,18 
OBJECT_ADD 40478243,29601697,78.000000,18 
OBJECT_ADD 40482523,29596025,46.000000,18 
OBJECT_ADD 40487772,29591089,42.000000,18 
OBJECT_ADD 40476666,29603455,-88.000000,63 
OBJECT_ADD 40477592,29598946,44.000000,62 
OBJECT_ADD 40491593,29586177,55.000000,63 
OBJECT_ADD 40510391,29579311,-165.000000,62 
OBJECT_ADD 40507670,29577163,110.000000,63 
OBJECT_ADD 40494452,29581843,0.000000,62 
OBJECT_ADD 40492659,29578804,81.000000,63 
OBJECT_ADD 40493196,29576349,-92.000000,62 
OBJECT_ADD 40496168,29572995,191.000000,62 
OBJECT_ADD 40498032,29576252,11.000000,63 
OBJECT_ADD 40498963,29582509,187.000000,62 
OBJECT_ADD 40504733,29587194,187.000000,63 
OBJECT_ADD 40511277,29583587,33.000000,63 
OBJECT_ADD 40504924,29570526,165.000000,62 
OBJECT_ADD 40514335,29574037,209.000000,63 
OBJECT_ADD 40526743,29570432,198.000000,63 
OBJECT_ADD 40530266,29568957,33.000000,62 
OBJECT_ADD 40557062,29559685,0.000000,62 
OBJECT_ADD 40542311,29565555,-154.000000,63 
OBJECT_ADD 40558069,29554257,-44.000000,62 
OBJECT_ADD 40513417,29581393,-176.000000,63 
OBJECT_ADD 40495341,29564827,11.000000,63 
OBJECT_ADD 40486215,29567868,11.000000,63 
OBJECT_ADD 40481676,29581663,22.000000,62 
OBJECT_ADD 40477993,29577464,22.000000,62 
OBJECT_ADD 40468764,29589023,33.000000,63 
OBJECT_ADD 40471961,29587698,187.000000,63 
OBJECT_ADD 40452702,29587966,44.000000,63 
OBJECT_ADD 40472859,29600331,-44.000000,63 
OBJECT_ADD 40482257,29581156,77.000000,85 
OBJECT_ADD 40480963,29581664,198.000000,84 
OBJECT_ADD 40470309,29588338,110.000000,85 
OBJECT_ADD 40471173,29586956,-72.000000,83 
OBJECT_ADD 40471783,29587297,-74.000000,83 
OBJECT_ADD 40472567,29586991,-429.000000,83 
OBJECT_ADD 40468706,29588715,-72.000000,83 
OBJECT_ADD 40468256,29589382,109.000000,83 
OBJECT_ADD 40478814,29577449,94.000000,83 
OBJECT_ADD 40477462,29577802,95.000000,83 
OBJECT_ADD 40472726,29599899,-99.000000,83 
OBJECT_ADD 40497329,29576428,-109.000000,83 
OBJECT_ADD 40498856,29576363,70.000000,83 
OBJECT_ADD 40493377,29577439,0.000000,85 
OBJECT_ADD 40493360,29575670,207.000000,83 
OBJECT_ADD 40493202,29578934,178.000000,83 
OBJECT_ADD 40493815,29581950,-116.000000,83 
OBJECT_ADD 40495023,29582039,-115.000000,83 
OBJECT_ADD 40498379,29581761,-108.000000,83 
OBJECT_ADD 40499638,29581790,-106.000000,83 
OBJECT_ADD 40495915,29572171,63.000000,85 
OBJECT_ADD 40513063,29580653,-117.000000,83 
OBJECT_ADD 40512792,29582540,225.000000,50 
OBJECT_ADD 40477118,29598491,-33.000000,50 
OBJECT_ADD 40505264,29588064,-2.000000,39 
OBJECT_ADD 40503777,29588002,2.000000,39 
OBJECT_ADD 40504453,29587476,-18.000000,39 
OBJECT_ADD 40491271,29587507,10.000000,39 
OBJECT_ADD 40490458,29587445,0.000000,39 
OBJECT_ADD 40478794,29598955,88.000000,39 
OBJECT_ADD 40476697,29609358,88.000000,39 
OBJECT_ADD 40481137,29598254,44.000000,39 
OBJECT_ADD 40480805,29588346,44.000000,324 
OBJECT_ADD 40480656,29588480,44.000000,324 
OBJECT_ADD 40480553,29588609,44.000000,324 
OBJECT_ADD 40480914,29588211,43.000000,324 
OBJECT_ADD 40481366,29588676,42.000000,324 
OBJECT_ADD 40481260,29588778,42.000000,324 
OBJECT_ADD 40481142,29588896,44.000000,324 
OBJECT_ADD 40481053,29589347,0.000000,74 
OBJECT_ADD 40483694,29580664,44.000000,347 
OBJECT_ADD 40504784,29579927,0.000000,350 
OBJECT_ADD 40500872,29573073,0.000000,350 
OBJECT_ADD 40501740,29573009,0.000000,350 
OBJECT_ADD 40476371,29597204,143.000000,350 
OBJECT_ADD 40439310,29590957,264.000000,62 
OBJECT_ADD 40422476,29573679,11.000000,63 
OBJECT_ADD 40422771,29490996,33.000000,63 
OBJECT_ADD 40531989,29498282,-55.000000,62 
OBJECT_ADD 40372094,29553040,55.000000,63 
OBJECT_ADD 40372771,29625428,33.000000,62 
OBJECT_ADD 40364364,29618203,88.000000,63 
OBJECT_ADD 40419972,29635644,165.000000,62 
OBJECT_ADD 40625835,29624687,-33.000000,63 
OBJECT_ADD 40577242,29724310,-33.000000,63 
OBJECT_ADD 40582090,29723063,176.000000,62 
OBJECT_ADD 40590627,29724816,66.000000,63 
OBJECT_ADD 40584874,29727023,0.000000,63 
OBJECT_ADD 40586717,29723493,132.000000,62 
OBJECT_ADD 40422189,29703902,319.000000,63 
OBJECT_ADD 40495394,29775346,11.000000,62 #Peuplinge



