
#Portland
OBJECT_ADD 13763633,26007652,-45.000000,129 #Portland
OBJECT_ADD 13833377,25624391,0.000000,118
OBJECT_ADD 13820194,25617177,0.000000,62
OBJECT_ADD 13817008,25614638,0.000000,63
OBJECT_ADD 13859934,25616556,0.000000,62
OBJECT_ADD 13864567,25616096,0.000000,63
OBJECT_ADD 13867511,25616831,0.000000,62
OBJECT_ADD 13869665,25620596,-77.000000,62
OBJECT_ADD 13869505,25624128,-77.000000,63
OBJECT_ADD 13810630,25618112,-286.000000,62
OBJECT_ADD 13812770,25615449,-154.000000,63
OBJECT_ADD 13805194,25626525,0.000000,63
OBJECT_ADD 13782821,25626619,33.000000,62
OBJECT_ADD 13774526,25632716,0.000000,63
OBJECT_ADD 13768591,25634237,-286.000000,62
OBJECT_ADD 13768148,25646049,0.000000,63
OBJECT_ADD 13677961,25874558,-45.000000,350 
OBJECT_ADD 13678391,25874949,-45.000000,350 
OBJECT_ADD 13675431,25870009,-62.000000,164 
OBJECT_ADD 13674879,25868938,-62.000000,164 
OBJECT_ADD 13674246,25867756,-63.000000,164 
OBJECT_ADD 13672721,25866376,-86.000000,349 
OBJECT_ADD 13672823,25866942,94.000000,349 
OBJECT_ADD 13676451,25884866,0.000000,63 
OBJECT_ADD 13680861,25884378,0.000000,62 
OBJECT_ADD 13668187,25882831,0.000000,63 
OBJECT_ADD 13624070,25882109,0.000000,62 
OBJECT_ADD 13620934,25882109,0.000000,63 
OBJECT_ADD 13621454,25878456,-176.000000,164 
OBJECT_ADD 13622854,25878416,184.000000,164 
OBJECT_ADD 13637957,25882482,0.000000,62 
OBJECT_ADD 13634741,25882461,0.000000,62 
OBJECT_ADD 13631604,25883028,-171.000000,63 
OBJECT_ADD 13617889,25883129,49.000000,63 
OBJECT_ADD 13738108,25964130,-171.000000,164 
OBJECT_ADD 13736764,25964322,-171.000000,164 
OBJECT_ADD 13735420,25964514,-171.000000,164 
OBJECT_ADD 13733874,25965858,-135.000000,350 
OBJECT_ADD 13733382,25966268,-135.000000,350 
OBJECT_ADD 13747306,25959988,-513.000000,62 
OBJECT_ADD 13651315,25806605,81.000000,62 
OBJECT_ADD 13651235,25816950,-72.000000,63 
OBJECT_ADD 13685625,25819948,-90.000000,50 
OBJECT_ADD 13685948,25818471,-27.000000,349 
OBJECT_ADD 13714502,25812068,-90.000000,350 
OBJECT_ADD 13714502,25812644,-90.000000,350 
OBJECT_ADD 13716998,25812452,-90.000000,164 
OBJECT_ADD 13717046,25811204,-90.000000,164 
OBJECT_ADD 13713729,25809248,0.000000,26 
OBJECT_ADD 13687726,25718026,0.000000,62 
OBJECT_ADD 13711032,25686436,-114.000000,62 
OBJECT_ADD 13775319,25657955,0.000000,350 
OBJECT_ADD 13770839,25649356,90.000000,350 
OBJECT_ADD 13770839,25648684,88.000000,350
OBJECT_ADD 13871132,25643977,0.000000,62 
OBJECT_ADD 13893115,25640939,0.000000,63 
OBJECT_ADD 13865020,25623820,154.000000,349 
OBJECT_ADD 13867663,25667226,-286.000000,350 
OBJECT_ADD 13870363,25667226,0.000000,50 
OBJECT_ADD 13869684,25666781,-99.000000,350 
OBJECT_ADD 13865933,25645783,6.000000,164 
OBJECT_ADD 13864813,25645951,6.000000,164 
OBJECT_ADD 13867109,25645615,6.000000,164 
OBJECT_ADD 13863335,25646170,6.000000,50   #Portland



