
#Sheerness
OBJECT_ADD 33918621,34716599,-45.000000,164 #Sheerness
OBJECT_ADD 33920279,34717326,-44.000000,50 
OBJECT_ADD 33923728,34718667,-44.000000,349 
OBJECT_ADD 33921184,34717115,-110.000000,350 
OBJECT_ADD 33920304,34714897,-312.000000,164 
OBJECT_ADD 33892541,34736953,-128.000000,50 
OBJECT_ADD 33893485,34737854,52.000000,50 
OBJECT_ADD 33910007,34722841,51.000000,164 
OBJECT_ADD 33909129,34723915,50.000000,164 
OBJECT_ADD 33910977,34721675,50.000000,164 
OBJECT_ADD 33911985,34720443,50.000000,164 
OBJECT_ADD 33916326,34722728,-44.000000,350 
OBJECT_ADD 33915878,34722280,-44.000000,350 
OBJECT_ADD 33915416,34721846,-44.000000,349 #Sheerness



