
#Southampton
OBJECT_ADD 20149039,28869083,0.000000,164 #Southampton
OBJECT_ADD 20147314,28869331,0.000000,164 
OBJECT_ADD 20145492,28869518,0.000000,164 
OBJECT_ADD 20169513,28896976,-44.000000,164 
OBJECT_ADD 20168388,28895851,-44.000000,164 
OBJECT_ADD 20171313,28894051,-44.000000,164 
OBJECT_ADD 20174862,28889238,-33.000000,62 
OBJECT_ADD 20130687,28932114,248.000000,164 
OBJECT_ADD 20130039,28933947,-109.000000,164 
OBJECT_ADD 20131319,28930327,-109.000000,164 
OBJECT_ADD 20110655,28848940,64.000000,164 
OBJECT_ADD 20109871,28850732,66.000000,164 
OBJECT_ADD 20207210,28853797,-110.000000,164 
OBJECT_ADD 20207882,28852453,249.000000,164 
OBJECT_ADD 20208554,28849037,-89.000000,164 
OBJECT_ADD 20066448,29132491,-152.000000,124 
OBJECT_ADD 20080769,29123030,117.000000,124 
OBJECT_ADD 20050427,29129116,-244.000000,124 
OBJECT_ADD 20228355,29060740,22.000000,128 
OBJECT_ADD 20449580,28898182,-56.000000,128 
OBJECT_ADD 20502334,28866465,-91.000000,50 
OBJECT_ADD 20504757,28867206,-54.000000,164 
OBJECT_ADD 20505485,28868214,-54.000000,164 
OBJECT_ADD 20506269,28869278,-54.000000,164 
OBJECT_ADD 20485262,28867678,-133.000000,350 
OBJECT_ADD 20485934,28867230,-132.000000,349 
OBJECT_ADD 20474650,28829651,-39.000000,124 
OBJECT_ADD 20634668,28842029,-120.000000,129 
OBJECT_ADD 20629940,28856293,-30.000000,124 
OBJECT_ADD 20652417,28852986,-112.000000,128 
OBJECT_ADD 20675555,28865432,-12.000000,129 
OBJECT_ADD 20647891,28862785,-113.000000,128 
OBJECT_ADD 20804019,28712149,0.000000,129 
OBJECT_ADD 20785443,28721269,37.000000,128 
OBJECT_ADD 20794419,28712101,0.000000,129 
OBJECT_ADD 20773293,28676724,83.000000,129 
OBJECT_ADD 20818247,28649097,-5.000000,129 
OBJECT_ADD 20812007,28670793,0.000000,164 
OBJECT_ADD 20829276,28660995,49.000000,129 
OBJECT_ADD 20731312,28725213,-89.000000,124 
OBJECT_ADD 20722457,28718322,0.000000,350 
OBJECT_ADD 20723126,28718716,0.000000,350 
OBJECT_ADD 20723702,28718716,0.000000,350 
OBJECT_ADD 20724278,28718716,0.000000,349 
OBJECT_ADD 20721708,28718169,-202.000000,350 
OBJECT_ADD 20779078,28704326,-27.000000,164 
OBJECT_ADD 20777734,28703558,-27.000000,164 
OBJECT_ADD 20524426,28920559,-91.000000,128 
OBJECT_ADD 20526626,28914632,38.000000,50 
OBJECT_ADD 20566206,28904911,-85.000000,26 
OBJECT_ADD 20584116,28859039,0.000000,164 
OBJECT_ADD 20585460,28859039,0.000000,164 
OBJECT_ADD 20582772,28859039,0.000000,164 
OBJECT_ADD 20584116,28856351,-54.000000,164 
OBJECT_ADD 20583156,28855007,-54.000000,164 
OBJECT_ADD 20484768,28816574,87.000000,164 
OBJECT_ADD 20484672,28818110,88.000000,164 
OBJECT_ADD 20484554,28819571,88.000000,164 
OBJECT_ADD 20484458,28821107,88.000000,164 #Southampton



