
#Stapleford
OBJECT_ADD 30163582,36679856,-67.000000,62 #Stapleford
OBJECT_ADD 30160113,36676505,-33.000000,63 
OBJECT_ADD 30183385,36732661,-169.000000,42 
OBJECT_ADD 30182541,36729496,-170.000000,187 
OBJECT_ADD 30176301,36696005,0.000000,42 
OBJECT_ADD 30171213,36696041,0.000000,42 
OBJECT_ADD 30180132,36696145,-32.000000,62 
OBJECT_ADD 30170622,36698595,-568.000000,350 
OBJECT_ADD 30170054,36698525,150.000000,349 
OBJECT_ADD 30173338,36717268,0.000000,50 
OBJECT_ADD 30173548,36716240,-91.000000,50 
OBJECT_ADD 30173073,36720449,-90.000000,96 
OBJECT_ADD 30173082,36723399,-46.000000,50 
OBJECT_ADD 30171023,36719305,92.000000,350 
OBJECT_ADD 30171023,36719753,88.000000,350 #Stapleford



