
OBJECT_ADD 24880500,28454591,-270.000000,26 #Tangmere
OBJECT_ADD 24877894,28450663,55.000000,62
OBJECT_ADD 24854456,28448269,-33.000000,63
OBJECT_ADD 24894930,28442414,132.000000,62
OBJECT_ADD 24920867,28446461,0.000000,63
OBJECT_ADD 24922217,28444301,-44.000000,62
OBJECT_ADD 24934601,28448041,66.000000,63
OBJECT_ADD 24945432,28489189,0.000000,62
OBJECT_ADD 24944850,28486847,44.000000,63
OBJECT_ADD 24942738,28488146,110.000000,62
OBJECT_ADD 24937269,28488004,66.000000,63
OBJECT_ADD 24947163,28492071,132.000000,62
OBJECT_ADD 24947419,28487686,77.000000,62
OBJECT_ADD 24942854,28517065,33.000000,62
OBJECT_ADD 24918517,28520057,44.000000,63
OBJECT_ADD 24901338,28538471,77.000000,63
OBJECT_ADD 24869327,28535168,22.000000,62
OBJECT_ADD 24818880,28521592,-253.000000,62
OBJECT_ADD 24826078,28536730,0.000000,62
OBJECT_ADD 24847364,28540430,66.000000,62
OBJECT_ADD 24845020,28540928,0.000000,63
OBJECT_ADD 24848975,28537638,-88.000000,62
OBJECT_ADD 24882888,28564564,0.000000,62
OBJECT_ADD 24900458,28566284,0.000000,63
OBJECT_ADD 24926611,28579684,143.000000,62
OBJECT_ADD 24924982,28576237,-44.000000,63
OBJECT_ADD 24957596,28505492,154.000000,62
OBJECT_ADD 24953593,28492926,-99.000000,63
OBJECT_ADD 24842599,28520805,-6.000000,78
OBJECT_ADD 24845025,28520989,-6.000000,78
OBJECT_ADD 24832937,28515536,86.000000,349
OBJECT_ADD 24853187,28398662,0.000000,62
OBJECT_ADD 24839580,28401459,44.000000,63
OBJECT_ADD 24826408,28419306,0.000000,62
OBJECT_ADD 24843599,28421779,0.000000,63
OBJECT_ADD 24802025,28492105,0.000000,62
OBJECT_ADD 24800608,28497848,37.000000,56
OBJECT_ADD 24804401,28521811,55.000000,59
OBJECT_ADD 24801732,28525156,275.000000,62
OBJECT_ADD 24807547,28546545,-66.000000,63
OBJECT_ADD 24802461,28562623,0.000000,62
OBJECT_ADD 24798301,28560836,22.000000,63
OBJECT_ADD 24844432,28595000,-231.000000,62
OBJECT_ADD 24846272,28598739,0.000000,59
OBJECT_ADD 24855227,28617544,22.000000,63
OBJECT_ADD 24849250,28605472,-24.000000,57
OBJECT_ADD 24790880,28547153,124.000000,55
OBJECT_ADD 24793436,28545821,88.000000,63
OBJECT_ADD 24827671,28606837,-11.000000,57
OBJECT_ADD 24827279,28616649,0.000000,59
OBJECT_ADD 24829091,28616881,151.000000,62
OBJECT_ADD 24754985,28601916,0.000000,62
OBJECT_ADD 24643171,28593948,90.000000,63
OBJECT_ADD 24584670,28550729,135.000000,62
OBJECT_ADD 24567936,28631519,102.000000,349
OBJECT_ADD 24565960,28642250,0.000000,63
OBJECT_ADD 24826999,28515729,0.000000,350 
OBJECT_ADD 24827504,28515704,2.000000,350 
OBJECT_ADD 24837302,28522054,0.000000,26 
OBJECT_ADD 24826291,28531029,116.000000,350 
OBJECT_ADD 24826547,28531572,117.000000,350 
OBJECT_ADD 24826862,28532058,-242.000000,349 
OBJECT_ADD 24827103,28532585,116.000000,349 
OBJECT_ADD 24827949,28534833,-514.000000,50
OBJECT_ADD 24958458,28339928,-40.000000,57 
OBJECT_ADD 24956776,28336182,-44.000000,55 
OBJECT_ADD 24959522,28336823,0.000000,62 
OBJECT_ADD 25045644,28323236,-70.000000,62 
OBJECT_ADD 25042589,28326859,0.000000,63 
OBJECT_ADD 25041470,28322233,0.000000,62 
OBJECT_ADD 25040554,28325158,-55.000000,63 
OBJECT_ADD 25040268,28328973,-99.000000,63 
OBJECT_ADD 25037926,28327803,66.000000,62 
OBJECT_ADD 25361720,28239446,18.000000,57 
OBJECT_ADD 25360656,28239782,18.000000,57 
OBJECT_ADD 25126896,28588082,-198.000000,59 
OBJECT_ADD 25128464,28588698,-194.000000,59 
OBJECT_ADD 25126982,28584377,-11.000000,62 
OBJECT_ADD 25124251,28587026,-132.000000,55 
OBJECT_ADD 25129634,28589350,-121.000000,63 
OBJECT_ADD 25125404,28588518,110.000000,62  #Tangmere
OBJECT_ADD 24845493,28525810,-8.000000,16 
OBJECT_ADD 24840929,28525145,-8.000000,16 
OBJECT_ADD 24832459,28529226,-8.000000,16 
OBJECT_ADD 24831800,28533943,-8.000000,16 
OBJECT_ADD 24829307,28527831,-8.000000,16 
OBJECT_ADD 24830820,28530784,-66.000000,16 
OBJECT_ADD 24836289,28534667,-10.000000,16 
OBJECT_ADD 24840641,28535377,-98.000000,16 
OBJECT_ADD 24841824,28514406,-7.000000,16 
OBJECT_ADD 24846711,28515067,-8.000000,16 
OBJECT_ADD 24839065,28518960,-6.000000,16 
OBJECT_ADD 24836997,28513760,-8.000000,16 
OBJECT_ADD 24824837,28512481,-7.000000,16 
OBJECT_ADD 24826159,28527514,24.000000,16 
OBJECT_ADD 24824177,28523258,-64.000000,16 
OBJECT_ADD 24843860,28535854,-8.000000,16 
OBJECT_ADD 24843021,28518674,-275.000000,78 
OBJECT_ADD 24844612,28519431,85.000000,350 
OBJECT_ADD 24832663,28512629,-8.000000,162 
OBJECT_ADD 24846927,28517120,-8.000000,162 
OBJECT_ADD 24823740,28516656,-9.000000,162 
OBJECT_ADD 24823119,28520508,-10.000000,162 

