
#Warmwell
OBJECT_ADD 14533051,26603483,0.000000,62 #Warmwell
OBJECT_ADD 14537489,26602143,45.000000,63 
OBJECT_ADD 14544167,26611870,-45.000000,63 
OBJECT_ADD 14559513,26639533,-27.000000,57 
OBJECT_ADD 14559237,26646098,23.000000,62 
OBJECT_ADD 14548516,26633594,-77.000000,63 
OBJECT_ADD 14555438,26692184,0.000000,63 
OBJECT_ADD 14554698,26750558,0.000000,62 
OBJECT_ADD 14547562,26837314,0.000000,62 
OBJECT_ADD 14551182,26839097,-110.000000,63 
OBJECT_ADD 14523168,26869007,0.000000,62 
OBJECT_ADD 14519859,26870620,0.000000,63 
OBJECT_ADD 14531664,26885659,-11.000000,62 
OBJECT_ADD 14533894,26890963,0.000000,63 
OBJECT_ADD 14529022,26885448,-110.000000,62 
OBJECT_ADD 14526869,26924445,33.000000,63 
OBJECT_ADD 14515417,26902840,-110.000000,347 
OBJECT_ADD 14503877,26693514,-90.000000,62 
OBJECT_ADD 14409904,26754918,0.000000,62 
OBJECT_ADD 14379708,26793657,0.000000,63 
OBJECT_ADD 14378750,26797994,0.000000,57 
OBJECT_ADD 14380699,26799725,0.000000,59 
OBJECT_ADD 14425866,26691860,0.000000,63 
OBJECT_ADD 14392986,26707541,-45.000000,62 
OBJECT_ADD 14318400,26676127,90.000000,62 
OBJECT_ADD 14382236,26797774,-90.000000,63 
OBJECT_ADD 14378670,26799648,0.000000,62 
OBJECT_ADD 14376698,26942906,8.000000,349 
OBJECT_ADD 14375989,26957626,-44.000000,62 
OBJECT_ADD 14378144,26959929,-176.000000,62 
OBJECT_ADD 14382574,26954938,0.000000,63 
OBJECT_ADD 14405110,27003401,0.000000,62 
OBJECT_ADD 14373918,26985750,0.000000,63 
OBJECT_ADD 14404004,26964607,-143.000000,62 
OBJECT_ADD 14402746,26968108,22.000000,62 
OBJECT_ADD 14424561,26962021,0.000000,62 
OBJECT_ADD 14453093,27012449,-11.000000,62 
OBJECT_ADD 14467842,27044374,132.000000,63 
OBJECT_ADD 14449361,27077531,-69.000000,57 
OBJECT_ADD 14452035,27077624,32.000000,63 
OBJECT_ADD 14432221,27088742,-20.000000,62 
OBJECT_ADD 14408067,27054199,0.000000,62 
OBJECT_ADD 14447605,26978133,0.000000,63 
OBJECT_ADD 14440840,26956762,-88.000000,62 
OBJECT_ADD 14442793,26958982,22.000000,63 
OBJECT_ADD 14521709,26971614,55.000000,63 
OBJECT_ADD 14483986,26895271,-71.000000,26 
OBJECT_ADD 14505415,26940868,16.000000,62 
OBJECT_ADD 14583810,26927401,-143.000000,63 
OBJECT_ADD 14681792,26912968,-88.000000,57 
OBJECT_ADD 14681792,26914984,-88.000000,59 
OBJECT_ADD 14680307,26916120,0.000000,62 
OBJECT_ADD 14683077,26915642,-77.000000,63 
OBJECT_ADD 14679088,26912030,11.000000,63 
OBJECT_ADD 14566696,27071998,0.000000,62 
OBJECT_ADD 14505948,27112186,44.000000,63 
OBJECT_ADD 14612753,27218886,66.000000,62 
OBJECT_ADD 14788843,27087273,0.000000,62 
OBJECT_ADD 14780139,27044229,0.000000,63 
OBJECT_ADD 14877950,27016130,-55.000000,62 #Warmwell



